#x,Ay
1    -0
2    8.5199685e-26
3    2.5713199e-25
4    5.30803685e-25
5    -3.74442915e-25
6    -1.03837115e-25
7    -5.0659923e-25
8    -6.17616995e-25
9    -8.654706e-25
10    -6.6925315e-25
11    -5.8921709e-25
12    -7.04107565e-25
13    -1.09783336e-24
14    -1.243705535e-24
15    -1.11332421e-24
16    -9.43570305e-25
17    -9.78424718e-25
18    -9.55188441e-25
19    -9.242067425e-25
20    -1.0042428175e-24
21    -8.248071275e-25
22    -5.717898975e-25
23    -4.323722275e-25
24    -7.176620575e-25
25    -8.919341225e-25
26    -8.66116035e-25
27    -8.74184185e-25
28    -6.1600335e-25
29    -6.121306403e-25
30    -5.553308503e-25
31    -6.844212853e-25
32    -7.128211773e-25
33    -6.766758618e-25
34    -6.508577783e-25
35    -5.940579883e-25
36    -5.269309683e-25
37    -4.443130933e-25
38    -4.752947918e-25
39    -4.856220278e-25
40    -4.85622029222e-25
41    -4.85622028834e-25
42    -4.85622028834e-25
43    -4.856220278e-25
44    -4.85622026637e-25
45    -4.85622027251e-25
46    -4.85622026217e-25
47    -4.85622027671e-25
48    -4.85622028123e-25
49    -4.85622026055e-25
50    -4.85622026314e-25
51    -4.85622025603e-25
52    -4.85622020691e-25
53    -4.8562202431e-25
54    -4.85622022242e-25
55    -4.85622025764e-25
56    -4.8562202473e-25
57    -4.85622026734e-25
58    -4.85622029448e-25
59    -4.85622029448e-25
60    -4.85622029189e-25
61    -4.8562202822e-25
62    -4.85622029914e-25
63    -4.85622027265e-25
64    -4.8562202636e-25
65    -4.85622029397e-25
66    -4.85622032241e-25
67    -4.85622032241e-25
68    -4.85622032434e-25
69    -4.8562203153e-25
70    -4.8562203195e-25
71    -4.85622029268e-25
72    -4.85622029559e-25
73    -4.85622029979e-25
74    -4.85622028622e-25
75    -4.85622028525e-25
76    -4.85622029591e-25
77    -4.85622030883e-25
78    -4.85622031788e-25
79    -4.85622032014e-25
80    -4.85622031303e-25
81    -4.85622030625e-25
82    -4.85622030463e-25
83    -4.85622031562e-25
84    -4.85622031465e-25
85    -4.8562203182e-25
86    -4.85622031885e-25
87    -4.85622032402e-25
88    -4.85622032483e-25
89    -4.85622032854e-25
90    -4.85622032208e-25
91    -4.85622032144e-25
92    -4.85622032208e-25
93    -4.85622032531e-25
94    -4.85622032176e-25
95    -4.85622031966e-25
96    -4.85622032063e-25
97    -4.85622032071e-25
98    -4.85622032241e-25
99    -4.85622032006e-25
100    -4.85622031845e-25
101    -4.85622032123e-25
102    -4.85622032172e-25
103    -4.85622032232e-25
104    -4.85622032216e-25
105    -4.85622032224e-25
106    -4.85622032227e-25
107    -4.85622032225e-25
108    -4.85622032225e-25
109    -4.85622032225e-25
110    -4.85622032225e-25
111    -4.85622032225e-25
112    -4.85622032225e-25
113    -4.85622032225e-25
114    -4.85622032225e-25
115    -4.85622032225e-25
116    -4.85622032225e-25
117    -4.85622032225e-25
118    -4.85622032225e-25
119    -4.85622032225e-25
120    -4.85622032225e-25
121    -4.85622032225e-25
122    -4.85622032225e-25
123    -4.85622032225e-25
124    -4.85622032225e-25
125    -4.85622032225e-25
126    -4.85622032225e-25
127    -4.85622032225e-25
128    -4.85622032225e-25
129    -4.85622032225e-25
130    -4.85622032225e-25
131    -4.85622032225e-25
132    -4.85622032225e-25
133    -4.85622032225e-25
134    -4.85622032225e-25
135    -4.85622032225e-25
136    -4.85622032225e-25
137    -4.85622032225e-25
138    -4.85622032225e-25
139    -4.85622032225e-25
140    -4.85622032225e-25
141    -4.85622032225e-25
142    -4.85622032225e-25
143    -4.85622032225e-25
144    -4.85622032225e-25
145    -4.85622032225e-25
146    -4.85622032225e-25
147    -4.85622032225e-25
148    -4.85622032225e-25
149    -4.85622032225e-25
150    -4.85622032225e-25
151    -4.85622032225e-25
152    -4.85622032225e-25
153    -4.85622032225e-25
154    -4.85622032225e-25
155    -4.85622032225e-25
156    -4.85622032225e-25
157    -4.85622032225e-25
158    -4.85622032225e-25
159    -4.85622032225e-25
160    -4.85622032225e-25
161    -4.85622032225e-25
162    -4.85622032225e-25
163    -4.85622032225e-25
164    -4.85622032225e-25
165    -4.85622032225e-25
166    -4.85622032225e-25
167    -4.85622032225e-25
168    -4.85622032225e-25
169    -4.85622032225e-25
170    -4.85622032225e-25
171    -4.85622032225e-25
172    -4.85622032225e-25
173    -4.85622032225e-25
174    -4.85622032225e-25
175    -4.85622032225e-25
176    -4.85622032225e-25
177    -4.85622032225e-25
178    -4.85622032225e-25
179    -4.85622032225e-25
180    -4.85622032225e-25
181    -4.85622032225e-25
182    -4.85622032225e-25
183    -4.85622032225e-25
184    -4.85622032225e-25
185    -4.85622032225e-25
186    -4.85622032225e-25
187    -4.85622032225e-25
188    -4.85622032225e-25
189    -4.85622032225e-25
190    -4.85622032225e-25
191    -4.85622032225e-25
192    -4.85622032225e-25
193    -4.85622032225e-25
194    -4.85622032225e-25
195    -4.85622032225e-25
196    -4.85622032225e-25
197    -4.85622032225e-25
198    -4.85622032224e-25
199    -4.85622032227e-25
200    -4.85622032226e-25
201    -4.85622032226e-25
202    -4.85622032226e-25
203    -4.85622032226e-25
204    -4.85622032226e-25
205    -4.85622032225e-25
206    -4.85622032227e-25
207    -4.85622032224e-25
208    -4.85622033063e-25
209    -4.85622036606e-25
210    -4.85621996942e-25
211    -4.85622000712e-25
212    -4.85624387819e-25
213    -4.85627953091e-25
214    -4.85712539666e-25
215    -4.85293058831e-25
216    -4.87481860181e-25
217    -4.95486979181e-25
218    -5.49851189181e-25
219    -6.71336991809e-26
220    2.39462065082e-24
221    -9.66242434918e-24
222    6.57676956508e-23
223    -4.11185274349e-22
224    -4.02559332435e-21
225    -9.84982282435e-21
226    2.35991801757e-20
227    -2.39128299824e-19
228    -4.92843448243e-20
229    2.53082540518e-18
230    4.76157725518e-18
231    4.75844202552e-17
232    -6.03146397448e-17
233    1.25249336026e-15
234    2.24147421026e-15
235    1.13218012103e-14
236    5.80728027103e-14
237    -7.04053228974e-15
238    -2.2770732229e-13
239    -6.0463725229e-13
240    2.76280429771e-12
241    3.73595574771e-12
242    -1.24582817523e-11
243    -6.9459125229e-13
244    7.47928687477e-11
245    2.24007788748e-10
246    -6.19997712523e-11
247    -3.80754871252e-10
248    5.52119128748e-10
249    -7.45087125229e-12
250    4.62462712875e-09
251    3.40883312875e-09
252    1.20102231287e-08
253    2.73860481287e-08
254    2.70924567337e-08
255    -9.90893826625e-09
256    -3.00825332663e-08
257    -7.49949432663e-08
258    -1.00552038266e-07
259    -1.11106838266e-07
260    -9.10495182663e-08
261    -7.70064882663e-08
262    -5.24842382663e-08
263    -1.15361238266e-07
264    -8.04178982663e-08
265    6.25301733748e-10
266    2.11070217337e-08
267    6.31489067337e-08
268    8.84627367337e-08
269    5.12898367337e-08
270    7.96607717337e-08
271    6.47311517337e-08
272    1.33998651734e-07
273    2.40274851734e-07
274    2.60669366734e-07
275    2.15268601734e-07
276    1.43797701734e-07
277    8.79160173375e-09
278    8.33813130875e-09
279    5.01154963087e-08
280    8.09776063087e-08
281    1.33318506309e-07
282    1.09017176309e-07
283    3.01352263087e-08
284    1.11806326309e-07
285    7.17381963087e-08
286    1.97199963087e-08
287    1.13701246309e-07
288    -2.62756036913e-08
289    8.21618463087e-08
290    -2.96359036913e-08
291    -1.35457153691e-07
292    -2.32408036913e-08
293    3.87435963087e-08
294    1.46436846309e-07
295    3.65172096309e-07
296    2.56618396309e-07
297    3.19955546309e-07
298    3.84476146309e-07
299    5.72026596309e-07
300    5.80096036309e-07
301    7.24531986309e-07
302    7.92564086309e-07
303    8.27260341309e-07
304    1.01590379131e-06
305    1.15659569131e-06
306    9.94462791309e-07
307    8.95838891309e-07
308    1.10534194131e-06
309    1.05435564131e-06
310    1.19404469131e-06
311    1.21836927631e-06
312    1.38175792631e-06
313    1.47526572631e-06
314    1.41694252631e-06
315    1.46915257631e-06
316    1.28583447631e-06
317    1.41238742631e-06
318    1.65393567631e-06
319    1.60872822131e-06
320    1.31553087131e-06
321    1.36538929631e-06
322    1.39796935631e-06
323    1.40230638981e-06
324    1.48532623981e-06
325    1.49713970981e-06
326    1.63550615981e-06
327    1.64251749981e-06
328    1.55189329981e-06
329    1.58067118481e-06
330    1.44060713481e-06
331    1.64647083481e-06
332    1.42768908481e-06
333    1.48512858481e-06
334    1.40155058481e-06
335    1.34415758481e-06
336    1.12488748481e-06
337    1.04093743481e-06
338    8.24713734809e-07
339    1.17716443481e-06
340    1.20600046481e-06
341    1.25102188981e-06
342    1.03389123981e-06
343    0.114007673891
344    9.56064367389
345    79.9908586739
346    339.912513674
347    889.775313674
348    1847.73181367
349    3262.06556367
350    5286.76736367
351    8780.51971367
352    30378.8837137
353    38039.7012137
354    35520.1244637
355    37039.2555137
356    34853.1141637
357    34554.9127287
358    34976.8607737
359    35453.5782387
360    34967.8100037
361    35165.1684137
362    35238.1586287
363    35179.1921137
364    35399.5563387
365    35189.5446487
366    35091.2647437
367    35470.1726387
368    34988.0826137
369    35050.7628137
370    35446.7429987
371    35320.1154887
372    35265.6246687
373    35429.3492137
374    35163.8006587
375    35435.7736037
376    35185.7234537
377    35263.8768387
378    35600.3132037
379    35401.8736787
380    35534.7489037
381    35303.0953837
382    35358.6079387
383    35659.6345887
384    35288.8709337
385    35226.3497587
386    35607.1722437
387    35336.0644737
388    35277.9992937
389    35476.9187287
390    35441.9985292
391    35232.3557242
392    35430.8218742
393    35561.4599642
394    35453.6432092
395    35465.6026232
396    35280.1014382
397    35380.4341132
398    35423.3483737
399    35544.5781237
400    35632.7857487
401    35394.1463787
402    35437.1503337
403    35634.2449787
404    35671.6277702
405    35477.1812902
406    35589.0665602
407    35557.1632387
408    35723.5260487
409    35596.3913087
410    35438.9073187
411    35609.8436487
412    35517.9049987
413    35472.6729732
414    35574.4547932
415    35548.2892047
416    35231.8206547
417    35506.7969947
418    35640.9911297
419    35445.0445497
420    35348.8778547
421    35570.0085047
422    35479.3753097
423    35454.8358282
424    35546.7345232
425    35367.4517032
426    35390.6387242
427    35677.8093842
428    35470.5567592
429    35394.7217592
430    35752.0587642
431    35705.5631177
432    35450.3589477
433    35590.5613527
434    35514.8572877
435    35794.8694527
436    35848.3173777
437    35466.7426627
438    35621.5193327
439    35777.2410177
440    35744.0225652
441    35561.2915452
442    35583.5262767
443    35759.0623217
444    35655.6838167
445    35576.4936817
446    35444.0104767
447    35632.6446717
448    35772.2339067
449    35635.1478917
450    35382.8058467
451    35547.7923367
452    35591.9789302
453    35813.0797402
454    35525.7209702
455    35768.2856002
456    35658.0118102
457    35804.8352552
458    36006.2839902
459    35803.8310602
460    35668.1113002
461    35764.6111152
462    35874.1485902
463    35885.0894222
464    35540.3320522
465    35634.9046772
466    35598.6806672
467    35873.4079072
468    35531.0942722
469    35583.5156722
470    35624.9936112
471    35577.9583217
472    35537.0912292
473    35638.5077292
474    35752.8279192
475    35646.1438742
476    35384.1089692
477    35446.6403342
478    35524.5402442
479    35466.4806592
480    35146.8430542
481    35460.0838942
482    35665.9909592
483    35457.9281892
484    35546.0353392
485    35369.4408892
486    35501.9122692
487    35613.1830992
488    35306.5959642
489    35512.8564542
490    35397.6146542
491    35356.8981437
492    35666.7848337
493    35592.9846237
494    35455.4469537
495    35581.1058037
496    35340.2169737
497    35427.8889337
498    35617.1243987
499    35214.0709537
500    35342.9482237
501    35360.7853207
502    35433.7585557
503    35614.4744457
504    35321.6899057
505    35315.4392402
506    35600.7722302
507    35317.4839402
508    35480.4556202
509    35618.9581452
510    35713.6613902
511    35261.9094152
512    35075.6060902
513    35523.0707452
514    35473.7643722
515    35341.5533672
516    35240.5231322
517    35366.9283022
518    35541.2939572
519    35479.8079872
520    35253.8392222
521    35528.1049872
522    35412.8253322
523    35474.7606072
524    35588.1155422
525    35387.7961172
526    35385.1265618
527    35514.4009118
528    35434.3711368
529    35374.4177918
530    35433.3577168
531    35423.9655593
532    35395.9454353
533    35446.5933753
534    35354.0128203
535    35296.1766503
536    35225.7806603
537    35311.4078153
538    35356.8293473
539    35259.5761873
540    35278.4884128
541    35394.3034878
542    35322.1002778
543    35360.3038643
544    35213.0734493
545    35578.4948143
546    35398.9817793
547    35340.3852393
548    35600.3308943
549    35687.3362543
550    35649.4830423
551    35430.8814673
552    35451.4233923
553    35879.1130073
554    35926.7306098
555    35539.5963098
556    35522.1896218
557    35578.0805718
558    35781.3131968
559    35705.0533068
560    35561.7029718
561    35612.8539318
562    35666.3994718
563    35860.0104718
564    35615.5358768
565    35552.4918018
566    35867.2072668
567    35835.8085723
568    35737.7340623
569    35591.7316323
570    35733.4299873
571    35680.4226473
572    35791.0237223
573    35744.3295883
574    35531.4580083
575    35615.7442433
576    35724.3595633
577    35684.0771183
578    35509.0281283
579    35375.8143183
580    35476.7752283
581    35661.0284633
582    35646.8657703
583    35592.2183053
584    35432.3106003
585    35538.8867603
586    35635.1683503
587    35435.0952353
588    35404.8722898
589    35566.4598498
590    35245.0503148
591    35371.5681998
592    35475.6906898
593    35372.9412998
594    35339.4901663
595    35374.7578553
596    35119.1110553
597    35361.3860153
598    35520.9198203
599    35262.8985253
600    35151.4043703
601    35450.5445503
602    35397.1696203
603    35505.8351603
604    35252.1709653
605    35237.1529263
606    35438.7286363
607    35345.1247163
608    35325.7417683
609    35276.4708613
610    35376.3361963
611    35471.6917313
612    35335.4001563
613    35078.6728713
614    35240.1735613
615    35254.1068363
616    35166.9060463
617    35234.0178413
618    35215.9169813
619    34711.1079313
620    35074.3059013
621    35230.6237913
622    34969.1879913
623    34968.2817766
624    35144.8632866
625    35058.5928716
626    34945.4441566
627    35235.2434666
628    35051.4673516
629    35212.0220616
630    35049.9627566
631    35060.9366111
632    34974.3319261
633    35224.6954611
634    35291.9512761
635    35095.2272561
636    34979.4310211
637    35402.4125311
638    35427.8659556
639    34954.9301206
640    35386.9026756
641    35761.8431006
642    35450.0778606
643    35420.5314006
644    35547.6329556
645    35452.1482106
646    35987.7658106
647    35561.8851106
648    35469.6124806
649    35837.8696256
650    35864.5953956
651    35980.9865306
652    35772.3963806
653    35672.5319456
654    35805.0181306
655    35756.8743661
656    35724.3391441
657    35939.6956191
658    35495.3266841
659    35748.5970291
660    35792.6109911
661    35505.4092411
662    35949.6201561
663    35843.5782911
664    35469.0036811
665    35948.1719061
666    35111.1665061
667    34768.2315911
668    35366.5122411
669    34924.1278961
670    36693.0937961
671    35210.9384961
672    38115.2305461
673    30883.5490461
674    9030.15804612
675    5341.16609612
676    3226.30249612
677    1809.13254612
678    875.605096124
679    361.394546124
680    133.822546124
681    77.7541761239
682    75.2778412239
683    75.277841539
684    75.2778415749
685    75.2778412032
686    75.2778411825
687    75.2778409488
688    75.2778411745
689    75.2778412282
690    75.277840805
691    75.2778409421
692    75.277840903
693    75.2778409904
694    75.2778411813
695    75.2778411661
696    75.2778411406
697    75.2778408893
698    75.2778409617
699    75.2778409822
700    75.2778409372
701    75.277841068
702    75.2778408835
703    75.2778407379
704    75.2778406677
705    75.2778404093
706    75.2778407016
707    75.2778406623
708    75.277840834
709    75.2778411039
710    75.2778412668
711    75.2778411477
712    75.2778413319
713    75.2778413009
714    75.2778414608
715    75.2778415588
716    75.2778415051
717    75.2778416109
718    75.2778415471
719    75.2778414777
720    75.2778412864
721    75.2778412359
722    75.2778412181
723    75.2778412414
724    75.2778413108
725    75.2778415242
726    75.2778415124
727    75.2778417202
728    75.2778415889
729    75.2778415146
730    75.277841638
731    75.2778415431
732    75.2778414971
733    75.2778414899
734    75.2778414559
735    75.2778415946
736    75.2778416443
737    75.2778417664
738    75.2778418999
739    75.2778418883
740    75.2778418562
741    75.2778419303
742    75.2778418617
743    75.2778419175
744    75.2778418009
745    75.277841808
746    75.2778418171
747    75.2778418391
748    75.2778416514
749    75.2778416894
750    75.2778416903
751    75.2778417161
752    75.2778416
753    75.2778415928
754    75.2778416319
755    75.2778416177
756    75.2778416997
757    75.2778416853
758    75.2778416751
759    75.2778416221
760    75.277841705
761    75.2778416938
762    75.2778417217
763    75.2778416944
764    75.2778416772
765    75.2778416471
766    75.2778416192
767    75.2778415897
768    75.277841558
769    75.2778415349
770    75.2778415709
771    75.2778415714
772    75.2778415759
773    75.2778415695
774    75.2778415638
775    75.2778415556
776    75.277841564
777    75.2778415607
778    75.2778415602
779    75.2778415601
780    75.2778415598
781    75.2778415597
782    75.2778415596
783    75.2778415596
784    75.2778415596
785    75.2778415596
786    75.2778415596
787    75.2778415596
788    75.2778415596
789    75.2778415596
790    75.2778415596
791    75.2778415596
792    75.2778415596
793    75.2778415596
794    75.2778415596
795    75.2778415596
796    75.2778415596
797    75.2778415596
798    75.2778415596
799    75.2778415596
800    75.2778415596
801    75.2778415596
802    75.2778415596
803    75.2778415596
804    75.2778415596
805    75.2778415596
806    75.2778415596
807    75.2778415596
808    75.2778415596
809    75.2778415596
810    75.2778415596
811    75.2778415596
812    75.2778415596
813    75.2778415596
814    75.2778415596
815    75.2778415596
816    75.2778415596
817    75.2778415596
818    75.2778415596
819    75.2778415596
820    75.2778415596
821    75.2778415596
822    75.2778415596
823    75.2778415596
824    75.2778415596
825    75.2778415596
826    75.2778415596
827    75.2778415596
828    75.2778415596
829    75.2778415596
830    75.2778415596
831    75.2778415596
832    75.2778415596
833    75.2778415596
834    75.2778415596
835    75.2778415596
836    75.2778415596
837    75.2778415596
838    75.2778415596
839    75.2778415596
840    75.2778415596
841    75.2778415596
842    75.2778415596
843    75.2778415596
844    75.2778415596
845    75.2778415596
846    75.2778415596
847    75.2778415596
848    75.2778415596
849    75.2778415596
850    75.2778415596
851    75.2778415596
852    75.2778415596
853    75.2778415596
854    75.2778415596
855    75.2778415596
856    75.2778415596
857    75.2778415596
858    75.2778415596
859    75.2778415596
860    75.2778415596
861    75.2778415596
862    75.2778415596
863    75.2778415596
864    75.2778415596
865    75.2778415596
866    75.2778415596
867    75.2778415596
868    75.2778415596
869    75.2778415596
870    75.2778415596
871    75.2778415596
872    75.2778415596
873    75.2778415596
874    75.2778415596
875    75.2778415596
876    75.2778415596
877    75.2778415596
878    75.2778415596
879    75.2778415596
880    75.2778415596
881    75.2778415596
882    75.2778415596
883    75.2778415596
884    75.2778415596
885    75.2778415596
886    75.2778415596
887    75.2778415596
888    75.2778415596
889    75.2778415596
890    75.2778415596
891    75.2778415596
892    75.2778415596
893    75.2778415596
894    75.2778415596
895    75.2778415596
896    75.2778415596
897    75.2778415596
898    75.2778415596
899    75.2778415596
900    75.2778415596
901    75.2778415596
902    75.2778415596
903    75.2778415596
904    75.2778415596
905    75.2778415596
906    75.2778415596
907    75.2778415596
908    75.2778415596
909    75.2778415596
910    75.2778415596
911    75.2778415596
912    75.2778415596
913    75.2778415596
914    75.2778415596
915    75.2778415596
916    75.2778415596
917    75.2778415596
918    75.2778415596
919    75.2778415596
920    75.2778415596
921    75.2778415596
922    75.2778415596
923    75.2778415596
924    75.2778415596
925    75.2778415596
926    75.2778415596
927    75.2778415596
928    75.2778415596
929    75.2778415596
930    75.2778415596
931    75.2778415596
932    75.2778415596
933    75.2778415596
934    75.2778415596
935    75.2778415596
936    75.2778415596
937    75.2778415596
938    75.2778415596
939    75.2778415596
940    75.2778415596
941    75.2778415596
942    75.2778415596
943    75.2778415596
944    75.2778415596
945    75.2778415596
946    75.2778415596
947    75.2778415596
948    75.2778415596
949    75.2778415596
950    75.2778415596
951    75.2778415596
952    75.2778415596
953    75.2778415596
954    75.2778415596
955    75.2778415596
956    75.2778415596
957    75.2778415596
958    75.2778415596
959    75.2778415596
960    75.2778415596
961    75.2778415596
962    75.2778415596
963    75.2778415596
964    75.2778415596
965    75.2778415596
966    75.2778415596
967    75.2778415596
968    75.2778415596
969    75.2778415596
970    75.2778415596
971    75.2778415596
972    75.2778415596
973    75.2778415596
974    75.2778415596
975    75.2778415596
976    75.2778415596
977    75.2778415596
978    75.2778415596
979    75.2778415596
980    75.2778415596
981    75.2778415596
982    75.2778415596
983    75.2778415596
984    75.2778415596
985    75.2778415596
986    75.2778415596
987    75.2778415596
988    75.2778415596
989    75.2778415596
990    75.2778415596
991    75.2778415596
992    75.2778415596
993    75.2778415596
994    75.2778415596
995    75.2778415596
996    75.2778415596
997    75.2778415596
998    75.2778415596
999    75.2778415596
1000    75.2778415596
1001    75.2778415596
1002    75.2778415596
1003    75.2778415596
1004    75.2778415596
1005    75.2778415596
1006    75.2778415596
1007    75.2778415596
1008    75.2778415596
1009    75.2778415596
1010    75.2778415596
1011    75.2778415596
1012    75.2778415596
1013    75.2778415596
1014    75.2778415596
1015    75.2778415596
1016    75.2778415596
1017    75.2778415596
1018    75.2778415596
1019    75.2778415596
1020    75.2778415596
1021    75.2778415596
1022    75.2778415596
1023    75.2778415596
1024    75.2778415596
