#x,Ay
1    -0
2    -2.731865e-08
3    3.739965e-08
4    1.8309135e-07
5    3.1678355e-07
6    2.7455344e-07
7    3.5679574e-07
8    5.2336014e-07
9    4.83733855e-07
10    4.24838005e-07
11    4.94742105e-07
12    4.79986895e-07
13    6.53718145e-07
14    6.93642385e-07
15    7.2858863e-07
16    6.1847683e-07
17    7.7065958e-07
18    6.3617673e-07
19    5.8892285e-07
20    6.9989505e-07
21    6.3915335e-07
22    7.5049765e-07
23    5.6920275e-07
24    4.1958095e-07
25    5.184141e-07
26    6.7870985e-07
27    9.1886575e-07
28    9.7666135e-07
29    6.7418535e-07
30    4.254281e-07
31    4.9311285e-07
32    4.73695045e-07
33    5.38343545e-07
34    4.68625445e-07
35    6.77872695e-07
36    7.55636945e-07
37    6.82430645e-07
38    6.22776095e-07
39    6.1255558e-07
40    8.9066048e-07
41    7.3064378e-07
42    6.896222e-07
43    8.411044e-07
44    7.424809e-07
45    9.23927e-07
46    9.36763685e-07
47    9.66425265e-07
48    1.158742965e-06
49    1.10921011e-06
50    1.36462406e-06
51    1.3599847145e-06
52    1.2597097645e-06
53    1.2276863645e-06
54    1.3612971645e-06
55    1.2444647145e-06
56    1.2054808445e-06
57    1.2583042445e-06
58    1.1243910945e-06
59    7.254306945e-07
60    7.025479095e-07
61    8.994701095e-07
62    7.923233095e-07
63    6.604682095e-07
64    6.902053695e-07
65    4.257859695e-07
66    6.947677195e-07
67    5.311465195e-07
68    7.935544195e-07
69    8.640631695e-07
70    9.749888695e-07
71    9.620010295e-07
72    1.1579174295e-06
73    1.0766067795e-06
74    8.384304795e-07
75    7.504544295e-07
76    7.625004495e-07
77    8.574965495e-07
78    9.447255495e-07
79    1.0849988995e-06
80    1.1192068045e-06
81    7.953944545e-07
82    6.967705545e-07
83    5.972165045e-07
84    3.267566045e-07
85    4.953776045e-07
86    2.656253545e-07
87    2.404635945e-07
88    2.551054395e-07
89    2.761975995e-07
90    2.115025495e-07
91    1.220410995e-07
92    2.118513995e-07
93    4.890900495e-07
94    5.542123995e-07
95    4.501701495e-07
96    5.121210995e-07
97    6.573244495e-07
98    4.312261495e-07
99    5.075718495e-07
100    4.380165495e-07
101    2.11731495e-08
102    -5.43470005e-08
103    -1.686795505e-07
104    -4.209018005e-07
105    -5.558904505e-07
106    -5.520766535e-07
107    -6.296432535e-07
108    -6.808969535e-07
109    -6.694090485e-07
110    -4.863002485e-07
111    -6.853618485e-07
112    -7.794975485e-07
113    -8.329372485e-07
114    -8.449832685e-07
115    -6.362185685e-07
116    -5.317926185e-07
117    -4.824283585e-07
118    -3.948273085e-07
119    -3.486547785e-07
120    -2.063582785e-07
121    -5.135550285e-07
122    -3.498291785e-07
123    -3.426666835e-07
124    -1.986609335e-07
125    -2.166485685e-07
126    -4.625571185e-07
127    -2.678732185e-07
128    -4.056815185e-07
129    -4.277242235e-07
130    -6.384365235e-07
131    -9.418979735e-07
132    -7.551149235e-07
133    -7.688818035e-07
134    -9.704317035e-07
135    -9.570834135e-07
136    -8.834120135e-07
137    -1.0314117635e-06
138    -1.1684759135e-06
139    -1.2614227135e-06
140    -8.540673135e-07
141    -9.783413135e-07
142    -1.1734496135e-06
143    -1.3094673135e-06
144    -1.0259323635e-06
145    -1.2372028135e-06
146    -1.1824608635e-06
147    -8.528464135e-07
148    -8.55747461e-07
149    -1.001950811e-06
150    -6.85719561e-07
151    -6.69859741e-07
152    -1.026740491e-06
153    -8.90946641e-07
154    -1.089671091e-06
155    -1.554721841e-06
156    -1.745661691e-06
157    -1.436895241e-06
158    -1.623492241e-06
159    -1.575447696e-06
160    -1.735622446e-06
161    -1.619394646e-06
162    -1.783178646e-06
163    -1.890476596e-06
164    -2.217457396e-06
165    -2.130077246e-06
166    -2.292884546e-06
167    -2.041290196e-06
168    -2.527933096e-06
169    -2.307779296e-06
170    -2.354765746e-06
171    -2.737308246e-06
172    -2.808462296e-06
173    -2.777486816e-06
174    -2.836740216e-06
175    -2.8359960625e-06
176    -2.7095477625e-06
177    -2.7191055175e-06
178    -2.7697081175e-06
179    -2.6221269175e-06
180    -2.6746364175e-06
181    -2.7723068675e-06
182    -3.0304503675e-06
183    -2.8273772675e-06
184    -3.1417597675e-06
185    -3.1868276925e-06
186    -3.3337846425e-06
187    -3.5626008425e-06
188    -3.5557174025e-06
189    -4.0405464525e-06
190    -3.6800495525e-06
191    -3.9898276025e-06
192    -3.7805803525e-06
193    -3.9345973025e-06
194    -3.8919711425e-06
195    -4.1162584925e-06
196    -4.1738607925e-06
197    -4.0875329425e-06
198    -4.2502937425e-06
199    -4.6318827925e-06
200    -4.3086168925e-06
201    -4.4528435425e-06
202    -4.7218557925e-06
203    -4.5170734425e-06
204    -4.7955271925e-06
205    -4.7054378425e-06
206    -4.5889542425e-06
207    -4.6283160025e-06
208    -4.5055201525e-06
209    -4.6413216525e-06
210    -4.4560036525e-06
211    -4.6254734525e-06
212    -4.7379107025e-06
213    -4.3042540025e-06
214    -4.2490237025e-06
215    -4.5535694025e-06
216    -4.1990257525e-06
217    -4.1501440325e-06
218    -4.3819891825e-06
219    -4.2143564825e-06
220    -4.2778887825e-06
221    -4.0675950325e-06
222    -4.1583820325e-06
223    -4.2610638825e-06
224    -4.2070893325e-06
225    -3.8996949325e-06
226    -3.9076132075e-06
227    -3.6046953575e-06
228    -3.3732397075e-06
229    -3.2155717575e-06
230    -3.4000293075e-06
231    -3.2180745575e-06
232    -3.5102021575e-06
233    -3.5283409525e-06
234    -3.2996293525e-06
235    -3.2740955175e-06
236    -3.5279514175e-06
237    -3.3868612675e-06
238    -3.4423473675e-06
239    -3.2917256175e-06
240    -3.3635366175e-06
241    -3.7727292175e-06
242    -3.8823293675e-06
243    -3.5337040675e-06
244    -3.6533270675e-06
245    -3.5427269175e-06
246    -3.6973485175e-06
247    -3.6029337675e-06
248    -3.3871053675e-06
249    -3.3583623475e-06
250    -3.5209254975e-06
251    -3.6081777475e-06
252    -3.6193865875e-06
253    -4.1014599375e-06
254    -3.9701048375e-06
255    -4.1102211875e-06
256    -4.1961711375e-06
257    -4.1431035375e-06
258    -4.2924462875e-06
259    -4.291516089e-06
260    -4.296725179e-06
261    -4.453044379e-06
262    -4.581370529e-06
263    -4.538302514e-06
264    -4.646042314e-06
265    -4.808919364e-06
266    -4.720411364e-06
267    -4.384099514e-06
268    -4.538814114e-06
269    -4.599488964e-06
270    -5.317598964e-06
271    -5.371061864e-06
272    -5.398688639e-06
273    -5.832996439e-06
274    -5.624284039e-06
275    -5.680454689e-06
276    -5.592993139e-06
277    -5.395094239e-06
278    -5.418651414e-06
279    -5.311551164e-06
280    -5.039039064e-06
281    -5.023458304e-06
282    -4.982111159e-06
283    -4.980603951e-06
284    -4.534771901e-06
285    -4.761413801e-06
286    -4.727426821e-06
287    -4.786587171e-06
288    -4.525086221e-06
289    -4.411416421e-06
290    -4.609082771e-06
291    -4.406998021e-06
292    -4.182937421e-06
293    -4.308467171e-06
294    -3.825510171e-06
295    -4.026920521e-06
296    -3.979434086e-06
297    -3.757698936e-06
298    3.3624275923
299    10.1316325923
300    16.9026900923
301    23.6720905923
302    30.4417005923
303    37.2113785923
304    47.2137245923
305    64.7756790923
306    93.4705605923
307    127.417343092
308    165.888204092
309    211.207264592
310    260.273202592
311    318.550417592
312    380.174487592
313    448.082347592
314    524.671907592
315    614.098842592
316    717.847417592
317    838.494737592
318    973.656212592
319    1130.30110759
320    1320.38030759
321    1539.45451759
322    1773.14739259
323    2010.82348759
324    2257.98221259
325    2514.99310759
326    2777.38981259
327    3052.46615259
328    3353.19353259
329    3678.08726759
330    4028.24898259
331    4392.79896259
332    4786.74704259
333    5220.58721259
334    5670.08204759
335    6130.84485759
336    6628.71554259
337    7168.16889259
338    7742.07774259
339    8353.42699259
340    8992.71824259
341    9657.24519259
342    10372.9081426
343    11164.7763426
344    12070.4950926
345    13089.6309426
346    14281.5248426
347    15729.2941926
348    17522.4272926
349    19778.0200926
350    23085.3313426
351    29658.0503426
352    44902.1538426
353    48122.8510926
354    48121.990145
355    48265.578045
356    48110.742065
357    48019.60023
358    47866.847735
359    48152.22347
360    48168.2362045
361    48280.2226895
362    48584.7773495
363    48758.4636395
364    48866.7214495
365    48939.6005095
366    49007.0079145
367    48683.8313045
368    48596.0696595
369    48183.5427395
370    48166.5600935
371    48199.4976165
372    48513.7259615
373    48766.1269915
374    48603.3165915
375    48408.7943165
376    48481.2022765
377    48601.0982565
378    48556.4924685
379    48691.7283685
380    48462.2549885
381    48620.3244535
382    48806.4809385
383    48661.4800085
384    48843.0456135
385    48721.6624985
386    48862.7811185
387    48376.6958135
388    48620.3964685
389    48715.4804785
390    48606.9300085
391    48374.4505935
392    48470.3335935
393    48452.678721
394    48533.363061
395    48260.263201
396    48496.046616
397    48471.145002
398    48151.941532
399    48284.334217
400    48501.158662
401    48412.590657
402    48451.6545445
403    48194.5608295
404    48204.0093355
405    48324.7134805
406    48251.4263855
407    47945.1912805
408    48195.3284705
409    48381.8179805
410    48287.1037155
411    48246.3101285
412    48212.538063
413    48382.762078
414    48327.372278
415    48359.4257
416    48435.42672
417    48579.05255
418    48543.4764885
419    48427.0558085
420    48585.7075085
421    48549.502816
422    48242.478331
423    48292.593561
424    48652.723791
425    48700.0175845
426    48624.3929195
427    48305.4686495
428    48496.1835295
429    48698.2754595
430    48380.3229895
431    48440.8028995
432    48414.997452
433    48407.531698
434    48430.0411405
435    48586.1540755
436    48621.7997845
437    48385.1926445
438    48541.7126095
439    48388.7997045
440    48560.0610445
441    48714.4323745
442    48508.0255545
443    48524.743874
444    48633.763019
445    48640.3707775
446    48478.3358425
447    48347.6244725
448    48417.6476675
449    48482.7472775
450    48813.9548775
451    48717.0133175
452    48542.3060575
453    48509.333488
454    48427.309133
455    48531.278943
456    48248.103868
457    48486.277688
458    48538.846853
459    48513.94081
460    48589.279345
461    48571.9785525
462    48787.7458775
463    48564.6486575
464    48828.3692675
465    48608.0526175
466    49019.7219975
467    48560.0352475
468    48625.5257475
469    48675.7086275
470    48658.647084
471    48746.349459
472    48474.608859
473    48368.352034
474    48669.856279
475    48593.977019
476    48628.3096575
477    48646.9904075
478    48466.7046825
479    48838.9392925
480    48801.735002
481    48843.471012
482    48955.973797
483    49011.512182
484    49007.3491932
485    49067.1896182
486    49120.1361982
487    48762.9266582
488    48871.2652132
489    48850.1903462
490    49248.5562062
491    49083.5159462
492    49253.0939812
493    48974.8694562
494    48969.0631287
495    49064.3020187
496    48937.8549637
497    49121.8162337
498    49068.5608637
499    48885.3698037
500    48689.9200487
501    48786.8826887
502    48926.8572337
503    48667.4362937
504    48890.5330437
505    48925.4031187
506    48805.7775437
507    48811.9863642
508    48623.5462792
509    48816.5438392
510    48948.3709392
511    48680.6710442
512    48590.7934792
513    48686.8602842
514    48825.4566142
515    48851.1535872
516    48699.4844122
517    48815.4321872
518    48681.7740972
519    48614.4133672
520    48669.7473572
521    48890.3073922
522    48770.5333472
523    48720.3105772
524    48565.1937072
525    48579.8781282
526    48773.3924582
527    48692.8221932
528    48718.6541982
529    48672.8288822
530    48700.0775067
531    48650.1954972
532    48511.6179272
533    48754.2718472
534    48734.4128097
535    48821.2676997
536    48746.4162397
537    48690.0078347
538    48648.7527487
539    48552.3624287
540    48639.0178437
541    48735.9485387
542    48786.9221087
543    48940.3342137
544    48731.3805637
545    48544.7117537
546    48620.6003487
547    48690.0218087
548    48563.1617137
549    48486.2496187
550    48593.2569837
551    48464.7997187
552    48399.9548937
553    48601.3911337
554    48480.8930787
555    48730.9842487
556    48864.5764337
557    48788.1600337
558    48692.0816037
559    48742.0359587
560    48873.5886237
561    48842.0537167
562    48769.5094617
563    48759.5234237
564    48822.1715937
565    48560.6795137
566    48647.3911387
567    48615.0367427
568    48847.7289277
569    48744.9149877
570    48621.3332827
571    48523.1774477
572    48676.8931677
573    48766.3614627
574    48603.8281077
575    48645.7281242
576    48641.3882064
577    48921.7762814
578    48952.5214819
579    48364.3327319
580    48624.3110119
581    48739.3112169
582    49023.7964819
583    49045.7139499
584    48868.8580499
585    48884.0429124
586    48977.9601674
587    49184.5966274
588    49045.0558424
589    49097.4246574
590    49174.2849924
591    49153.1093984
592    48830.7426484
593    49048.7889884
594    49325.9084134
595    49314.9293274
596    49162.5512074
597    49290.9911874
598    49055.1777724
599    49269.2118374
600    49209.2245574
601    49168.9734344
602    49101.2515044
603    49213.3527144
604    49339.9849694
605    49147.1775244
606    49282.3474194
607    49106.9733494
608    49143.7879924
609    49291.9603624
610    49443.6483074
611    49410.3720499
612    49271.5339299
613    49445.1421099
614    49373.2232749
615    49538.0210849
616    49490.5843719
617    49441.6835489
618    49743.3392639
619    49663.8335139
620    49525.8220689
621    49506.8608629
622    49675.8440979
623    49503.7895279
624    49393.5621229
625    49692.3639079
626    49540.2322229
627    49473.6878629
628    49458.4197219
629    49483.1978619
630    49583.7045969
631    49600.2485429
632    49602.3381407
633    49341.2927307
634    49389.1344407
635    49399.3356047
636    49392.7768947
637    49326.5779097
638    49324.9958609
639    49456.9305309
640    49438.6168769
641    49238.6360069
642    49126.8951419
643    49266.4197069
644    49204.3979069
645    49283.9650119
646    49238.7120249
647    49314.6596049
648    49359.4110724
649    49126.3116424
650    49208.3093024
651    48994.3686874
652    49122.5588524
653    49368.2418674
654    48945.6593924
655    48903.1765994
656    48670.9630744
657    48868.4226744
658    49335.3966144
659    49503.3435894
660    49725.4417744
661    49520.6199844
662    49310.2893594
663    49195.9768994
664    49058.3884494
665    49070.3655629
666    48904.2804729
667    48890.7099309
668    48996.6504009
669    49190.4121909
670    49122.9626009
671    48968.4747309
672    49341.8634309
673    46377.9555809
674    31061.9995809
675    24589.3500809
676    21301.1084809
677    19053.2369309
678    17322.3649809
679    15882.9630809
680    14672.2880309
681    13650.9017809
682    12774.7259309
683    12000.9757309
684    11302.5956309
685    10656.8547809
686    10057.5916809
687    9496.33488089
688    8962.93473089
689    8452.17633089
690    7966.98203089
691    7498.51419589
692    7059.20812089
693    6646.37351089
694    6259.52806089
695    5886.51742589
696    5534.16222089
697    5201.86512589
698    4879.91377089
699    4580.57907589
700    4303.44326589
701    4037.02077089
702    3783.20676589
703    3537.90474089
704    3318.67099089
705    3123.28368089
706    2957.89098089
707    2811.28261589
708    2681.61023089
709    2565.10564589
710    2460.01771589
711    2375.84278089
712    2310.65176589
713    2262.86316039
714    2226.10873339
715    2192.61784589
716    2168.24453389
717    2147.93463689
718    2128.18261639
719    2113.44953989
720    2101.33373439
721    2094.14744189
722    2090.47752959
723    2090.47194478
724    2090.47194489
725    2090.47194489
726    2090.47194477
727    2090.47194487
728    2090.47194487
729    2090.47194504
730    2090.47194447
731    2090.4719444
732    2090.47194427
733    2090.47194409
734    2090.47194404
735    2090.47194461
736    2090.4719449
737    2090.47194494
738    2090.47194475
739    2090.47194463
740    2090.47194456
741    2090.47194422
742    2090.47194424
743    2090.47194394
744    2090.47194424
745    2090.47194407
746    2090.47194385
747    2090.47194377
748    2090.4719441
749    2090.47194387
750    2090.47194393
751    2090.47194399
752    2090.471944
753    2090.47194378
754    2090.47194389
755    2090.47194378
756    2090.47194373
757    2090.47194416
758    2090.47194407
759    2090.47194413
760    2090.47194402
761    2090.47194401
762    2090.47194404
763    2090.47194421
764    2090.47194473
765    2090.47194443
766    2090.47194458
767    2090.4719441
768    2090.47194401
769    2090.47194434
770    2090.4719441
771    2090.47194411
772    2090.47194418
773    2090.47194395
774    2090.47194402
775    2090.47194392
776    2090.47194376
777    2090.47194384
778    2090.47194397
779    2090.47194424
780    2090.47194425
781    2090.47194444
782    2090.47194481
783    2090.47194504
784    2090.47194498
785    2090.4719447
786    2090.47194429
787    2090.47194439
788    2090.47194408
789    2090.47194446
790    2090.47194427
791    2090.47194438
792    2090.47194425
793    2090.47194424
794    2090.47194402
795    2090.4719442
796    2090.47194405
797    2090.47194406
798    2090.47194418
799    2090.47194417
800    2090.4719438
801    2090.47194376
802    2090.471944
803    2090.47194414
804    2090.47194422
805    2090.47194419
806    2090.47194432
807    2090.47194429
808    2090.47194449
809    2090.47194453
810    2090.47194459
811    2090.4719447
812    2090.47194475
813    2090.47194498
814    2090.47194518
815    2090.47194503
816    2090.47194518
817    2090.47194516
818    2090.47194503
819    2090.47194512
820    2090.4719453
821    2090.47194482
822    2090.47194465
823    2090.47194439
824    2090.47194454
825    2090.47194491
826    2090.47194468
827    2090.47194482
828    2090.47194456
829    2090.47194446
830    2090.47194462
831    2090.4719445
832    2090.47194427
833    2090.47194449
834    2090.47194437
835    2090.47194461
836    2090.47194462
837    2090.47194459
838    2090.47194434
839    2090.47194409
840    2090.47194424
841    2090.47194374
842    2090.47194378
843    2090.47194377
844    2090.47194403
845    2090.47194408
846    2090.47194437
847    2090.4719441
848    2090.47194386
849    2090.47194384
850    2090.47194376
851    2090.47194393
852    2090.47194386
853    2090.47194376
854    2090.47194371
855    2090.47194354
856    2090.47194359
857    2090.47194345
858    2090.47194295
859    2090.47194296
860    2090.47194297
861    2090.47194303
862    2090.47194333
863    2090.47194336
864    2090.47194321
865    2090.47194317
866    2090.47194291
867    2090.47194311
868    2090.47194289
869    2090.47194281
870    2090.47194268
871    2090.47194257
872    2090.47194264
873    2090.47194258
874    2090.47194248
875    2090.47194263
876    2090.47194257
877    2090.47194264
878    2090.47194233
879    2090.47194197
880    2090.47194178
881    2090.47194179
882    2090.47194194
883    2090.47194161
884    2090.47194185
885    2090.47194219
886    2090.47194233
887    2090.47194228
888    2090.47194212
889    2090.47194213
890    2090.47194213
891    2090.4719417
892    2090.47194168
893    2090.47194192
894    2090.47194185
895    2090.47194235
896    2090.4719427
897    2090.47194249
898    2090.47194225
899    2090.4719425
900    2090.47194241
901    2090.47194235
902    2090.47194207
903    2090.47194214
904    2090.47194216
905    2090.47194189
906    2090.47194159
907    2090.47194181
908    2090.47194158
909    2090.47194122
910    2090.47194133
911    2090.47194127
912    2090.47194133
913    2090.47194132
914    2090.47194124
915    2090.4719414
916    2090.47194147
917    2090.47194124
918    2090.47194125
919    2090.471941
920    2090.47194079
921    2090.47194081
922    2090.47194067
923    2090.47194071
924    2090.47194076
925    2090.47194081
926    2090.4719408
927    2090.47194101
928    2090.47194078
929    2090.47194067
930    2090.47194111
931    2090.47194071
932    2090.47194051
933    2090.4719402
934    2090.47194031
935    2090.47194039
936    2090.47194014
937    2090.47194025
938    2090.47194047
939    2090.47194075
940    2090.47194075
941    2090.47194057
942    2090.4719409
943    2090.47194082
944    2090.47194082
945    2090.47194071
946    2090.47194094
947    2090.47194079
948    2090.47194063
949    2090.47194082
950    2090.47194095
951    2090.4719409
952    2090.47194086
953    2090.47194047
954    2090.47194051
955    2090.47194066
956    2090.4719406
957    2090.4719404
958    2090.47194045
959    2090.47194063
960    2090.47194071
961    2090.47194044
962    2090.47194032
963    2090.47194033
964    2090.4719406
965    2090.47194054
966    2090.47194038
967    2090.47194036
968    2090.47194043
969    2090.47194021
970    2090.47194023
971    2090.47194042
972    2090.4719404
973    2090.47194038
974    2090.4719404
975    2090.47194022
976    2090.4719404
977    2090.47194035
978    2090.47194059
979    2090.47194047
980    2090.47194017
981    2090.47193985
982    2090.4719401
983    2090.47193992
984    2090.47194031
985    2090.47194036
986    2090.4719403
987    2090.47194021
988    2090.47194002
989    2090.47194023
990    2090.4719403
991    2090.47194027
992    2090.47194036
993    2090.47194027
994    2090.47194023
995    2090.47194016
996    2090.47194019
997    2090.47194019
998    2090.47194036
999    2090.47194042
1000    2090.47194033
1001    2090.4719403
1002    2090.47194042
1003    2090.47194055
1004    2090.47194041
1005    2090.47194039
1006    2090.47194037
1007    2090.47194045
1008    2090.47194065
1009    2090.47194056
1010    2090.47194057
1011    2090.4719404
1012    2090.47194057
1013    2090.47194057
1014    2090.47194054
1015    2090.47194059
1016    2090.47194069
1017    2090.47194086
1018    2090.471941
1019    2090.47194112
1020    2090.4719413
1021    2090.47194124
1022    2090.47194115
1023    2090.47194117
1024    2090.47194136
