#x,Ay
1    -0
2    7.8674155e-24
3    -2.5863275e-24
4    -5.76840635e-24
5    -2.207510885e-23
6    -3.492735135e-23
7    -4.044209435e-23
8    -4.723999585e-23
9    -5.878067985e-23
10    -5.455684125e-23
11    -4.98024411e-23
12    -5.088421885e-23
13    -5.211509605e-23
14    -5.35944723e-23
15    -5.77718384e-23
16    -6.37500159e-23
17    -6.91479319e-23
18    -6.58380535e-23
19    -6.466074875e-23
20    -6.622855195e-23
21    -6.140896095e-23
22    -6.875678795e-23
23    -7.21512206e-23
24    -6.85366888e-23
25    -6.371645245e-23
26    -5.540302845e-23
27    -6.872128645e-23
28    9.2557855e-25
29    3.6576611355e-22
30    2.7558865855e-22
31    3.04840940855e-21
32    -1.03886229145e-21
33    1.1910995855e-22
34    2.53512699585e-20
35    1.00291609959e-19
36    1.34764440996e-18
37    1.74086836996e-18
38    2.11564954996e-18
39    9.40078504996e-18
40    4.298793805e-17
41    4.67563872e-17
42    -3.057889478e-16
43    3.272856022e-16
44    1.1561722022e-15
45    4.454507022e-16
46    -1.8023668978e-15
47    -1.50378693978e-14
48    -2.74087933978e-14
49    -5.92335978978e-14
50    -7.64212103978e-14
51    -3.37229400398e-13
52    -3.39325222498e-13
53    -9.41712322498e-13
54    -4.3630896725e-12
55    -8.70743822498e-13
56    7.7025706775e-12
57    -1.94810913225e-11
58    -3.10772938225e-11
59    -6.45118348225e-11
60    -2.09037164822e-10
61    -3.24189348225e-11
62    1.63177935178e-10
63    4.87973850178e-10
64    6.04702420178e-10
65    1.41742492018e-09
66    -1.23860798225e-11
67    -9.30771579822e-10
68    2.38522692018e-09
69    3.75553792018e-09
70    1.10448392018e-09
71    2.99030842018e-09
72    7.33351792018e-09
73    3.77843042018e-09
74    2.63458242018e-09
75    -8.77192757982e-09
76    9.16338742018e-09
77    8.60163742018e-09
78    2.86327924202e-08
79    3.74710924202e-08
80    7.94686242018e-09
81    1.24452244202e-08
82    1.02127574202e-08
83    3.27321874202e-08
84    5.96976574202e-08
85    5.66222019202e-08
86    3.91621619202e-08
87    4.75411769202e-08
88    3.92624469202e-08
89    3.54348414202e-08
90    -3.49925085798e-08
91    -4.42072485798e-08
92    -4.25859485798e-08
93    -3.66719435798e-08
94    -4.65305535798e-08
95    -5.99732357982e-09
96    -1.23426335798e-08
97    -4.63655357982e-09
98    1.25182664202e-08
99    4.76276642018e-09
100    1.46638992018e-09
101    3.00402599202e-08
102    -2.01873400798e-08
103    -7.17211900798e-08
104    -1.49676900798e-08
105    -5.38668507982e-09
106    3.15885449202e-08
107    2.03796999202e-08
108    -9.55512507982e-09
109    -7.86220750798e-08
110    -1.5642557508e-07
111    -1.9975302008e-07
112    -1.4839757008e-07
113    -1.6118193008e-07
114    -1.5917619708e-07
115    -1.3654340208e-07
116    -6.59997520798e-08
117    -3.59544670798e-08
118    -8.54640720798e-08
119    -1.3506669708e-07
120    -1.5667119208e-07
121    -1.1159600208e-07
122    -2.0053425208e-07
123    -2.4918342708e-07
124    -2.8846089208e-07
125    -3.3706646208e-07
126    -3.1156750208e-07
127    -3.7923335208e-07
128    -2.6981920208e-07
129    -2.3439041708e-07
130    -2.0320564708e-07
131    -2.3768098208e-07
132    -1.8219198208e-07
133    -1.6898322208e-07
134    -1.5830342708e-07
135    -2.4723002708e-07
136    -3.4597017708e-07
137    -3.4524927658e-07
138    -2.6750827658e-07
139    -1.8474422658e-07
140    -2.6468427658e-07
141    -3.9072562658e-07
142    -3.4691346658e-07
143    -3.5538986158e-07
144    -3.5794789708e-07
145    -3.7201708708e-07
146    -2.6269308708e-07
147    -1.8563808708e-07
148    -1.0903658708e-07
149    -1.5418009208e-07
150    -1.8525440208e-07
151    -1.9670742208e-07
152    -8.70869220798e-08
153    -2.41592720798e-08
154    -7.32095920798e-08
155    -4.37936420798e-08
156    -9.96285920798e-08
157    4.04160792018e-09
158    1.0653160792e-07
159    1.0288931492e-07
160    6.99131949202e-08
161    1.1180682992e-07
162    5.62277299202e-08
163    4.56525799202e-08
164    4.50871959202e-08
165    -5.27169540798e-08
166    1.20027959202e-08
167    8.41451959202e-08
168    4.75391309202e-08
169    -1.44118190798e-08
170    3.45047859202e-08
171    6.77418009202e-08
172    2.31425092018e-09
173    1.0356595092e-07
174    -1.4654009908e-07
175    -2.4126879908e-07
176    -2.9905714908e-07
177    -2.8059278908e-07
178    -3.3816018908e-07
179    -1.6095813908e-07
180    -2.5318693908e-07
181    -2.0540981908e-07
182    -3.2256781908e-07
183    -3.6832757908e-07
184    -2.6788402908e-07
185    -2.2753683908e-07
186    -3.2353288908e-07
187    -3.7006586908e-07
188    -3.9282075408e-07
189    -4.5430660408e-07
190    -2.7312795408e-07
191    -1.6538815408e-07
192    -8.54379540798e-08
193    6.61679592018e-09
194    9.21946959202e-08
195    -1.9658420408e-07
196    -2.7976685408e-07
197    -2.4155911408e-07
198    -2.6655227908e-07
199    -4.2916192908e-07
200    -3.4522787908e-07
201    -3.7129657908e-07
202    -2.5100207908e-07
203    -1.5456707908e-07
204    1.3136312092e-07
205    2.8039772092e-07
206    3.6788252092e-07
207    4.9927252092e-07
208    6.0616352092e-07
209    4.8462487092e-07
210    5.7094692092e-07
211    4.4149872092e-07
212    3.5923462092e-07
213    4.8422952092e-07
214    6.5640852092e-07
215    6.1290848092e-07
216    1.8980948092e-07
217    1.8555384142e-07
218    3.77313914202e-08
219    7.84739064202e-08
220    2.0668085642e-07
221    2.2947062142e-07
222    2.7038755142e-07
223    4.83937014202e-08
224    2.1638685142e-07
225    2.1241026892e-07
226    1.3295131892e-07
227    1.1923094892e-07
228    2.0712849892e-07
229    1.9533828392e-07
230    2.21828392018e-09
231    1.6811848392e-07
232    -5.83606160798e-08
233    -2.4937606608e-07
234    -1.9282026608e-07
235    -1.6274591608e-07
236    -5.30062160798e-08
237    -1.2603231608e-07
238    -1.0913765608e-07
239    -1.6225905608e-07
240    -5.1234070608e-07
241    -7.1621610608e-07
242    -8.1102620608e-07
243    -8.0751471908e-07
244    -8.9442686908e-07
245    -1.02811906908e-06
246    -9.4942461908e-07
247    -5.3662751908e-07
248    -6.3134456908e-07
249    -6.2728659558e-07
250    -6.6365720058e-07
251    -1.14405620058e-06
252    -1.01252670058e-06
253    -1.09554655058e-06
254    -1.23729655058e-06
255    -1.06680205058e-06
256    -1.01187695058e-06
257    -8.8755645058e-07
258    -8.1241125058e-07
259    -1.03118135058e-06
260    -1.19118935058e-06
261    -1.13726130058e-06
262    -1.31660570058e-06
263    -1.48448255058e-06
264    -1.34432550058e-06
265    -1.39192820558e-06
266    -1.39749774558e-06
267    -1.44955959558e-06
268    -1.54541614558e-06
269    -1.48586044558e-06
270    -1.74817529558e-06
271    -1.51116174558e-06
272    -1.11415469558e-06
273    -1.22005734558e-06
274    -1.21484825558e-06
275    -1.35692385558e-06
276    -1.19550020558e-06
277    -1.21942946058e-06
278    -1.18957022058e-06
279    -1.15233918558e-06
280    -1.29032193558e-06
281    -1.06449393558e-06
282    -1.18579128558e-06
283    -1.40982863558e-06
284    -1.52649828558e-06
285    -1.55347392558e-06
286    -1.84318302558e-06
287    -1.76454672558e-06
288    -1.73937333558e-06
289    -1.75634938558e-06
290    -1.44971078558e-06
291    -1.45361760158e-06
292    -1.47509928158e-06
293    -1.31979168158e-06
294    -1.31104785158e-06
295    -1.61569820158e-06
296    -1.25484085158e-06
297    -1.50683055158e-06
298    -1.26730545158e-06
299    -1.35181360158e-06
300    -1.19220965158e-06
301    -1.39470135158e-06
302    -1.01178675158e-06
303    -1.02814654658e-06
304    -1.18925044658e-06
305    -1.18985507558e-06
306    -1.17426705058e-06
307    -1.39593240058e-06
308    -1.21199805058e-06
309    -1.16455812558e-06
310    -1.39873462558e-06
311    -1.68600192558e-06
312    -1.42103602558e-06
313    -1.63693417558e-06
314    -1.86236682558e-06
315    -1.60974927558e-06
316    -1.46515052558e-06
317    -1.69621087558e-06
318    -1.40414142558e-06
319    -1.92398042558e-06
320    -2.06986982558e-06
321    -2.35530002558e-06
322    -2.05362632558e-06
323    -2.02785993558e-06
324    -1.76661478558e-06
325    -1.53706603558e-06
326    -1.51825285558e-06
327    -1.33295810558e-06
328    1.47103131704
329    8.22577731704
330    20.260051817
331    35.836183817
332    69.345907817
333    135.392602817
334    234.529767817
335    375.443727817
336    598.927877817
337    873.492342817
338    1189.58461782
339    1590.67247282
340    2057.27175282
341    2608.11780282
342    3246.07245282
343    3982.17320282
344    4815.79040282
345    5754.22160282
346    6812.69745282
347    8001.59980282
348    9410.12720282
349    11147.2729028
350    13539.1183528
351    17691.4174028
352    33712.5814028
353    37309.8039528
354    36485.3583528
355    36759.0495278
356    36053.2248278
357    35664.7273778
358    35157.7566278
359    35182.7318548
360    35654.3576248
361    36017.9183398
362    36233.6212348
363    35899.0403348
364    35396.1504348
365    35708.5562648
366    36004.8649598
367    35796.0662598
368    35338.7777198
369    35576.0182448
370    35775.6506298
371    35857.2503598
372    35451.1038198
373    35657.3965048
374    35948.6651948
375    35575.0724348
376    35252.1770548
377    35508.1783848
378    35907.8812198
379    35590.6093198
380    35320.5541848
381    35541.5148698
382    35651.3161698
383    35509.4573248
384    35338.5368548
385    35432.2319448
386    35707.0265648
387    35399.8856898
388    35235.4398898
389    35317.6230198
390    35448.3970148
391    35349.1091048
392    35159.4124098
393    35313.7281248
394    35509.4090548
395    35293.6262848
396    35327.0865343
397    35318.0426768
398    35374.7460368
399    35272.1668268
400    35191.1634918
401    35397.2026118
402    35109.0662768
403    35114.1688628
404    35069.0646428
405    35283.3718878
406    35331.7117893
407    35104.6448293
408    35348.1495943
409    35219.4956593
410    35023.7798093
411    35251.5691843
412    35109.6748743
413    35040.7583043
414    35308.1906693
415    35187.3099693
416    35160.0681773
417    35233.0181973
418    35128.1241323
419    35235.3921373
420    35382.0486673
421    35037.5359523
422    35112.6721773
423    35176.9891773
424    35172.3860653
425    35095.7079653
426    35313.2987103
427    35221.1972953
428    35103.8775853
429    35154.4352003
430    35131.3621328
431    35033.2265728
432    34969.0822778
433    34947.8605958
434    35177.6087358
435    35162.5709248
436    35071.8150248
437    35056.3411778
438    35177.8997778
439    35185.7540083
440    35207.1322548
441    35190.2653568
442    35180.7094823
443    35179.3195562
444    35013.0951212
445    35399.1012212
446    35519.2579762
447    35434.0428012
448    35222.0954662
449    35165.9449312
450    35197.2145887
451    35518.1943737
452    35315.9627287
453    35039.2435637
454    35312.7860537
455    35335.3803217
456    35169.7789167
457    34805.7243067
458    35226.5583217
459    35314.8131017
460    35285.6441287
461    35066.4719587
462    35042.2954852
463    35249.5374802
464    35187.0353352
465    35171.4183932
466    35279.4641332
467    35210.9531082
468    35200.9591567
469    35122.3247567
470    35033.3209917
471    35234.2697267
472    34951.9584167
473    35038.5956267
474    35187.5862867
475    35305.1696867
476    35160.4761217
477    35042.9154417
478    35140.6994667
479    35085.0091767
480    35144.0146017
481    35282.7579167
482    35365.1574567
483    35146.3367467
484    34950.7487717
485    35050.2701667
486    35258.3711117
487    35290.0135132
488    34957.7551882
489    34852.7967632
490    35028.0621232
491    35028.8810563
492    34934.4688413
493    35061.1675013
494    35105.9806903
495    35155.5033423
496    34559.2312923
497    34783.7104023
498    35012.5511373
499    34854.6942573
500    34705.3321523
501    34826.7278973
502    35019.3146273
503    34830.6527023
504    34733.2091373
505    34968.1192223
506    35072.1348373
507    34741.7989923
508    34754.1312933
509    35050.0635233
510    35094.7976698
511    34725.4695848
512    34777.0274798
513    34856.4968448
514    34901.6989493
515    34580.2622793
516    34874.9307743
517    35060.7255393
518    35012.6770988
519    34675.7467138
520    34766.6194938
521    35112.4164688
522    35124.0191733
523    34885.3383083
524    34928.0148548
525    35072.0760298
526    35158.8305698
527    34866.8345548
528    34845.8808588
529    34751.8147438
530    35293.4590438
531    35097.0488388
532    35129.5802563
533    35063.9186913
534    34938.0294913
535    34873.6884113
536    34873.1350179
537    35135.0780279
538    35203.9267029
539    35098.4937079
540    34947.2089329
541    34874.8568529
542    35057.9638229
543    35107.8036899
544    34816.2638849
545    34976.2728949
546    34893.7289799
547    34808.0333949
548    34880.9687699
549    34942.4083899
550    34699.8459949
551    34751.0881149
552    34743.1965769
553    34723.3695074
554    34812.0449974
555    34949.8193924
556    34894.1903624
557    34899.6089379
558    34760.3283679
559    34784.7725844
560    34966.8682094
561    34757.1302544
562    34877.0365394
563    34974.3073744
564    34904.6454744
565    34929.4700809
566    35101.5619859
567    34962.9516659
568    34888.2701909
569    34975.4162659
570    35143.5714009
571    35045.9528559
572    35015.6570634
573    34999.6888844
574    34981.2626864
575    35079.5936164
576    34917.2576064
577    34974.9537064
578    35234.2425264
579    35122.7743514
580    34918.6623964
581    34869.6261444
582    35127.8660194
583    35155.9120559
584    35213.4455559
585    35210.5542314
586    35143.9923214
587    35129.9591539
588    35079.0388539
589    35287.1200589
590    35202.9229489
591    35329.1801189
592    35236.3170289
593    35134.5348189
594    35364.7186939
595    35377.6195939
596    35381.7678534
597    35256.6163834
598    35326.4915934
599    35474.3909134
600    35426.8045174
601    35479.7845774
602    35487.3861324
603    35226.6893524
604    35402.7783574
605    35332.7830124
606    35224.1586874
607    35262.8686319
608    35350.7010869
609    35431.9207019
610    35574.5475169
611    35400.2776269
612    35371.5534079
613    35494.3242279
614    35582.0042779
615    35697.8288279
616    35506.9132229
617    35516.7501394
618    35443.1039394
619    35564.4260994
620    35543.6514254
621    35493.0402604
622    35360.0381554
623    35496.4244904
624    35535.9002459
625    35456.7865809
626    35270.3299459
627    35539.8738809
628    35367.5065009
629    35678.6593659
630    35600.5130009
631    35484.1621659
632    35380.6354059
633    35642.6235759
634    35615.8210439
635    35402.9674089
636    35283.3222139
637    35612.5244289
638    35548.7837589
639    35270.8119539
640    35279.0850969
641    35511.0732169
642    35497.0505249
643    35480.7903559
644    35068.3929109
645    35431.4082859
646    35342.6396709
647    35149.8728359
648    35228.2427159
649    35581.7344359
650    35365.3926259
651    35210.9833259
652    35422.1186109
653    35293.7828909
654    35006.9771009
655    34973.6303719
656    35159.2295719
657    35518.3600119
658    35251.4939369
659    34993.5441169
660    34994.7752136
661    35264.4547686
662    35376.9411186
663    35417.6692106
664    35332.1103656
665    34953.5868806
666    34744.8893706
667    34382.4900356
668    34792.2953656
669    35082.1852206
670    35476.0243056
671    35366.5567706
672    36304.3431706
673    32390.6053206
674    16183.6548206
675    11886.4992706
676    9406.89197057
677    7646.24572057
678    6205.70187057
679    4974.77867057
680    3900.12427057
681    2956.07647057
682    2136.60407057
683    1437.80272057
684    817.301620567
685    261.099620567
686    -211.492559433
687    -589.822384433
688    -898.170164433
689    -1150.14793443
690    -1327.30984443
691    -1442.36986443
692    -1512.81516943
693    -1558.59369893
694    -1580.16886693
695    -1588.74852443
696    -1589.14558723
697    -1589.14558736
698    -1589.14558743
699    -1589.14558754
700    -1589.14558746
701    -1589.1455872
702    -1589.1455868
703    -1589.1455865
704    -1589.14558653
705    -1589.14558648
706    -1589.14558596
707    -1589.14558556
708    -1589.14558549
709    -1589.14558545
710    -1589.14558531
711    -1589.14558533
712    -1589.14558549
713    -1589.14558539
714    -1589.14558505
715    -1589.14558524
716    -1589.14558507
717    -1589.14558497
718    -1589.14558491
719    -1589.14558476
720    -1589.14558466
721    -1589.14558471
722    -1589.14558484
723    -1589.14558457
724    -1589.14558461
725    -1589.14558444
726    -1589.14558453
727    -1589.14558458
728    -1589.14558515
729    -1589.1455855
730    -1589.14558505
731    -1589.14558524
732    -1589.14558509
733    -1589.1455849
734    -1589.14558508
735    -1589.14558493
736    -1589.1455847
737    -1589.14558451
738    -1589.14558424
739    -1589.14558418
740    -1589.14558433
741    -1589.14558442
742    -1589.14558424
743    -1589.1455842
744    -1589.14558418
745    -1589.14558412
746    -1589.14558418
747    -1589.14558426
748    -1589.14558437
749    -1589.14558448
750    -1589.14558451
751    -1589.14558463
752    -1589.14558479
753    -1589.1455845
754    -1589.14558442
755    -1589.14558425
756    -1589.14558423
757    -1589.14558418
758    -1589.14558408
759    -1589.14558422
760    -1589.1455843
761    -1589.1455845
762    -1589.14558485
763    -1589.14558512
764    -1589.14558511
765    -1589.14558519
766    -1589.14558523
767    -1589.14558542
768    -1589.14558547
769    -1589.14558555
770    -1589.14558581
771    -1589.14558577
772    -1589.14558555
773    -1589.14558574
774    -1589.14558583
775    -1589.14558571
776    -1589.1455857
777    -1589.14558577
778    -1589.14558583
779    -1589.14558599
780    -1589.14558591
781    -1589.14558568
782    -1589.14558577
783    -1589.14558563
784    -1589.14558569
785    -1589.14558572
786    -1589.14558566
787    -1589.1455855
788    -1589.14558552
789    -1589.14558566
790    -1589.14558551
791    -1589.14558557
792    -1589.14558533
793    -1589.1455853
794    -1589.14558524
795    -1589.14558505
796    -1589.1455852
797    -1589.14558535
798    -1589.14558534
799    -1589.14558538
800    -1589.14558564
801    -1589.14558581
802    -1589.1455857
803    -1589.14558551
804    -1589.14558538
805    -1589.14558554
806    -1589.14558573
807    -1589.14558587
808    -1589.14558602
809    -1589.14558623
810    -1589.14558611
811    -1589.1455864
812    -1589.14558633
813    -1589.14558641
814    -1589.14558642
815    -1589.14558655
816    -1589.14558661
817    -1589.1455866
818    -1589.14558665
819    -1589.14558669
820    -1589.14558638
821    -1589.14558641
822    -1589.14558658
823    -1589.14558658
824    -1589.14558673
825    -1589.14558656
826    -1589.14558626
827    -1589.14558642
828    -1589.14558638
829    -1589.14558637
830    -1589.14558651
831    -1589.14558648
832    -1589.14558646
833    -1589.1455865
834    -1589.14558649
835    -1589.14558657
836    -1589.14558647
837    -1589.14558653
838    -1589.1455864
839    -1589.14558643
840    -1589.14558658
841    -1589.14558648
842    -1589.14558641
843    -1589.14558625
844    -1589.14558642
845    -1589.14558628
846    -1589.14558613
847    -1589.14558621
848    -1589.14558625
849    -1589.14558617
850    -1589.1455861
851    -1589.14558602
852    -1589.14558612
853    -1589.1455863
854    -1589.14558637
855    -1589.14558622
856    -1589.14558608
857    -1589.14558613
858    -1589.14558598
859    -1589.1455861
860    -1589.14558611
861    -1589.14558622
862    -1589.14558612
863    -1589.14558616
864    -1589.14558631
865    -1589.14558651
866    -1589.14558642
867    -1589.14558632
868    -1589.14558632
869    -1589.14558633
870    -1589.14558638
871    -1589.14558645
872    -1589.14558642
873    -1589.14558645
874    -1589.14558636
875    -1589.14558635
876    -1589.1455863
877    -1589.14558622
878    -1589.14558624
879    -1589.14558632
880    -1589.14558637
881    -1589.14558638
882    -1589.14558635
883    -1589.14558637
884    -1589.14558638
885    -1589.14558642
886    -1589.14558639
887    -1589.14558642
888    -1589.14558657
889    -1589.14558645
890    -1589.14558639
891    -1589.14558646
892    -1589.14558653
893    -1589.14558666
894    -1589.14558656
895    -1589.14558665
896    -1589.1455867
897    -1589.14558671
898    -1589.14558663
899    -1589.14558663
900    -1589.14558663
901    -1589.14558654
902    -1589.14558656
903    -1589.14558667
904    -1589.14558673
905    -1589.14558676
906    -1589.14558678
907    -1589.14558671
908    -1589.14558675
909    -1589.14558674
910    -1589.14558672
911    -1589.14558673
912    -1589.14558679
913    -1589.14558678
914    -1589.14558679
915    -1589.14558681
916    -1589.14558676
917    -1589.14558672
918    -1589.14558667
919    -1589.14558673
920    -1589.14558672
921    -1589.14558672
922    -1589.14558673
923    -1589.14558678
924    -1589.14558674
925    -1589.14558676
926    -1589.14558677
927    -1589.14558679
928    -1589.14558679
929    -1589.14558678
930    -1589.14558676
931    -1589.14558671
932    -1589.14558669
933    -1589.14558666
934    -1589.14558665
935    -1589.14558667
936    -1589.14558667
937    -1589.14558667
938    -1589.14558665
939    -1589.14558668
940    -1589.14558668
941    -1589.14558664
942    -1589.14558663
943    -1589.14558664
944    -1589.14558666
945    -1589.14558666
946    -1589.14558669
947    -1589.1455867
948    -1589.1455867
949    -1589.14558672
950    -1589.1455867
951    -1589.1455867
952    -1589.1455867
953    -1589.1455867
954    -1589.1455867
955    -1589.1455867
956    -1589.14558671
957    -1589.1455867
958    -1589.14558671
959    -1589.1455867
960    -1589.14558671
961    -1589.1455867
962    -1589.1455867
963    -1589.1455867
964    -1589.1455867
965    -1589.1455867
966    -1589.1455867
967    -1589.1455867
968    -1589.1455867
969    -1589.1455867
970    -1589.1455867
971    -1589.1455867
972    -1589.1455867
973    -1589.1455867
974    -1589.1455867
975    -1589.1455867
976    -1589.1455867
977    -1589.1455867
978    -1589.1455867
979    -1589.1455867
980    -1589.1455867
981    -1589.1455867
982    -1589.1455867
983    -1589.1455867
984    -1589.1455867
985    -1589.1455867
986    -1589.1455867
987    -1589.1455867
988    -1589.1455867
989    -1589.1455867
990    -1589.1455867
991    -1589.1455867
992    -1589.1455867
993    -1589.1455867
994    -1589.1455867
995    -1589.1455867
996    -1589.1455867
997    -1589.1455867
998    -1589.1455867
999    -1589.1455867
1000    -1589.1455867
1001    -1589.1455867
1002    -1589.1455867
1003    -1589.1455867
1004    -1589.1455867
1005    -1589.1455867
1006    -1589.1455867
1007    -1589.1455867
1008    -1589.1455867
1009    -1589.1455867
1010    -1589.1455867
1011    -1589.1455867
1012    -1589.1455867
1013    -1589.1455867
1014    -1589.1455867
1015    -1589.1455867
1016    -1589.1455867
1017    -1589.1455867
1018    -1589.1455867
1019    -1589.1455867
1020    -1589.1455867
1021    -1589.1455867
1022    -1589.1455867
1023    -1589.1455867
1024    -1589.1455867
