#x,Ay
1    -0
2    1.2222755e-07
3    1.14385e-09
4    -8.05345e-09
5    6.21181e-08
6    2.0833305e-07
7    5.858335e-08
8    1.367197e-07
9    1.0995335e-07
10    2.2236735e-07
11    3.317495e-07
12    4.4490765e-07
13    3.682596e-07
14    4.13001955e-07
15    1.77857505e-07
16    2.79178955e-07
17    2.77923192e-07
18    3.93732392e-07
19    4.94896842e-07
20    5.62934742e-07
21    5.26517622e-07
22    4.72893122e-07
23    4.98566492e-07
24    5.83888592e-07
25    4.02779692e-07
26    4.85799542e-07
27    5.21332972e-07
28    3.68751972e-07
29    1.25529372e-07
30    2.04409872e-07
31    2.52675337e-07
32    9.0251737e-08
33    1.57993137e-07
34    4.03890087e-07
35    4.86427437e-07
36    4.49498712e-07
37    4.20959182e-07
38    2.63756332e-07
39    5.09438432e-07
40    4.64870487e-07
41    5.21045537e-07
42    4.76768277e-07
43    4.28258632e-07
44    4.24860515e-07
45    5.40070915e-07
46    5.34652535e-07
47    6.96227335e-07
48    7.67363985e-07
49    5.23513485e-07
50    6.76077035e-07
51    4.93456585e-07
52    6.04684585e-07
53    6.25980225e-07
54    6.22143172e-07
55    4.39313422e-07
56    2.75023622e-07
57    1.52656522e-07
58    2.65628672e-07
59    1.18727722e-07
60    4.68992472e-07
61    2.66210072e-07
62    2.8987222e-08
63    -1.07681628e-07
64    -1.084722935e-07
65    -1.186579235e-07
66    -2.981389735e-07
67    -3.273935935e-07
68    -4.261104935e-07
69    -1.893875935e-07
70    -6.69856435e-08
71    -9.64728135e-08
72    -1.753068135e-07
73    -6.293813135e-07
74    -5.214729135e-07
75    -5.818076635e-07
76    -5.789080735e-07
77    -6.798341735e-07
78    -4.612675235e-07
79    -5.147769735e-07
80    -5.002426835e-07
81    -3.944563335e-07
82    -5.159513835e-07
83    -5.11858528e-07
84    -4.03572228e-07
85    -3.17878078e-07
86    -6.17442878e-07
87    -5.43928428e-07
88    -6.28111028e-07
89    -5.65869378e-07
90    -4.46101028e-07
91    -4.88029548e-07
92    -4.94593233e-07
93    -4.89942258e-07
94    -4.29805158e-07
95    -3.50956658e-07
96    -3.24353093e-07
97    -2.23519993e-07
98    -3.23236843e-07
99    -9.0816093e-08
100    -5.4864078e-08
101    3.1364972e-08
102    -5.9840628e-08
103    -2.76142828e-07
104    -3.49535178e-07
105    -1.06475328e-07
106    -1.74170228e-07
107    -6.6174628e-08
108    -1.58114178e-07
109    -3.22153978e-07
110    -3.04247733e-07
111    -1.84950283e-07
112    -2.63226133e-07
113    -8.79154633e-07
114    -7.60339733e-07
115    -8.55667233e-07
116    -8.09483073e-07
117    -6.04256023e-07
118    -5.92954158e-07
119    -4.12891758e-07
120    -3.97264488e-07
121    -3.68242418e-07
122    -2.61135618e-07
123    -3.49992468e-07
124    -4.02100818e-07
125    -3.96101068e-07
126    -4.67586518e-07
127    -3.88174068e-07
128    -3.76430363e-07
129    -5.19866363e-07
130    -6.06798863e-07
131    -6.62947713e-07
132    -6.14961308e-07
133    -4.17504258e-07
134    -6.22751658e-07
135    -6.77508158e-07
136    -7.06367443e-07
137    -6.18298343e-07
138    -3.19197193e-07
139    -1.84647443e-07
140    -1.6561293e-08
141    -2.5967883e-08
142    1.75698317e-07
143    3.51539967e-07
144    -1.55788033e-07
145    -4.99448383e-07
146    -5.72352383e-07
147    -3.58802983e-07
148    -5.08331733e-07
149    -4.44101783e-07
150    -2.35180083e-07
151    -4.5769233e-08
152    -2.18390083e-07
153    -3.80383433e-07
154    -5.5419983e-08
155    -2.2398078e-08
156    1.23915722e-07
157    4.13008572e-07
158    3.09059322e-07
159    2.58958172e-07
160    4.98855322e-07
161    6.38151972e-07
162    7.18334722e-07
163    9.13768572e-07
164    7.53903022e-07
165    9.35976972e-07
166    1.114690622e-06
167    5.38859622e-07
168    4.02272172e-07
169    3.42135072e-07
170    2.39874722e-07
171    1.33832522e-07
172    2.88288422e-07
173    1.83967122e-07
174    4.5228622e-08
175    -3.0977578e-08
176    -1.26943678e-07
177    -2.04312628e-07
178    -9.3619478e-08
179    6.1164872e-08
180    -3.27842478e-07
181    -2.58822028e-07
182    -2.24288553e-07
183    -2.204980085e-07
184    -9.15963085e-08
185    -7.75852535e-08
186    1.932408965e-07
187    2.578152965e-07
188    2.749308765e-07
189    3.743105265e-07
190    1.622959265e-07
191    1.089490765e-07
192    1.710860765e-07
193    4.434470265e-07
194    4.983285265e-07
195    3.037376265e-07
196    4.861022765e-07
197    7.421848265e-07
198    9.205961265e-07
199    7.208368765e-07
200    4.625102265e-07
201    3.943037265e-07
202    1.657084265e-07
203    5.264843765e-07
204    2.017069765e-07
205    2.925353765e-07
206    2.140734765e-07
207    4.900970765e-07
208    5.166832015e-07
209    5.784946015e-07
210    8.073253515e-07
211    1.0160726515e-06
212    1.1384862515e-06
213    1.0673263515e-06
214    9.755510515e-07
215    6.867721515e-07
216    7.235148365e-07
217    8.020697865e-07
218    1.0746632865e-06
219    1.0381840415e-06
220    1.3429855415e-06
221    1.1611324915e-06
222    9.011547415e-07
223    1.0910306915e-06
224    1.0091154415e-06
225    1.0196266415e-06
226    8.419129915e-07
227    6.506591915e-07
228    7.627476415e-07
229    6.453803415e-07
230    6.127305065e-07
231    5.663486865e-07
232    6.416595365e-07
233    3.634441865e-07
234    2.140084365e-07
235    7.37118365e-08
236    1.056640215e-07
237    -6.34453285e-08
238    -1.224661785e-07
239    -4.549758285e-07
240    -3.096736285e-07
241    -2.934882435e-07
242    -1.398433435e-07
243    2.236185565e-07
244    4.702596565e-07
245    8.17406565e-08
246    -1.471220935e-07
247    -1.866088485e-07
248    -7.66133485e-08
249    2.242057515e-07
250    1.497873015e-07
251    3.818010515e-07
252    8.246434015e-07
253    6.293025515e-07
254    6.611355515e-07
255    5.422945015e-07
256    3.641971515e-07
257    1.582230015e-07
258    -3.28679985e-08
259    7.75926015e-08
260    -2.417896985e-07
261    -5.240572485e-07
262    -3.695751985e-07
263    -2.354876485e-07
264    -8.587761485e-07
265    -7.043173485e-07
266    -7.616928985e-07
267    -6.452325485e-07
268    -6.771847335e-07
269    -6.516276335e-07
270    -3.983240335e-07
271    -4.291832385e-07
272    -4.865675385e-07
273    -8.772782885e-07
274    -9.186254335e-07
275    -1.2371240335e-06
276    -1.0842000835e-06
277    -6.510317335e-07
278    -4.653997835e-07
279    -3.325214835e-07
280    2.431060165e-07
281    2.789068765e-07
282    4.715501765e-07
283    3.688566765e-07
284    2.926969765e-07
285    3.286024865e-07
286    2.955108165e-07
287    5.445239165e-07
288    7.787934165e-07
289    9.889708665e-07
290    1.0477591665e-06
291    1.2518671165e-06
292    1.4133314665e-06
293    1.2151070165e-06
294    1.4719337165e-06
295    1.5872778165e-06
296    1.6331480365e-06
297    1.3032428865e-06
298    1.5706476365e-06
299    4.14938676365e-05
300    3.49875799387
301    10.2681574939
302    17.0377674939
303    23.8074454939
304    30.5772989939
305    37.6544524939
306    49.9020594939
307    70.2139929939
308    101.635553494
309    136.482250494
310    178.331676494
311    225.707717494
312    279.612477494
313    340.463532494
314    406.842157494
315    481.607242494
316    568.197072494
317    671.574242494
318    790.310147494
319    925.008272494
320    1083.43815249
321    1278.69658249
322    1502.17090249
323    1738.13003249
324    1977.69096249
325    2230.92239249
326    2491.13869249
327    2760.67666749
328    3047.09352249
329    3361.60119749
330    3704.58225749
331    4067.31492249
332    4451.59779249
333    4875.26079249
334    5323.06684749
335    5783.95507749
336    6283.53571749
337    6829.72891749
338    7404.67331749
339    8015.82426749
340    8653.40451749
341    9315.47746749
342    10027.3809675
343    10804.9216175
344    11661.0789175
345    12670.3965675
346    13850.3530675
347    15252.9419175
348    16978.4389175
349    19170.8858175
350    22407.3392175
351    28872.3662175
352    44233.8802175
353    47578.1999675
354    47530.3769555
355    47475.2372905
356    47444.859665
357    47213.145075
358    47196.487104
359    47228.817216
360    47211.3854425
361    47258.946213
362    47337.654773
363    47550.463273
364    47824.866828
365    47957.867438
366    47994.807918
367    47874.507908
368    47829.3015695
369    47281.8050195
370    47315.7477905
371    47204.4281955
372    47652.0215455
373    47757.3355405
374    47573.7812255
375    47399.5951005
376    47534.1222205
377    47581.646424
378    47650.495419
379    47535.931694
380    47454.033474
381    47672.683629
382    47684.8230775
383    47588.7782975
384    47733.2465625
385    47637.6485975
386    47595.2798195
387    47357.4357095
388    47437.2134645
389    47644.9303895
390    47422.5589195
391    47220.1813945
392    47206.544711
393    47389.533206
394    47223.346506
395    47080.200786
396    47286.191576
397    47124.533176
398    46889.607711
399    46958.510561
400    47107.978311
401    46981.983766
402    47049.041771
403    46815.761116
404    46843.5946775
405    46854.3676415
406    46887.5313585
407    46599.3272135
408    46763.1342285
409    46886.8082785
410    46855.9961315
411    46708.3148415
412    46834.9862115
413    46780.0377965
414    46809.9443435
415    46701.7441635
416    46731.7639755
417    46833.7703305
418    46752.9354855
419    46798.702889
420    46911.296289
421    46832.548569
422    46531.040064
423    46710.990779
424    46905.391259
425    47078.668339
426    46808.015164
427    46536.007564
428    46793.403134
429    46836.8959775
430    46743.0912075
431    46778.6974515
432    46704.1822765
433    46809.9188465
434    46641.4889915
435    46875.1107215
436    46799.5168815
437    46651.6374265
438    46806.3032365
439    46740.7937815
440    46856.1183615
441    46929.2425565
442    46904.6030325
443    46843.2327525
444    46838.7226437
445    46853.0877367
446    46757.6318067
447    46585.5822567
448    46607.9985152
449    46812.0839902
450    47064.0665102
451    46965.8116402
452    46697.0445902
453    46791.5015452
454    46756.8275407
455    46565.4093957
456    46593.3086392
457    46576.9322477
458    46759.0149077
459    46732.8045857
460    46744.7803387
461    46787.9574367
462    47007.6328167
463    46776.1458017
464    46763.8812092
465    47021.1928492
466    46919.6527842
467    46778.9257642
468    46641.8206942
469    46925.1911692
470    46711.5401042
471    46717.3290847
472    46797.3260097
473    46549.1796397
474    46750.7668597
475    46893.6495347
476    46789.2069197
477    46671.5360097
478    46691.4138182
479    46874.9680482
480    47026.8134132
481    47020.6384717
482    46874.7063067
483    47165.0071917
484    47086.9191617
485    47000.3977867
486    47114.3681667
487    46786.0917667
488    46953.4110217
489    46782.3499067
490    47132.2237967
491    47123.5943047
492    47086.2677667
493    46830.7015717
494    46793.3485297
495    46887.1141597
496    46801.2051347
497    46797.9532224
498    46885.1481524
499    46744.6358774
500    46477.4171174
501    46752.9732874
502    46622.2950774
503    46573.5316444
504    46740.3852144
505    46845.5730344
506    46689.9386844
507    46688.3116218
508    46662.4194183
509    46759.1144683
510    46828.9370583
511    46526.6181583
512    46383.3388583
513    46622.9234433
514    46626.4878894
515    46716.7538594
516    46545.3722944
517    46783.9104094
518    46541.0138594
519    46450.9353044
520    46644.8240944
521    46669.9398704
522    46710.4556184
523    46571.5971734
524    46577.8289659
525    46545.5281174
526    46568.3888379
527    46705.4413479
528    46700.5583287
529    46610.4183037
530    46475.3769437
531    46568.3403737
532    46561.6674957
533    46488.1181457
534    46616.8980657
535    46700.7272557
536    46665.7860997
537    46608.2202347
538    46415.4454547
539    46439.7414622
540    46518.8805672
541    46600.2999622
542    46773.2629822
543    46721.5307372
544    46589.9416172
545    46534.5956572
546    46546.0045507
547    46423.7135757
548    46446.1194357
549    46326.7646357
550    46263.8433857
551    46240.9535452
552    46095.0219252
553    46283.0414302
554    46269.6390607
555    46334.1300857
556    46347.9303737
557    46458.1242637
558    46223.4541637
559    46367.5035937
560    46657.2788637
561    46486.6387437
562    46685.1993287
563    46564.3961537
564    46671.2792687
565    46352.4025787
566    46515.3279087
567    46502.9071177
568    46641.7341677
569    46704.6725077
570    46515.4402977
571    46435.0266227
572    46735.1914127
573    46583.5502627
574    46598.5722542
575    46519.5706392
576    46562.9009942
577    46739.6654092
578    46604.4503792
579    46404.2950792
580    46400.3314504
581    46741.6579504
582    46819.0865554
583    46956.1390654
584    46970.1855549
585    46798.6898049
586    46982.9564949
587    47170.2459949
588    47085.8492849
589    47172.5819099
590    47083.2656699
591    47147.5651549
592    46899.0741249
593    46910.2941954
594    47313.1370654
595    47303.9898479
596    47206.8272179
597    47360.4558979
598    47016.9378929
599    47270.6513029
600    47322.9473929
601    47151.6690279
602    47277.3790379
603    47253.4468089
604    47269.7373959
605    47175.6697059
606    47297.6745009
607    47284.0040369
608    47145.3160169
609    47240.6967419
610    47567.5623969
611    47511.6437369
612    47376.4902269
613    47462.9336569
614    47467.8932284
615    47618.7890084
616    47477.3813884
617    47496.7017739
618    47695.4528239
619    47760.0742789
620    47538.5382489
621    47642.5642089
622    47783.7160939
623    47633.2513889
624    47568.1155839
625    47669.2846539
626    47858.3209739
627    47496.5641789
628    47515.6950194
629    47616.4293694
630    47658.1141619
631    47626.8403239
632    47562.8607789
633    47402.3155989
634    47515.3833439
635    47529.9436614
636    47409.6079014
637    47457.1366719
638    47590.9019869
639    47680.9506119
640    47429.9987669
641    47390.2287444
642    47317.7694394
643    47291.7604154
644    47356.3739054
645    47336.0179719
646    47377.4303779
647    47414.4775384
648    47460.4269529
649    47318.4452079
650    47308.6055574
651    47313.3801443
652    47306.9578823
653    47452.5228923
654    47237.7591873
655    47059.2614273
656    46898.7945223
657    47298.0026023
658    47552.1034723
659    47979.8036973
660    47942.0187348
661    47618.6609548
662    47457.4469298
663    47360.9147148
664    47212.5217848
665    47133.0397848
666    47191.0606998
667    47103.9956648
668    47472.6392298
669    47356.0122848
670    47542.9816398
671    47423.4872498
672    47744.7983398
673    44760.1971398
674    29692.3266398
675    23506.5996398
676    20291.0813898
677    18098.3357898
678    16421.7058398
679    15011.0807898
680    13816.1880398
681    12798.8716398
682    11939.4015898
683    11175.5181398
684    10473.5727898
685    9825.94553984
686    9219.59638984
687    8664.55438984
688    8131.52903984
689    7616.83678984
690    7128.53382984
691    6658.78648484
692    6223.79922984
693    5812.92057984
694    5427.85123484
695    5058.04510484
696    4713.31271984
697    4386.34417484
698    4071.76223984
699    3786.93368984
700    3517.11984984
701    3261.49655984
702    3012.34701984
703    2787.28068984
704    2587.62133484
705    2419.44302484
706    2272.51538984
707    2142.84132484
708    2027.47479984
709    1927.66595984
710    1848.59884984
711    1789.00752484
712    1743.92923234
713    1709.05778034
714    1677.84060034
715    1656.49400834
716    1636.18568984
717    1618.98696084
718    1605.81659784
719    1597.54177284
720    1592.49519534
721    1592.21764314
722    1592.21764303
723    1592.21764306
724    1592.21764291
725    1592.21764287
726    1592.21764277
727    1592.21764296
728    1592.21764307
729    1592.21764312
730    1592.21764362
731    1592.21764389
732    1592.21764395
733    1592.21764375
734    1592.21764403
735    1592.21764444
736    1592.2176446
737    1592.21764464
738    1592.21764438
739    1592.21764457
740    1592.2176442
741    1592.21764403
742    1592.21764406
743    1592.21764389
744    1592.21764341
745    1592.21764344
746    1592.21764355
747    1592.21764319
748    1592.21764291
749    1592.21764309
750    1592.21764332
751    1592.21764325
752    1592.21764328
753    1592.21764351
754    1592.21764324
755    1592.21764331
756    1592.21764287
757    1592.21764301
758    1592.21764311
759    1592.21764305
760    1592.21764313
761    1592.21764282
762    1592.21764309
763    1592.21764297
764    1592.21764289
765    1592.21764282
766    1592.21764292
767    1592.21764269
768    1592.21764265
769    1592.21764283
770    1592.21764286
771    1592.21764262
772    1592.21764285
773    1592.21764304
774    1592.21764276
775    1592.21764272
776    1592.21764257
777    1592.21764261
778    1592.21764236
779    1592.2176422
780    1592.21764229
781    1592.21764219
782    1592.21764231
783    1592.21764221
784    1592.21764242
785    1592.21764245
786    1592.21764246
787    1592.2176421
788    1592.21764188
789    1592.21764198
790    1592.21764203
791    1592.21764237
792    1592.21764205
793    1592.21764231
794    1592.21764217
795    1592.21764215
796    1592.21764218
797    1592.21764197
798    1592.21764189
799    1592.21764193
800    1592.21764168
801    1592.21764187
802    1592.2176419
803    1592.21764156
804    1592.21764171
805    1592.21764175
806    1592.21764159
807    1592.21764159
808    1592.21764166
809    1592.21764166
810    1592.21764187
811    1592.21764161
812    1592.2176415
813    1592.21764149
814    1592.21764141
815    1592.21764129
816    1592.21764094
817    1592.21764086
818    1592.21764097
819    1592.21764076
820    1592.2176406
821    1592.21764077
822    1592.21764098
823    1592.21764069
824    1592.21764085
825    1592.21764095
826    1592.21764112
827    1592.21764147
828    1592.21764139
829    1592.21764126
830    1592.21764134
831    1592.2176414
832    1592.21764146
833    1592.21764108
834    1592.21764089
835    1592.21764059
836    1592.2176408
837    1592.21764117
838    1592.21764135
839    1592.21764132
840    1592.21764137
841    1592.21764137
842    1592.21764138
843    1592.21764131
844    1592.21764158
845    1592.21764172
846    1592.21764185
847    1592.2176418
848    1592.21764202
849    1592.21764216
850    1592.21764227
851    1592.21764212
852    1592.2176423
853    1592.21764219
854    1592.21764217
855    1592.21764205
856    1592.2176419
857    1592.21764166
858    1592.21764159
859    1592.2176415
860    1592.2176417
861    1592.21764147
862    1592.21764122
863    1592.21764112
864    1592.21764127
865    1592.21764126
866    1592.21764152
867    1592.21764135
868    1592.21764129
869    1592.21764152
870    1592.21764132
871    1592.21764143
872    1592.21764141
873    1592.21764137
874    1592.21764137
875    1592.2176413
876    1592.21764143
877    1592.21764098
878    1592.21764099
879    1592.21764091
880    1592.21764068
881    1592.21764076
882    1592.21764102
883    1592.21764114
884    1592.21764103
885    1592.21764127
886    1592.21764139
887    1592.21764151
888    1592.21764174
889    1592.21764144
890    1592.21764161
891    1592.21764144
892    1592.21764101
893    1592.21764116
894    1592.21764124
895    1592.21764119
896    1592.21764104
897    1592.21764083
898    1592.21764085
899    1592.21764089
900    1592.21764089
901    1592.21764078
902    1592.21764081
903    1592.21764062
904    1592.21764075
905    1592.2176407
906    1592.21764068
907    1592.21764082
908    1592.21764099
909    1592.21764081
910    1592.21764068
911    1592.21764093
912    1592.21764083
913    1592.2176408
914    1592.21764078
915    1592.21764092
916    1592.21764098
917    1592.21764111
918    1592.2176411
919    1592.21764092
920    1592.21764081
921    1592.21764084
922    1592.21764086
923    1592.21764108
924    1592.21764118
925    1592.21764108
926    1592.21764107
927    1592.21764099
928    1592.21764106
929    1592.21764119
930    1592.21764123
931    1592.2176414
932    1592.21764146
933    1592.21764157
934    1592.21764175
935    1592.21764169
936    1592.2176416
937    1592.21764155
938    1592.2176417
939    1592.21764143
940    1592.21764169
941    1592.21764157
942    1592.21764166
943    1592.21764161
944    1592.21764182
945    1592.21764173
946    1592.21764179
947    1592.21764174
948    1592.21764162
949    1592.21764165
950    1592.21764162
951    1592.21764147
952    1592.21764109
953    1592.21764102
954    1592.21764105
955    1592.21764106
956    1592.21764128
957    1592.21764112
958    1592.21764121
959    1592.21764116
960    1592.21764123
961    1592.21764126
962    1592.21764154
963    1592.21764133
964    1592.21764147
965    1592.21764147
966    1592.21764155
967    1592.21764167
968    1592.21764178
969    1592.21764159
970    1592.21764156
971    1592.21764158
972    1592.2176417
973    1592.2176414
974    1592.21764124
975    1592.21764115
976    1592.21764101
977    1592.21764111
978    1592.21764123
979    1592.21764113
980    1592.2176409
981    1592.21764088
982    1592.21764111
983    1592.21764119
984    1592.2176413
985    1592.21764122
986    1592.21764139
987    1592.21764135
988    1592.21764158
989    1592.21764139
990    1592.21764119
991    1592.21764097
992    1592.21764107
993    1592.21764096
994    1592.21764097
995    1592.21764105
996    1592.21764096
997    1592.21764098
998    1592.21764093
999    1592.21764102
1000    1592.21764109
1001    1592.21764102
1002    1592.21764079
1003    1592.21764083
1004    1592.21764084
1005    1592.21764104
1006    1592.21764113
1007    1592.21764121
1008    1592.21764117
1009    1592.21764139
1010    1592.21764151
1011    1592.21764167
1012    1592.21764185
1013    1592.21764174
1014    1592.21764156
1015    1592.21764145
1016    1592.21764134
1017    1592.21764135
1018    1592.21764139
1019    1592.21764155
1020    1592.21764144
1021    1592.21764136
1022    1592.21764133
1023    1592.21764127
1024    1592.2176411
