#x,Ay
1    -0
2    1.807266e-24
3    3.4802777e-24
4    5.21008945e-24
5    1.073515945e-23
6    9.98901685e-24
7    6.09564925e-24
8    -1.6265425e-25
9    -5.30303525e-24
10    -7.61439945e-24
11    -5.13199045e-24
12    -5.325626055e-24
13    -2.693472505e-24
14    -2.018329455e-24
15    -6.148174105e-24
16    -4.830806405e-24
17    -2.770523305e-24
18    -5.26286205e-25
19    5.107219795e-24
20    3.382087645e-24
21    2.158310345e-24
22    -2.5899755e-26
23    5.6718145e-26
24    -1.8080824e-25
25    -3.42097794e-24
26    -2.40374544e-24
27    3.22459706e-24
28    8.07839706e-24
29    1.300965136e-23
30    1.448128216e-23
31    1.731352606e-23
32    2.103391206e-23
33    2.413982756e-23
34    2.423535454e-23
35    2.4417049395e-23
36    2.2536201995e-23
37    2.1663550745e-23
38    2.0346828345e-23
39    2.7516510845e-23
40    2.4664903495e-23
41    1.9454813995e-23
42    1.9742040155e-23
43    2.1915922955e-23
44    1.7968337805e-23
45    1.769466614e-23
46    1.775840455e-23
47    1.566197605e-23
48    1.631517365e-23
49    1.595113864e-23
50    1.6343573535e-23
51    1.4310399335e-23
52    1.0832703335e-23
53    1.4551798435e-23
54    1.0890793935e-23
55    1.0622285865e-23
56    8.876015215e-24
57    8.730627105e-24
58    9.776904955e-24
59    1.4175015805e-23
60    1.3485672955e-23
61    1.35218182995e-23
62    1.49650492995e-23
63    1.59461365495e-23
64    1.77534024495e-23
65    1.66458065995e-23
66    1.87112534495e-23
67    2.00518574995e-23
68    1.85260086495e-23
69    1.78895928995e-23
70    1.65728704995e-23
71    1.59222547495e-23
72    1.58257596645e-23
73    1.73469289145e-23
74    1.79471994145e-23
75    1.50349193645e-23
76    1.62483693645e-23
77    1.39557240645e-23
78    3.86584635645e-23
79    -1.17633886436e-22
80    -8.72926436436e-22
81    -3.08849364355e-23
82    1.54113860636e-20
83    2.28879735636e-20
84    -4.24449164364e-20
85    1.28099528564e-19
86    1.27545422856e-18
87    2.96442262856e-18
88    1.34995786286e-17
89    1.52619806786e-17
90    -3.69711643214e-17
91    -2.11836069321e-16
92    -9.92739719321e-16
93    -5.29609774321e-16
94    -3.97475637432e-15
95    -6.61665912432e-15
96    -2.44079626243e-14
97    -4.59839621243e-14
98    -7.84685526243e-14
99    -1.49747262624e-13
100    -2.08296022624e-13
101    -6.67144026243e-14
102    -3.44001075262e-12
103    -1.39777697526e-11
104    -1.50692610526e-11
105    -9.93435405262e-12
106    -9.53338526762e-12
107    3.45520682324e-11
108    -7.23401476762e-12
109    -1.34034339768e-10
110    -3.32677174768e-10
111    -1.10862667477e-09
112    -1.23030594477e-09
113    -9.81406224768e-10
114    -4.47435922477e-09
115    -4.33337628477e-09
116    -3.83703063977e-09
117    -7.80198463977e-09
118    7.29645360232e-10
119    -1.30224813977e-09
120    -7.70605813977e-09
121    -3.92714163977e-09
122    -7.49821613977e-09
123    -1.55698361398e-08
124    -1.51348981048e-08
125    -1.63441506048e-08
126    -3.63840306048e-08
127    -2.27654006048e-08
128    -1.10180606048e-08
129    -1.11227088998e-08
130    -8.64606339977e-09
131    -9.74267539977e-09
132    -1.92713553998e-08
133    2.19130096002e-08
134    -1.28317039977e-09
135    1.90561146002e-08
136    5.62715960023e-09
137    -6.04387539977e-09
138    -4.90399403998e-08
139    -7.58934953998e-08
140    -8.71328603998e-08
141    -8.46925533998e-08
142    -3.26540033998e-08
143    -2.84942893998e-08
144    6.76030600232e-10
145    -6.24434693998e-08
146    -4.48627943998e-08
147    -5.52402793998e-08
148    -4.03397243998e-08
149    -9.42910243998e-08
150    -1.627155744e-07
151    -1.663665864e-07
152    -1.253878814e-07
153    -1.477154564e-07
154    -1.249373164e-07
155    -1.546483114e-07
156    -2.589696114e-07
157    -3.267808114e-07
158    -3.492508264e-07
159    -3.939350464e-07
160    -3.931589149e-07
161    -4.018736749e-07
162    -4.361745999e-07
163    -4.286516499e-07
164    -4.681057049e-07
165    -4.824074449e-07
166    -4.138753449e-07
167    -4.012850149e-07
168    -3.612924649e-07
169    -2.992368649e-07
170    -3.770825149e-07
171    -3.834485349e-07
172    -3.731117449e-07
173    -3.890180699e-07
174    -3.221603199e-07
175    -3.363341599e-07
176    -3.096375799e-07
177    -3.724954799e-07
178    -3.473685999e-07
179    -4.086218999e-07
180    -5.037580499e-07
181    -5.598603999e-07
182    -6.214944999e-07
183    -7.215252999e-07
184    -6.180062999e-07
185    -6.405199149e-07
186    -5.620463649e-07
187    -5.343207549e-07
188    -5.908533049e-07
189    -6.788032049e-07
190    -7.157784399e-07
191    -6.911050349e-07
192    -7.262503999e-07
193    -6.336727999e-07
194    -6.777175149e-07
195    -6.465211149e-07
196    -6.4668389839e-07
197    -7.0708839839e-07
198    -7.2825032339e-07
199    -7.0629773339e-07
200    -6.9206493839e-07
201    -8.6352303839e-07
202    -1.00305223839e-06
203    -1.07114248839e-06
204    -1.05554428839e-06
205    -1.26288463839e-06
206    -1.27018375839e-06
207    -1.16631010839e-06
208    -1.07992990839e-06
209    -1.13377655839e-06
210    -1.24535340839e-06
211    -1.16863560839e-06
212    -1.16558921839e-06
213    -1.05820986839e-06
214    -1.19127421839e-06
215    -1.11592846839e-06
216    -1.13166038339e-06
217    -1.21254078339e-06
218    -1.39195208339e-06
219    -1.19042543339e-06
220    -1.24656268339e-06
221    -1.44705448339e-06
222    -1.48927368839e-06
223    -1.35753488839e-06
224    -1.18940223839e-06
225    -1.17735621839e-06
226    -1.12903842339e-06
227    -1.05029747339e-06
228    -1.12430607339e-06
229    -9.7064372339e-07
230    -9.0645737339e-07
231    -7.9478752339e-07
232    -7.9244459689e-07
233    -8.4493664689e-07
234    -9.6956529689e-07
235    -9.0285869689e-07
236    -9.2425317189e-07
237    -8.8485943189e-07
238    -6.9025108189e-07
239    -8.1649008189e-07
240    -9.0995138189e-07
241    -1.04673648189e-06
242    -1.26668098189e-06
243    -1.48501073189e-06
244    -1.77011533189e-06
245    -1.82508983189e-06
246    -1.87992478189e-06
247    -1.71672213189e-06
248    -1.78217293189e-06
249    -2.08910513189e-06
250    -2.09529092689e-06
251    -2.28785282689e-06
252    -1.93070467689e-06
253    -1.50105652689e-06
254    -1.45282594189e-06
255    -1.36408539189e-06
256    -1.23292794189e-06
257    -1.10556104189e-06
258    -1.17216294189e-06
259    -1.47435989189e-06
260    -1.55303109189e-06
261    -1.37735224189e-06
262    -1.46588349189e-06
263    -1.61164499189e-06
264    -1.50299244189e-06
265    -1.59570959189e-06
266    -1.62586533689e-06
267    -1.83236853689e-06
268    -1.78774245189e-06
269    -1.90513300189e-06
270    -1.72532640189e-06
271    -1.73600038689e-06
272    -1.65491068689e-06
273    -1.66025930689e-06
274    -1.66825898189e-06
275    -1.57249543189e-06
276    -1.70293198189e-06
277    -1.57016998189e-06
278    -1.98789713189e-06
279    -2.16533758189e-06
280    -2.17150012189e-06
281    -2.19210393189e-06
282    -2.57047798189e-06
283    -2.69740303189e-06
284    -2.80654683189e-06
285    -3.06388513189e-06
286    -3.13341718189e-06
287    -3.23341308189e-06
288    -3.20973963689e-06
289    -3.34876883689e-06
290    -3.22970393689e-06
291    -3.24363650689e-06
292    -3.14919850689e-06
293    -3.54607760689e-06
294    -3.64499795689e-06
295    -3.51228825689e-06
296    -3.49656797189e-06
297    -3.25360117189e-06
298    -2.96161312189e-06
299    -3.07545147189e-06
300    -3.05497556689e-06
301    -2.80453231689e-06
302    -2.91550596689e-06
303    -2.94452803189e-06
304    -2.93008676689e-06
305    -2.66591151689e-06
306    -2.63916842689e-06
307    -3.01392632689e-06
308    -2.88357992689e-06
309    -2.64825232689e-06
310    -2.64585707339e-06
311    -2.65588573839e-06
312    -2.66288545339e-06
313    -2.83106390339e-06
314    -2.58977145339e-06
315    -2.88101535339e-06
316    -2.47277620339e-06
317    -2.70476675339e-06
318    -2.49231035339e-06
319    -2.69588340339e-06
320    -2.69033711839e-06
321    -2.43165001839e-06
322    -2.58274846839e-06
323    -2.79675136839e-06
324    -2.78129124339e-06
325    -3.12925379339e-06
326    -3.00704949339e-06
327    -2.69858534339e-06
328    -2.64407594339e-06
329    -2.46376934339e-06
330    -2.43349151339e-06
331    -2.77440781339e-06
332    1.27931867559
333    9.16028767559
334    22.4180156756
335    47.4115951756
336    109.671675176
337    217.211170176
338    403.851225176
339    670.779945176
340    997.624565176
341    1424.61192018
342    1947.06092018
343    2588.06097018
344    3371.09552018
345    4270.64667018
346    5303.90847018
347    6480.70457018
348    7840.55477018
349    9515.75452018
350    11805.7740702
351    15897.0866202
352    32686.1516202
353    37144.2137702
354    35881.7190202
355    36497.5312702
356    36158.8706302
357    35574.1286302
358    34719.2477802
359    34613.2608002
360    35159.7797002
361    35279.0710102
362    35171.9426002
363    35061.8673502
364    35116.9090352
365    34890.8554452
366    35230.4056352
367    35297.9507402
368    34798.1958152
369    34641.1500152
370    35327.8756152
371    35291.0922217
372    34894.7348367
373    35200.4942117
374    35372.9517867
375    35212.0924667
376    34766.3311367
377    35139.7704617
378    35484.1591917
379    35177.7872167
380    34986.1679817
381    35301.6567917
382    35314.2917342
383    34969.5531642
384    35028.5352192
385    35323.9080592
386    35244.3194492
387    35049.2510742
388    34973.2751492
389    35163.6483392
390    35134.7329422
391    35075.7652072
392    35101.5933542
393    35032.3221442
394    35016.1874112
395    35159.5333712
396    35036.9608862
397    35143.6047912
398    35060.9840412
399    35018.8688747
400    35100.2129347
401    35160.6355597
402    35126.0907407
403    34996.4349957
404    35087.7644607
405    35299.5892857
406    35239.3968557
407    35145.4709757
408    35444.5200607
409    35342.4580307
410    35172.0041807
411    35364.2155357
412    35263.0161757
413    35236.4276342
414    35278.7084507
415    35267.3399567
416    35271.0760549
417    35045.6813449
418    35158.0429699
419    35277.9334749
420    35292.1357339
421    35142.5383439
422    35097.3361269
423    34985.5108719
424    35264.0586369
425    35221.5412454
426    35176.0724759
427    35142.1262434
428    35079.7324334
429    35295.9200484
430    35149.1553084
431    35156.0948984
432    35208.4753884
433    35330.7060384
434    35366.8190394
435    35284.0982294
436    35197.5477194
437    35295.6190344
438    35302.9548429
439    35359.1964329
440    35418.5307029
441    35403.1946939
442    35478.7814839
443    35256.4115689
444    35214.5948369
445    35363.5081119
446    35435.3832319
447    35431.7939487
448    35290.0685087
449    35085.3812737
450    35241.7266587
451    35571.1793237
452    35212.3735737
453    35110.2665687
454    35496.5971537
455    35403.9384537
456    35251.1201337
457    35111.7028937
458    35399.4817937
459    35476.6041737
460    35338.8548137
461    35281.2683737
462    35247.9868427
463    35185.4670477
464    35435.9756427
465    35296.8566227
466    35155.4191027
467    35150.633297
468    35241.696737
469    35136.965327
470    35067.777437
471    35173.063307
472    35232.698602
473    35099.841147
474    35144.911739
475    35288.151104
476    35209.808044
477    34923.202609
478    34792.179649
479    34946.257754
480    35088.192264
481    35103.731838
482    35012.396498
483    35089.488258
484    34966.729743
485    34938.405844
486    35015.500009
487    35220.894379
488    34855.398304
489    34785.246199
490    34932.131944
491    35130.829374
492    34888.044789
493    34870.3463815
494    35264.5670465
495    34990.5403465
496    34560.8720765
497    34790.7557165
498    35219.7354465
499    34881.8617515
500    34625.6672515
501    35061.6093215
502    34887.5735165
503    34904.153308
504    34921.7545855
505    35090.6832305
506    34961.3211855
507    34912.1537795
508    34991.9240245
509    35012.9645235
510    35070.9771485
511    35044.226669
512    34904.672764
513    34875.406158
514    34945.573618
515    34916.3243045
516    35187.5511645
517    35083.0270095
518    35144.6159245
519    34925.5197195
520    34960.3641255
521    35231.8532305
522    35217.9108755
523    35024.5547905
524    35067.682271
525    35180.717546
526    35452.644881
527    35041.354586
528    34779.003286
529    34980.445571
530    35194.645156
531    35237.7760155
532    35134.4663655
533    35038.2280505
534    35044.55637
535    35003.658207
536    34892.888357
537    35078.889992
538    35296.184572
539    35149.216172
540    34917.573997
541    35057.606682
542    35134.849742
543    35172.9399485
544    35157.9955735
545    34981.0687285
546    35049.7454785
547    35046.4858698
548    35190.9279898
549    35139.5226248
550    35120.5795948
551    35205.7651698
552    35142.8558898
553    34998.6457248
554    35070.6568698
555    35131.2601898
556    35130.1986181
557    35177.2588831
558    34963.1366731
559    35082.2877031
560    35153.9650031
561    35250.9492081
562    35044.2958081
563    35161.3213731
564    35394.6875131
565    35235.6190881
566    35410.7754131
567    35124.1352031
568    35155.2525021
569    35308.5691421
570    35466.1178621
571    35434.2348696
572    35308.8374896
573    35166.5006696
574    35316.3426896
575    35193.7930296
576    35058.6685296
577    35141.1430496
578    35104.6985336
579    35210.2825586
580    35084.1458086
581    34984.2885936
582    34954.6917271
583    35402.1284021
584    35112.1989221
585    35093.2987751
586    35193.2731551
587    35120.3164901
588    35113.1473511
589    35098.2765861
590    35285.5501311
591    35174.7898161
592    35236.8484211
593    35013.7053061
594    35195.6261361
595    35082.5246411
596    35067.5655206
597    35022.1783896
598    35082.2717996
599    35192.9102596
600    35270.9808096
601    35167.1275196
602    35147.2116336
603    35032.2251086
604    34978.4842936
605    35193.1604686
606    34978.1741036
607    34876.7766086
608    34999.1421086
609    35177.2210736
610    35175.1470416
611    34990.5782516
612    34981.3026306
613    35044.7698106
614    35002.4172066
615    34935.8093816
616    34855.6296816
617    34869.0421321
618    34885.1708871
619    34891.2776186
620    34814.1507086
621    34786.1768001
622    34706.0427601
623    34815.8311851
624    34743.5052201
625    34715.3293866
626    34779.1869066
627    34910.9591916
628    34759.3391566
629    34940.1704066
630    34873.8256216
631    34957.5657966
632    34696.3374166
633    34815.6175366
634    34948.7186866
635    34848.0929916
636    34841.7605291
637    34971.8095141
638    35075.7222591
639    34944.2011841
640    34921.1828931
641    35039.0568231
642    35101.9767131
643    35115.7879321
644    34907.6512071
645    35043.1496121
646    35384.7661521
647    35062.8731871
648    35152.2851271
649    35636.4351921
650    35421.4939271
651    35402.9765026
652    35451.4841811
653    35615.2479261
654    35142.3927011
655    34997.3436111
656    35340.8784061
657    35820.6353911
658    35320.2903411
659    34933.5239461
660    35374.7634161
661    35391.9238986
662    35286.4194886
663    35462.3109636
664    35374.7148686
665    35175.3836236
666    34617.4991736
667    34779.5536236
668    35513.1154236
669    35433.6182236
670    35933.9455736
671    35780.4742186
672    36608.7168686
673    32076.9021186
674    15391.6866186
675    11273.5538186
676    8953.42131858
677    7254.61561858
678    5880.17021858
679    4698.01941858
680    3643.75376858
681    2735.31781858
682    1991.95491858
683    1367.83281858
684    845.979418576
685    433.084473576
686    120.838363576
687    -113.367781424
688    -258.322946424
689    -338.646791424
690    -383.912224924
691    -401.541878924
692    -403.834646774
693    -403.834646547
694    -403.834646533
695    -403.834646649
696    -403.834646585
697    -403.834646805
698    -403.834646867
699    -403.834646851
700    -403.834646738
701    -403.834646814
702    -403.834646577
703    -403.834646529
704    -403.834646784
705    -403.834647093
706    -403.834647155
707    -403.834647405
708    -403.834647287
709    -403.834647384
710    -403.834647397
711    -403.834647887
712    -403.834648139
713    -403.834647753
714    -403.834648042
715    -403.834647802
716    -403.834647669
717    -403.834647518
718    -403.834647284
719    -403.834647447
720    -403.834647444
721    -403.834647514
722    -403.834647713
723    -403.834648251
724    -403.834648344
725    -403.834648419
726    -403.834648387
727    -403.834648537
728    -403.83464843
729    -403.834648296
730    -403.834648297
731    -403.834648175
732    -403.834647936
733    -403.834647839
734    -403.834647759
735    -403.834647616
736    -403.834647439
737    -403.834647942
738    -403.834647726
739    -403.83464786
740    -403.834647852
741    -403.834647564
742    -403.834647667
743    -403.834647953
744    -403.83464778
745    -403.834647741
746    -403.834647781
747    -403.834647856
748    -403.834647961
749    -403.834647929
750    -403.834648032
751    -403.83464813
752    -403.834647937
753    -403.834647923
754    -403.834647873
755    -403.834647883
756    -403.834648183
757    -403.834648473
758    -403.834648245
759    -403.834648439
760    -403.834648331
761    -403.834648342
762    -403.834648481
763    -403.834648521
764    -403.834648819
765    -403.834648781
766    -403.83464887
767    -403.834648739
768    -403.834648957
769    -403.834648885
770    -403.834648803
771    -403.834648864
772    -403.834648666
773    -403.834648663
774    -403.834648543
775    -403.834648558
776    -403.834648763
777    -403.834648893
778    -403.83464919
779    -403.834649114
780    -403.834649145
781    -403.834648996
782    -403.834648983
783    -403.834649191
784    -403.834649131
785    -403.834649025
786    -403.834649027
787    -403.834648935
788    -403.834648913
789    -403.8346488
790    -403.834649097
791    -403.834649088
792    -403.834648847
793    -403.834648958
794    -403.834648699
795    -403.83464878
796    -403.8346487
797    -403.834648505
798    -403.834648528
799    -403.834648249
800    -403.834648307
801    -403.834648278
802    -403.83464855
803    -403.834648538
804    -403.834648511
805    -403.834648541
806    -403.834648748
807    -403.834648852
808    -403.83464883
809    -403.834648972
810    -403.834649089
811    -403.834649149
812    -403.834649049
813    -403.834649027
814    -403.834648997
815    -403.834649164
816    -403.834649206
817    -403.83464904
818    -403.834649055
819    -403.834649065
820    -403.834649056
821    -403.834648885
822    -403.834648731
823    -403.834648709
824    -403.834648801
825    -403.834648832
826    -403.834648924
827    -403.834649106
828    -403.834649169
829    -403.834649283
830    -403.834649224
831    -403.834649179
832    -403.834649367
833    -403.834649279
834    -403.834649175
835    -403.834649229
836    -403.834649359
837    -403.834649418
838    -403.834649394
839    -403.83464935
840    -403.834649317
841    -403.834649364
842    -403.834649396
843    -403.834649531
844    -403.8346496
845    -403.834649641
846    -403.834649531
847    -403.834649548
848    -403.834649589
849    -403.834649499
850    -403.834649578
851    -403.834649604
852    -403.834649573
853    -403.834649678
854    -403.834649719
855    -403.834649928
856    -403.834649886
857    -403.83464986
858    -403.834649861
859    -403.834649845
860    -403.834649843
861    -403.834649754
862    -403.834649747
863    -403.834649782
864    -403.834649856
865    -403.834649871
866    -403.834649884
867    -403.834649799
868    -403.834649842
869    -403.834649848
870    -403.834649908
871    -403.834649895
872    -403.8346499
873    -403.834649879
874    -403.83464994
875    -403.834649921
876    -403.834649923
877    -403.834649888
878    -403.834649848
879    -403.834649868
880    -403.834649865
881    -403.834649961
882    -403.834649949
883    -403.834649929
884    -403.834649972
885    -403.834650037
886    -403.83465003
887    -403.834650021
888    -403.834650057
889    -403.834650013
890    -403.834650035
891    -403.834650009
892    -403.834650007
893    -403.834649977
894    -403.834649988
895    -403.834649966
896    -403.834649977
897    -403.834649974
898    -403.834649946
899    -403.834649994
900    -403.834649968
901    -403.834649981
902    -403.834649988
903    -403.834650004
904    -403.834650005
905    -403.834650009
906    -403.83465
907    -403.834649996
908    -403.834650002
909    -403.834650001
910    -403.834649997
911    -403.834649993
912    -403.834649992
913    -403.83464999
914    -403.83464999
915    -403.834649989
916    -403.834649989
917    -403.834649989
918    -403.834649989
919    -403.834649989
920    -403.834649989
921    -403.834649989
922    -403.834649989
923    -403.834649989
924    -403.834649989
925    -403.834649989
926    -403.834649989
927    -403.834649989
928    -403.834649989
929    -403.834649989
930    -403.834649989
931    -403.834649989
932    -403.834649989
933    -403.834649989
934    -403.834649989
935    -403.834649989
936    -403.834649989
937    -403.834649989
938    -403.834649989
939    -403.834649989
940    -403.834649989
941    -403.834649989
942    -403.834649989
943    -403.834649989
944    -403.834649989
945    -403.834649989
946    -403.834649989
947    -403.834649989
948    -403.834649989
949    -403.834649989
950    -403.834649989
951    -403.834649989
952    -403.834649989
953    -403.834649989
954    -403.834649989
955    -403.834649989
956    -403.834649989
957    -403.834649989
958    -403.834649989
959    -403.834649989
960    -403.834649989
961    -403.834649989
962    -403.834649989
963    -403.834649989
964    -403.834649989
965    -403.834649989
966    -403.834649989
967    -403.834649989
968    -403.834649989
969    -403.834649989
970    -403.834649989
971    -403.834649989
972    -403.834649989
973    -403.834649989
974    -403.834649989
975    -403.834649989
976    -403.834649989
977    -403.834649989
978    -403.834649989
979    -403.834649989
980    -403.834649989
981    -403.834649989
982    -403.834649989
983    -403.834649989
984    -403.834649989
985    -403.834649989
986    -403.834649989
987    -403.834649989
988    -403.834649989
989    -403.834649989
990    -403.834649989
991    -403.834649989
992    -403.834649989
993    -403.834649989
994    -403.834649989
995    -403.834649989
996    -403.834649989
997    -403.834649989
998    -403.834649989
999    -403.834649989
1000    -403.834649989
1001    -403.834649989
1002    -403.834649989
1003    -403.834649989
1004    -403.834649989
1005    -403.834649989
1006    -403.834649989
1007    -403.834649989
1008    -403.834649989
1009    -403.834649989
1010    -403.834649989
1011    -403.834649989
1012    -403.834649989
1013    -403.834649989
1014    -403.834649989
1015    -403.834649989
1016    -403.834649989
1017    -403.834649989
1018    -403.834649989
1019    -403.834649989
1020    -403.834649989
1021    -403.834649989
1022    -403.834649989
1023    -403.834649989
1024    -403.834649989
