#x,Ay
1    -0
2    -5.7419425e-23
3    -1.27128255e-22
4    -1.319614144e-22
5    -3.884898994e-22
6    -1.7700259994e-21
7    6.0628090006e-21
8    -1.01033609994e-20
9    7.92825690006e-20
10    -5.35577259994e-20
11    8.86221790006e-20
12    2.360573979e-18
13    2.812849209e-18
14    -4.703753791e-18
15    4.132620209e-18
16    -4.2888446791e-17
17    8.8725883209e-17
18    1.73364518209e-16
19    1.66650664209e-16
20    -1.31898648579e-15
21    -2.15376433579e-15
22    -1.22778238358e-14
23    2.11160451642e-14
24    2.46866315642e-14
25    -6.80155884358e-14
26    -2.13456053436e-13
27    -3.91630633436e-13
28    -1.13484518344e-12
29    5.32641616564e-13
30    1.12837546656e-12
31    -1.35170015334e-11
32    4.37018146656e-12
33    1.42262434666e-11
34    4.93171859666e-11
35    1.19081770967e-10
36    1.62219091467e-10
37    -8.57495135334e-11
38    1.43665171467e-10
39    8.61568171467e-10
40    3.17056714666e-11
41    1.36731617147e-09
42    1.37031396322e-09
43    1.26712075822e-09
44    1.78994625822e-09
45    3.32767375822e-09
46    6.11307975822e-09
47    7.21859625822e-09
48    7.72400225822e-09
49    3.41880975822e-09
50    2.68591875822e-09
51    1.31885787582e-08
52    1.44040882582e-08
53    2.83046832582e-08
54    2.59530357582e-08
55    1.21222057582e-08
56    1.26105588682e-08
57    1.91611588682e-08
58    2.67889338682e-08
59    7.72558868217e-10
60    2.82162038682e-08
61    3.94134188682e-08
62    3.27543288682e-08
63    -1.39374361318e-08
64    2.51663438682e-08
65    4.42591386822e-09
66    9.33230936822e-09
67    1.30763428682e-08
68    7.71319286822e-09
69    2.22202278682e-08
70    8.22079786822e-09
71    -1.56386921318e-08
72    -1.37259801318e-08
73    -2.65103401318e-08
74    -2.54209956318e-08
75    -7.44015506318e-08
76    -6.28903956318e-08
77    -7.10673856318e-08
78    -6.88698011318e-08
79    -1.20507251132e-07
80    -1.07693821132e-07
81    -1.21832776132e-07
82    -1.11879696132e-07
83    -1.00868521132e-07
84    -1.48884001132e-07
85    -2.38275701132e-07
86    -2.42060430632e-07
87    -3.02967080632e-07
88    -3.38895845632e-07
89    -3.84257365632e-07
90    -3.95483650632e-07
91    -3.75949565632e-07
92    -3.57107315632e-07
93    -3.12803895632e-07
94    -2.65619775632e-07
95    -2.73933390632e-07
96    -3.12991385632e-07
97    -4.25460635632e-07
98    -4.49180595632e-07
99    -4.33419610632e-07
100    -4.41582065632e-07
101    -4.99594215632e-07
102    -5.09925185632e-07
103    -5.11250713632e-07
104    -5.89683563632e-07
105    -6.59529563632e-07
106    -6.16234823632e-07
107    -5.54879623632e-07
108    -5.95116348632e-07
109    -4.97911048632e-07
110    -5.00038868132e-07
111    -5.06393258132e-07
112    -4.94047833132e-07
113    -4.90594485632e-07
114    -5.27058110632e-07
115    -4.88873620632e-07
116    -6.00357420632e-07
117    -4.84891220632e-07
118    -4.84771539432e-07
119    -5.39267839432e-07
120    -5.06478479432e-07
121    -5.69115479432e-07
122    -5.61348354432e-07
123    -6.60704754432e-07
124    -5.90236704432e-07
125    -5.32381504432e-07
126    -5.83798004432e-07
127    -7.02450104432e-07
128    -5.49851704432e-07
129    -5.02051329432e-07
130    -4.58773484432e-07
131    -5.66960934432e-07
132    -5.98895674432e-07
133    -5.17064724432e-07
134    -4.32544924432e-07
135    -4.98084374432e-07
136    -5.81620174432e-07
137    -5.65847564432e-07
138    -6.50274364432e-07
139    -6.31298399432e-07
140    -6.66353289432e-07
141    -5.96428839432e-07
142    -5.96300936937e-07
143    -5.06976086937e-07
144    -5.41273371937e-07
145    -4.05671371937e-07
146    -4.35396901937e-07
147    -5.18277251937e-07
148    -4.10642101937e-07
149    -4.52512486937e-07
150    -5.15323886937e-07
151    -5.29727366937e-07
152    -5.57926796937e-07
153    -5.59606964437e-07
154    -3.98724014437e-07
155    -3.42203064437e-07
156    -3.29706479437e-07
157    -1.86886729437e-07
158    -2.63918479437e-07
159    -2.92469639437e-07
160    -2.27030439437e-07
161    -1.06988839437e-07
162    -2.26483939437e-07
163    -1.24302089437e-07
164    -2.33129039437e-07
165    -2.90312739437e-07
166    -2.40698489437e-07
167    -1.24272989437e-07
168    -9.66113294368e-08
169    -5.35433194368e-08
170    -6.81938844368e-08
171    -2.97187094368e-08
172    6.19984905632e-08
173    1.66459340563e-07
174    6.29403405632e-08
175    1.13496390563e-07
176    -1.27958859437e-07
177    -3.21975943678e-09
178    1.95934890563e-07
179    1.59422405632e-08
180    2.31977605632e-08
181    1.82121510563e-07
182    -7.76120394368e-08
183    9.59739105632e-08
184    2.37084410563e-07
185    2.36683765873e-07
186    3.16401415873e-07
187    4.64034915873e-07
188    3.25220815873e-07
189    4.12516465873e-07
190    5.76841165873e-07
191    6.23763670873e-07
192    6.03537755873e-07
193    6.15171000873e-07
194    4.14318750873e-07
195    5.09431150873e-07
196    5.18616820873e-07
197    5.65335840873e-07
198    7.80562890873e-07
199    6.04191290873e-07
200    8.92458590873e-07
201    8.79358835873e-07
202    7.38841335873e-07
203    5.82126785873e-07
204    5.14524885873e-07
205    5.53593060873e-07
206    1.69841310873e-07
207    3.79402510873e-07
208    3.88518420873e-07
209    1.03771320873e-07
210    2.58160370873e-07
211    3.81457670873e-07
212    4.69175020873e-07
213    5.87681820873e-07
214    7.07915270873e-07
215    6.21290920873e-07
216    4.87848720873e-07
217    5.91263070873e-07
218    6.65167020873e-07
219    3.30549920873e-07
220    3.06248590873e-07
221    3.07504354873e-07
222    4.10872204873e-07
223    5.97608754873e-07
224    6.43746404873e-07
225    7.62067154873e-07
226    7.36626334873e-07
227    9.32339284873e-07
228    8.86794634873e-07
229    8.07356034873e-07
230    9.93650734873e-07
231    1.11162268487e-06
232    1.01537078487e-06
233    1.03833786987e-06
234    8.10634969873e-07
235    8.76004369873e-07
236    8.96026809873e-07
237    6.90302659873e-07
238    8.61551459873e-07
239    7.41928459873e-07
240    5.80260659873e-07
241    2.62599209873e-07
242    1.22860759873e-07
243    1.16657524873e-07
244    2.10746674873e-07
245    1.11960024873e-07
246    1.81806024873e-07
247    4.09052574873e-07
248    6.47275424873e-07
249    7.19318974873e-07
250    7.25446634873e-07
251    8.07396784873e-07
252    6.96901284873e-07
253    7.49759584873e-07
254    7.80537399873e-07
255    1.08362964987e-06
256    1.07426956487e-06
257    9.83529064873e-07
258    9.71064454873e-07
259    9.76910144873e-07
260    9.07052544873e-07
261    1.01450744487e-06
262    8.63641694873e-07
263    8.82338604873e-07
264    1.02116430487e-06
265    1.06261246487e-06
266    1.10834315987e-06
267    1.02925335987e-06
268    1.04822932987e-06
269    7.90960779873e-07
270    8.80035629873e-07
271    8.06782829873e-07
272    7.26274479873e-07
273    8.57199379873e-07
274    1.04952872987e-06
275    1.07348123987e-06
276    8.65722289873e-07
277    8.28840079873e-07
278    7.89725399873e-07
279    8.60838749873e-07
280    1.06372579987e-06
281    1.43123404987e-06
282    1.53579374987e-06
283    1.66653839987e-06
284    1.51277724987e-06
285    1.29813484987e-06
286    1.05990039987e-06
287    1.26707799987e-06
288    1.49716159987e-06
289    1.10960764987e-06
290    9.98379649873e-07
291    1.15423374987e-06
292    1.21439554987e-06
293    1.36892409987e-06
294    1.25603699987e-06
295    9.16167149873e-07
296    8.27592299873e-07
297    8.36841924873e-07
298    1.20891977487e-06
299    1.01304407487e-06
300    1.22783762487e-06
301    1.05947677487e-06
302    7.87115824873e-07
303    5.33021574873e-07
304    4.22863274873e-07
305    5.88519274873e-07
306    5.58148424873e-07
307    6.13960074873e-07
308    6.42540304873e-07
309    7.96813054873e-07
310    4.22060954873e-07
311    5.17964004873e-07
312    4.91034874873e-07
313    1.16771124873e-07
314    5.28754274873e-07
315    6.54400324873e-07
316    6.34959264873e-07
317    6.60679144873e-07
318    6.77864484873e-07
319    7.25659769873e-07
320    3.66046569873e-07
321    2.75399119873e-07
322    4.45601469873e-07
323    1.20138219873e-07
324    8.73386719873e-07
325    1.05357701987e-06
326    1.67328155358
327    8.19426655358
328    19.1043925536
329    33.3949615536
330    59.4357730536
331    109.056176054
332    193.519106054
333    299.887311054
334    456.333336054
335    691.162751054
336    965.254556054
337    1273.75872105
338    1657.67782605
339    2105.20334605
340    2621.33059605
341    3212.21674605
342    3881.44464605
343    4637.36569605
344    5475.47694605
345    6424.46949605
346    7485.75529605
347    8687.95564605
348    10121.4997961
349    11906.4533461
350    14317.7385461
351    18691.3280461
352    37247.6395461
353    42025.2004961
354    40530.6880461
355    40840.3340361
356    40370.2599961
357    40041.2751961
358    39579.0730111
359    39891.8248711
360    40336.7866211
361    40707.6093361
362    41032.1570861
363    40472.9637361
364    40038.1552311
365    40385.2690311
366    40606.4042261
367    40384.3048311
368    39921.0073761
369    40169.6560811
370    40321.7261111
371    40400.3004361
372    40112.9838761
373    40164.9259961
374    40434.0447861
375    40171.0451911
376    39898.9250161
377    39982.8552261
378    40410.2205611
379    40067.3974461
380    39931.8565661
381    40115.2248411
382    40099.0607066
383    40113.5956521
384    39898.7673971
385    39933.6273906
386    40211.4607906
387    39957.6428956
388    39769.2983706
389    39812.4303616
390    39959.1429566
391    40018.1365866
392    39550.9837716
393    39918.9552616
394    39838.6897266
395    39938.7740416
396    39718.6471966
397    39836.1919316
398    39885.5583881
399    39699.2920931
400    39659.1014551
401    39789.0818301
402    39624.9868551
403    39434.8049851
404    39456.5040726
405    39525.8750926
406    39598.1491126
407    39566.1046506
408    39563.4542399
409    39402.9326549
410    39450.7597169
411    39281.3906719
412    39355.9925819
413    39391.5005269
414    39718.5563769
415    39621.3028469
416    39555.0511919
417    39524.0758139
418    39551.9883129
419    39701.8328629
420    39697.047899
421    39587.996499
422    39460.595449
423    39553.592854
424    39616.913989
425    39539.006094
426    39737.682534
427    39449.900749
428    39464.4958785
429    39691.6173185
430    39473.0448485
431    39477.8177378
432    39285.8521028
433    39205.6485078
434    39519.0413528
435    39494.2086823
436    39407.0598123
437    39473.1467173
438    39436.0347683
439    39677.9986583
440    39663.0109593
441    39313.6740543
442    39545.7556243
443    39549.9925888
444    39487.2052438
445    39719.6892488
446    39852.6274088
447    39795.1361788
448    39699.2421638
449    39587.1182588
450    39589.3442438
451    39840.6328388
452    39655.2334838
453    39442.5803038
454    39629.7252338
455    39813.5891638
456    39503.2344838
457    39250.3504938
458    39475.4745988
459    39645.1696338
460    39706.9330038
461    39387.4881738
462    39333.4713988
463    39699.7552138
464    39503.4407938
465    39563.6980638
466    39657.5589288
467    39635.3532253
468    39489.3615353
469    39518.8067603
470    39615.0317003
471    39540.2095003
472    39323.5842453
473    39393.1312753
474    39606.1166003
475    39635.0525873
476    39595.2007113
477    39438.0914813
478    39583.6183263
479    39630.7558263
480    39521.7219363
481    39797.6884413
482    39835.3804528
483    39504.4303078
484    39405.2842628
485    39618.9078878
486    39725.4160628
487    39687.6794228
488    39465.6935678
489    39376.1795428
490    39530.2038378
491    39518.7447618
492    39493.9640823
493    39495.5043189
494    39722.7330089
495    39603.5243789
496    39169.9643339
497    39364.3234239
498    39543.3639239
499    39305.7616789
500    39321.9307464
501    39312.9213344
502    39542.1694994
503    39397.2113444
504    39303.2847294
505    39487.9497744
506    39496.1139509
507    39304.8013609
508    39259.2406824
509    39563.5677674
510    39613.9327674
511    39188.3810574
512    39300.6804774
513    39514.0279674
514    39382.8698574
515    39065.9351624
516    39436.8061324
517    39602.5917724
518    39291.8221924
519    39219.3366524
520    39285.3861374
521    39530.4047024
522    39544.8806089
523    39251.7657089
524    39281.7427049
525    39470.8589149
526    39539.2442549
527    39312.7787699
528    39179.9021249
529    39266.8505799
530    39596.9183849
531    39636.4853404
532    39563.0863154
533    39526.0886324
534    39374.7566924
535    39257.3964224
536    39385.7280774
537    39612.4384824
538    39569.5933444
539    39569.889103
540    39291.140083
541    39366.018008
542    39331.010259
543    39491.386404
544    39219.697514
545    39276.095754
546    39272.3575659
547    39261.1007889
548    39177.4645339
549    39284.2668939
550    39152.8802589
551    38985.2596389
552    39010.3193969
553    39112.7752969
554    39201.5281519
555    39223.3667569
556    39355.6752769
557    39340.1777139
558    39124.2431889
559    39346.4240339
560    39314.4328914
561    39185.0353364
562    39409.0130314
563    39264.2668614
564    39293.9933484
565    39304.9509124
566    39458.2786624
567    39426.4136844
568    39256.9975044
569    39203.5028494
570    39548.3239544
571    39358.4432844
572    39103.6079194
573    39465.2162344
574    39395.8043144
575    39448.2666194
576    39527.6596844
577    39447.0729144
578    39679.9544544
579    39602.0468544
580    39429.6116244
581    39394.8710574
582    39659.6278524
583    39658.4838963
584    39555.5218413
585    39647.3198763
586    39560.7964663
587    39494.4915913
588    39602.3940563
589    39785.0721313
590    39675.4576213
591    39782.1298413
592    39683.1214713
593    39673.2714618
594    39851.8925968
595    39917.0619368
596    39785.6395118
597    39780.7941675
598    39965.8694675
599    39740.5262025
600    39971.0700125
601    39933.502284
602    39956.2771885
603    39696.0754685
604    39946.3742485
605    39698.4922135
606    39723.0389525
607    39828.0801125
608    39789.8226405
609    39940.2786655
610    39917.556405
611    40046.968195
612    39887.88157
613    39924.533858
614    40135.244058
615    40067.930908
616    40073.9773475
617    40013.9296825
618    40057.1276445
619    40174.5641195
620    40126.1680415
621    40032.8422365
622    40020.8707295
623    40121.3347145
624    40087.88609
625    40134.5002905
626    39859.3299855
627    40068.3860155
628    40153.1744705
629    40330.5621555
630    40207.4156905
631    40081.2154855
632    40041.5910015
633    40328.0664315
634    40352.361049
635    39934.820749
636    40097.118034
637    40260.410234
638    40146.651799
639    39691.160504
640    39969.530704
641    40087.342394
642    39986.593019
643    39923.455684
644    39756.668604
645    39985.288934
646    39813.306539
647    39484.666664
648    39754.323979
649    39838.352769
650    39736.950204
651    39715.3747315
652    39742.5385255
653    39607.5394455
654    39467.9839555
655    39429.7971625
656    39556.5489375
657    39818.1969325
658    39767.8577375
659    39463.1319275
660    39353.2504425
661    39565.3956375
662    39925.5831725
663    39843.2659425
664    39785.5082125
665    39503.7377375
666    39346.7024525
667    38614.7612025
668    39054.2486475
669    39407.3477675
670    39756.2564325
671    39181.1036325
672    40820.7606325
673    35999.6391825
674    17227.9291825
675    12591.5474825
676    10063.8604825
677    8252.29848249
678    6790.24258249
679    5563.21768249
680    4478.83338249
681    3523.73488249
682    2687.20963249
683    1972.41693249
684    1326.60393249
685    740.610332494
686    212.918482494
687    -232.658817506
688    -593.576137506
689    -898.927817506
690    -1154.78931251
691    -1342.73236751
692    -1470.93391251
693    -1555.03510751
694    -1610.33635251
695    -1642.27834051
696    -1659.71255501
697    -1665.22791901
698    -1665.29437881
699    -1665.29437857
700    -1665.29437896
701    -1665.29437918
702    -1665.29437949
703    -1665.29437917
704    -1665.29437929
705    -1665.29437928
706    -1665.29437931
707    -1665.29437908
708    -1665.29437867
709    -1665.29437852
710    -1665.29437829
711    -1665.29437847
712    -1665.29437839
713    -1665.29437851
714    -1665.29437851
715    -1665.29437922
716    -1665.29437898
717    -1665.29437913
718    -1665.29437907
719    -1665.29437886
720    -1665.29437905
721    -1665.29437922
722    -1665.29437907
723    -1665.29437892
724    -1665.29437909
725    -1665.29437917
726    -1665.2943789
727    -1665.29437913
728    -1665.29437937
729    -1665.29437921
730    -1665.29437929
731    -1665.29437931
732    -1665.2943793
733    -1665.29437913
734    -1665.29437873
735    -1665.29437829
736    -1665.29437811
737    -1665.29437832
738    -1665.29437812
739    -1665.29437831
740    -1665.29437821
741    -1665.29437807
742    -1665.29437816
743    -1665.29437797
744    -1665.29437795
745    -1665.29437787
746    -1665.29437808
747    -1665.29437805
748    -1665.29437819
749    -1665.29437824
750    -1665.2943782
751    -1665.29437859
752    -1665.29437869
753    -1665.29437875
754    -1665.29437866
755    -1665.29437857
756    -1665.29437836
757    -1665.294378
758    -1665.29437818
759    -1665.2943782
760    -1665.29437814
761    -1665.29437809
762    -1665.29437815
763    -1665.29437807
764    -1665.29437843
765    -1665.29437846
766    -1665.29437861
767    -1665.29437861
768    -1665.29437861
769    -1665.29437885
770    -1665.29437872
771    -1665.29437894
772    -1665.29437902
773    -1665.2943788
774    -1665.29437865
775    -1665.29437862
776    -1665.29437894
777    -1665.29437888
778    -1665.29437901
779    -1665.2943789
780    -1665.29437867
781    -1665.2943788
782    -1665.29437871
783    -1665.29437864
784    -1665.2943786
785    -1665.29437885
786    -1665.29437873
787    -1665.29437871
788    -1665.29437868
789    -1665.29437879
790    -1665.29437872
791    -1665.29437866
792    -1665.29437841
793    -1665.29437852
794    -1665.29437863
795    -1665.29437841
796    -1665.29437803
797    -1665.29437784
798    -1665.29437797
799    -1665.29437783
800    -1665.29437794
801    -1665.29437827
802    -1665.29437845
803    -1665.29437839
804    -1665.29437829
805    -1665.29437832
806    -1665.2943779
807    -1665.29437775
808    -1665.29437778
809    -1665.29437775
810    -1665.29437782
811    -1665.29437771
812    -1665.29437782
813    -1665.29437783
814    -1665.29437798
815    -1665.29437819
816    -1665.29437802
817    -1665.29437798
818    -1665.29437777
819    -1665.29437785
820    -1665.29437763
821    -1665.29437761
822    -1665.29437748
823    -1665.29437753
824    -1665.2943777
825    -1665.29437765
826    -1665.2943775
827    -1665.29437753
828    -1665.29437744
829    -1665.29437765
830    -1665.2943776
831    -1665.29437778
832    -1665.29437784
833    -1665.29437761
834    -1665.29437773
835    -1665.29437766
836    -1665.29437768
837    -1665.29437776
838    -1665.29437788
839    -1665.29437777
840    -1665.29437765
841    -1665.29437765
842    -1665.29437769
843    -1665.29437774
844    -1665.29437766
845    -1665.2943777
846    -1665.29437776
847    -1665.29437779
848    -1665.2943779
849    -1665.29437799
850    -1665.29437784
851    -1665.29437765
852    -1665.29437762
853    -1665.29437747
854    -1665.29437749
855    -1665.29437746
856    -1665.29437757
857    -1665.29437775
858    -1665.2943778
859    -1665.29437781
860    -1665.29437791
861    -1665.29437801
862    -1665.29437806
863    -1665.29437788
864    -1665.29437799
865    -1665.29437813
866    -1665.29437812
867    -1665.29437805
868    -1665.29437797
869    -1665.29437808
870    -1665.29437811
871    -1665.29437811
872    -1665.29437809
873    -1665.29437806
874    -1665.29437801
875    -1665.29437807
876    -1665.29437794
877    -1665.29437794
878    -1665.29437793
879    -1665.29437795
880    -1665.29437789
881    -1665.29437787
882    -1665.29437783
883    -1665.29437778
884    -1665.29437786
885    -1665.2943779
886    -1665.2943779
887    -1665.29437789
888    -1665.29437791
889    -1665.29437789
890    -1665.29437767
891    -1665.29437773
892    -1665.29437789
893    -1665.2943778
894    -1665.29437775
895    -1665.29437768
896    -1665.29437764
897    -1665.29437763
898    -1665.2943776
899    -1665.29437767
900    -1665.29437782
901    -1665.29437788
902    -1665.29437793
903    -1665.29437794
904    -1665.29437797
905    -1665.29437801
906    -1665.29437803
907    -1665.29437799
908    -1665.29437796
909    -1665.29437785
910    -1665.29437786
911    -1665.29437785
912    -1665.29437788
913    -1665.29437795
914    -1665.294378
915    -1665.294378
916    -1665.29437796
917    -1665.29437793
918    -1665.29437794
919    -1665.29437785
920    -1665.2943779
921    -1665.29437779
922    -1665.29437776
923    -1665.2943778
924    -1665.29437769
925    -1665.29437768
926    -1665.29437765
927    -1665.29437768
928    -1665.29437771
929    -1665.29437773
930    -1665.29437767
931    -1665.29437764
932    -1665.29437762
933    -1665.29437762
934    -1665.29437762
935    -1665.29437762
936    -1665.29437773
937    -1665.29437771
938    -1665.29437774
939    -1665.29437777
940    -1665.2943778
941    -1665.29437775
942    -1665.29437777
943    -1665.29437771
944    -1665.2943777
945    -1665.29437772
946    -1665.29437771
947    -1665.29437767
948    -1665.29437763
949    -1665.29437761
950    -1665.29437762
951    -1665.29437759
952    -1665.29437754
953    -1665.29437753
954    -1665.29437752
955    -1665.29437755
956    -1665.29437753
957    -1665.29437753
958    -1665.29437754
959    -1665.29437755
960    -1665.29437757
961    -1665.29437757
962    -1665.29437757
963    -1665.29437755
964    -1665.29437755
965    -1665.29437759
966    -1665.29437755
967    -1665.29437754
968    -1665.29437754
969    -1665.29437754
970    -1665.29437757
971    -1665.29437756
972    -1665.29437756
973    -1665.29437755
974    -1665.29437754
975    -1665.29437755
976    -1665.29437754
977    -1665.29437754
978    -1665.29437755
979    -1665.29437755
980    -1665.29437755
981    -1665.29437756
982    -1665.29437756
983    -1665.29437756
984    -1665.29437756
985    -1665.29437756
986    -1665.29437756
987    -1665.29437756
988    -1665.29437756
989    -1665.29437756
990    -1665.29437756
991    -1665.29437756
992    -1665.29437756
993    -1665.29437756
994    -1665.29437756
995    -1665.29437756
996    -1665.29437756
997    -1665.29437756
998    -1665.29437756
999    -1665.29437756
1000    -1665.29437756
1001    -1665.29437756
1002    -1665.29437756
1003    -1665.29437756
1004    -1665.29437756
1005    -1665.29437756
1006    -1665.29437756
1007    -1665.29437756
1008    -1665.29437756
1009    -1665.29437756
1010    -1665.29437756
1011    -1665.29437756
1012    -1665.29437756
1013    -1665.29437756
1014    -1665.29437756
1015    -1665.29437756
1016    -1665.29437756
1017    -1665.29437756
1018    -1665.29437756
1019    -1665.29437756
1020    -1665.29437756
1021    -1665.29437756
1022    -1665.29437756
1023    -1665.29437756
1024    -1665.29437756
