#x,Ay
1    -0
2    -1.0088035e-07
3    -3.963285e-08
4    2.034706e-07
5    2.1720841e-07
6    3.4199401e-07
7    3.79352945e-07
8    4.50257045e-07
9    2.77845495e-07
10    3.1452023e-07
11    2.1910553e-07
12    1.978157e-07
13    3.9238915e-07
14    4.21387965e-07
15    4.0582319e-07
16    4.6214649e-07
17    4.590913835e-07
18    3.508981335e-07
19    3.714205485e-07
20    4.552252485e-07
21    5.976467485e-07
22    5.464240985e-07
23    6.346181485e-07
24    5.874514735e-07
25    7.101768235e-07
26    6.460166735e-07
27    6.792246185e-07
28    7.159004435e-07
29    8.161376435e-07
30    8.270049335e-07
31    8.077499085e-07
32    7.818323635e-07
33    9.010368135e-07
34    9.782720135e-07
35    1.0193081285e-06
36    8.636517285e-07
37    9.178050285e-07
38    8.786205835e-07
39    7.899381835e-07
40    8.447847835e-07
41    9.288263835e-07
42    9.542206985e-07
43    9.484767435e-07
44    7.114166935e-07
45    8.061918935e-07
46    6.870572435e-07
47    8.604338935e-07
48    7.481710435e-07
49    9.283032435e-07
50    9.954919935e-07
51    8.652182435e-07
52    8.150807435e-07
53    9.224920435e-07
54    9.482816835e-07
55    8.248448835e-07
56    5.819303835e-07
57    6.136616435e-07
58    3.958100935e-07
59    3.045347435e-07
60    3.508584335e-07
61    3.016918385e-07
62    1.354893385e-07
63    1.822316135e-07
64    2.274623235e-07
65    9.49561235e-08
66    -8.69201765e-08
67    -3.23177765e-08
68    1.657439235e-07
69    -1.9003765e-09
70    -7.44119265e-08
71    -1.487460765e-07
72    -1.578154715e-07
73    -2.437073215e-07
74    -1.938488965e-07
75    -2.474266465e-07
76    -2.977036465e-07
77    -3.063137615e-07
78    -5.660066615e-07
79    -4.635399115e-07
80    -4.464185215e-07
81    -3.901650215e-07
82    -2.770068715e-07
83    -4.347736715e-07
84    -3.753037215e-07
85    -5.306345715e-07
86    -4.781716215e-07
87    -5.014526515e-07
88    -5.395208615e-07
89    -4.123632615e-07
90    -4.207001365e-07
91    -2.607648365e-07
92    -3.691557365e-07
93    -3.899702865e-07
94    -4.71121865e-08
95    -1.751098365e-07
96    -1.763190945e-07
97    -1.884639445e-07
98    -7.03059945e-08
99    -2.674345945e-07
100    -1.100979945e-07
101    -2.554524945e-07
102    -2.909503195e-07
103    -3.948995695e-07
104    -4.873783195e-07
105    -3.811384695e-07
106    -5.367135195e-07
107    -8.283077195e-07
108    -5.668009695e-07
109    -4.932879695e-07
110    -5.230216745e-07
111    -5.632293395e-07
112    -4.216885895e-07
113    -6.009370895e-07
114    -7.999289395e-07
115    -8.704405895e-07
116    -8.441393345e-07
117    -8.369008495e-07
118    -8.037394145e-07
119    -7.425442645e-07
120    -7.098595545e-07
121    -4.952637045e-07
122    -3.997792545e-07
123    -4.901825545e-07
124    -3.950236545e-07
125    -5.617145045e-07
126    -5.796672595e-07
127    -4.880373095e-07
128    -4.78808595e-08
129    7.85790905e-08
130    2.414910405e-07
131    4.074551905e-07
132    2.963260405e-07
133    6.466096905e-07
134    5.900215405e-07
135    1.0807689405e-06
136    1.0673189155e-06
137    1.1032128005e-06
138    1.2519974005e-06
139    1.5531246005e-06
140    1.3898406005e-06
141    1.5642986005e-06
142    1.5414463355e-06
143    1.5614629555e-06
144    1.5354640155e-06
145    1.6253615155e-06
146    1.6518255505e-06
147    1.5749915005e-06
148    1.5932814505e-06
149    1.7830760005e-06
150    1.6340879005e-06
151    1.7623559005e-06
152    1.4816232005e-06
153    1.6435235505e-06
154    1.5699579005e-06
155    1.4213593005e-06
156    1.6617913505e-06
157    1.5515633005e-06
158    1.7036675505e-06
159    1.5642895505e-06
160    1.6431700505e-06
161    1.7994950505e-06
162    1.6736310005e-06
163    1.7979980005e-06
164    1.6451670505e-06
165    1.6020990405e-06
166    1.8931103905e-06
167    1.9020867705e-06
168    1.6728926205e-06
169    1.1664016205e-06
170    1.1024565705e-06
171    1.0576677055e-06
172    1.3634866055e-06
173    1.1690091055e-06
174    7.016038055e-07
175    7.383232305e-07
176    1.0293927305e-06
177    1.2001997305e-06
178    1.0105214305e-06
179    1.0091668285e-06
180    1.0950702785e-06
181    1.3075499785e-06
182    1.2439711785e-06
183    1.1426729785e-06
184    1.1797804685e-06
185    1.1956402835e-06
186    1.2308016285e-06
187    1.2477776885e-06
188    1.3594707885e-06
189    1.4057014585e-06
190    1.1760364085e-06
191    1.2123139935e-06
192    1.0531111935e-06
193    1.1418982435e-06
194    1.0247692935e-06
195    1.0875326935e-06
196    1.2044813935e-06
197    1.3546031435e-06
198    1.3980083435e-06
199    1.1028227435e-06
200    1.2137833435e-06
201    1.1184732935e-06
202    1.4146297935e-06
203    1.4689531435e-06
204    1.8559721935e-06
205    1.4244781935e-06
206    1.6907928935e-06
207    1.9080863435e-06
208    2.1468672935e-06
209    2.1808891585e-06
210    2.5303981085e-06
211    2.8268511085e-06
212    2.8571754535e-06
213    2.4866324535e-06
214    2.4804001485e-06
215    2.3983337485e-06
216    2.4915101485e-06
217    2.5656524485e-06
218    2.5372117535e-06
219    2.5511646685e-06
220    2.6162782685e-06
221    2.4585012685e-06
222    2.7417920185e-06
223    2.8921230685e-06
224    3.0077927685e-06
225    3.0704675185e-06
226    2.7778748185e-06
227    2.8621737185e-06
228    2.9416762685e-06
229    2.8235880685e-06
230    3.0661362685e-06
231    2.9370252685e-06
232    2.7324289685e-06
233    2.5858535685e-06
234    2.7669275685e-06
235    2.8044144035e-06
236    2.5703774535e-06
237    2.6681525035e-06
238    2.7733110035e-06
239    2.5357393035e-06
240    2.3308407035e-06
241    2.6415722035e-06
242    2.5107636035e-06
243    2.6013645535e-06
244    2.8019203035e-06
245    2.7252722535e-06
246    2.5933997535e-06
247    2.3834548535e-06
248    2.5244491035e-06
249    2.7433471535e-06
250    2.9108984535e-06
251    2.8647142935e-06
252    2.8108094935e-06
253    2.7067904935e-06
254    2.5714587935e-06
255    2.6675943935e-06
256    2.6298749985e-06
257    2.3365323485e-06
258    2.1350928985e-06
259    1.8542380985e-06
260    2.0812985985e-06
261    1.9343743985e-06
262    1.8207976485e-06
263    1.819448869e-06
264    1.936792919e-06
265    1.950990009e-06
266    2.054799709e-06
267    1.876993009e-06
268    1.709453359e-06
269    1.943490309e-06
270    1.674826859e-06
271    1.209706309e-06
272    8.30000909e-07
273    1.144110159e-06
274    8.44587509e-07
275    7.71161159e-07
276    7.15535509e-07
277    5.05596409e-07
278    4.53552009e-07
279    1.28821109e-07
280    3.28228659e-07
281    6.16821509e-07
282    4.99942559e-07
283    6.22960809e-07
284    6.87981409e-07
285    8.67288759e-07
286    9.25321259e-07
287    1.112522909e-06
288    9.92673159e-07
289    1.032148289e-06
290    7.60345439e-07
291    4.70264289e-07
292    2.91742539e-07
293    4.27847439e-07
294    -1.11344561e-07
295    2.49803489e-07
296    5.29699039e-07
297    4.99653759e-07
298    6.01231009e-07
299    8.11361959e-07
300    8.03594844e-07
301    7.39742794e-07
302    1.107076644e-06
303    8.49017444e-07
304    7.63393044e-07
305    3.21922694e-07
306    0.418443241923
307    5.76732074192
308    12.5374922419
309    19.3074097419
310    26.0770572419
311    34.6107597419
312    48.9505832419
313    72.1787842419
314    104.987774742
315    145.160840742
316    192.719634742
317    247.445789742
318    312.883164742
319    388.054109742
320    477.890119742
321    584.110344742
322    707.056259742
323    855.037849742
324    1046.90482974
325    1274.82783474
326    1512.58768974
327    1765.38654474
328    2032.55776974
329    2306.13894974
330    2595.57049974
331    2926.02054474
332    3292.54626974
333    3687.93662974
334    4110.38168474
335    4550.49635474
336    5034.27802974
337    5581.87707974
338    6156.14322974
339    6759.75282974
340    7396.80742974
341    8067.37107974
342    8768.34977974
343    9524.19487974
344    10368.1973797
345    11327.1928797
346    12399.4452297
347    13659.8773297
348    15229.6283797
349    17273.1491797
350    20193.4015797
351    25799.6060797
352    41968.3965797
353    45529.2289297
354    45011.5708797
355    45043.3395812
356    45246.0246312
357    45573.2170662
358    45737.3108212
359    45878.1607912
360    45845.2239952
361    45950.7671952
362    46037.7997102
363    45786.7345302
364    45352.8562252
365    45143.6113902
366    45314.3599102
367    45195.1614352
368    45551.9525652
369    45848.8832402
370    45620.2712052
371    45422.2997302
372    45465.7173252
373    45782.9906602
374    45827.8010232
375    45503.4857632
376    45562.7431332
377    45553.0372457
378    45915.1539157
379    45794.7837407
380    45726.5764107
381    45742.1706892
382    45814.4287842
383    45750.8763542
384    45820.1719692
385    45876.4010592
386    46186.2006692
387    45946.1280242
388    45968.0537892
389    45968.3012373
390    46128.0294273
391    46017.7109873
392    46096.3759923
393    46164.6061873
394    46082.1949823
395    46048.9578238
396    46185.8643288
397    46380.6491188
398    46136.1063688
399    46335.5150488
400    46161.3422338
401    46239.1613538
402    46299.8742888
403    46412.0871088
404    46502.6154588
405    46434.8684288
406    46652.6675538
407    46270.2839588
408    46541.4564038
409    46619.5150588
410    46447.5152538
411    46333.0838488
412    46621.4447088
413    46535.5151438
414    46788.8809038
415    46624.2886238
416    46817.0060988
417    46852.2909578
418    46730.4885228
419    46589.2054178
420    46773.1249928
421    46928.9972678
422    46987.7258828
423    46881.4930928
424    46655.8132428
425    46648.6494238
426    46699.6258288
427    46804.7053988
428    47066.6295038
429    47017.2504523
430    46514.4069523
431    46726.7852473
432    47136.3749673
433    47116.1201193
434    46716.6645193
435    46622.1346843
436    46695.2308593
437    46742.6373283
438    46890.0441133
439    46826.3149083
440    46535.2294533
441    46795.3126933
442    46693.1104483
443    46561.8851033
444    46678.9506083
445    46624.4010533
446    46934.5733783
447    46744.2048583
448    46572.0541783
449    46540.5717258
450    46589.4652733
451    46652.4267683
452    46602.0923133
453    46745.5081933
454    46841.5216583
455    46843.5084138
456    46685.5829038
457    46738.4612288
458    46783.1165018
459    46842.4447568
460    46710.2751618
461    46588.0770118
462    46615.5290823
463    46865.4483473
464    46667.5579523
465    46592.6057073
466    46646.5813973
467    46855.8611723
468    46903.1421248
469    46960.5386198
470    46851.7835948
471    47027.7915598
472    46893.3959098
473    46855.9312773
474    46942.3320873
475    46968.1949328
476    46849.7192478
477    46999.8368478
478    46810.9182078
479    47019.9891478
480    46899.4314978
481    46974.0635728
482    46720.8579478
483    46902.5698828
484    46803.6670378
485    46978.4540678
486    46971.9085058
487    47201.1567108
488    47050.4184858
489    47164.7128108
490    46990.0082708
491    46980.7429638
492    47041.5233288
493    47085.2089508
494    47272.9082508
495    47243.5435278
496    47094.5481078
497    47134.5225538
498    47291.8438638
499    47243.4288623
500    47143.4415623
501    47458.3253123
502    47430.4472658
503    47009.2707408
504    46961.0226668
505    47186.4549168
506    47351.3454068
507    47215.2600668
508    46910.4036768
509    47339.6195868
510    47284.9626618
511    47166.3568868
512    47493.7086968
513    47363.9508768
514    47503.0224668
515    47127.9148818
516    47184.6677218
517    47330.0046968
518    47305.0592118
519    47074.9451718
520    47188.2785418
521    47158.2704548
522    47134.5526258
523    47051.4418608
524    47300.3545708
525    47240.1592208
526    47201.3392708
527    46958.2417958
528    47126.8008908
529    47257.5585858
530    47351.6641658
531    47382.8940028
532    47089.0104878
533    47127.2476103
534    47494.9164503
535    47143.6822803
536    46989.1477453
537    47087.7395603
538    47368.7976603
539    47549.4835053
540    47329.7360353
541    47274.1543903
542    47137.1567153
543    47033.5781403
544    47370.7030253
545    47313.0897853
546    47351.9088063
547    47523.2349963
548    47368.1261113
549    47387.9458043
550    47540.3972443
551    47570.1089423
552    47466.7322923
553    47546.2253973
554    47311.4496423
555    47662.7144123
556    47441.4705273
557    47519.2312373
558    47398.8729373
559    47412.7359788
560    47157.9896188
561    47371.9342038
562    47077.8171738
563    47081.3907235
564    47206.6362235
565    47196.085985
566    47103.45823
567    46892.09695
568    47060.471425
569    46853.02
570    46936.57157
571    46742.92758
572    46783.953958
573    46849.412843
574    47035.877363
575    46875.210993
576    46873.3029053
577    46983.5925403
578    47249.6687203
579    47122.0335003
580    46966.4900803
581    46942.9010833
582    46656.3089583
583    46706.4622933
584    46820.2875333
585    46735.3523333
586    46634.1215283
587    46623.5888968
588    46401.4040618
589    46501.3406668
590    46646.5500918
591    46676.7492753
592    46474.4584253
593    46503.9991793
594    46468.3395698
595    46469.1972569
596    46371.5477669
597    46442.8546069
598    46255.3162369
599    46348.6154969
600    46439.0190069
601    46463.5598634
602    46440.5174824
603    46378.8511924
604    46438.5591074
605    46511.6943924
606    46428.1371424
607    46586.3365424
608    46535.3492674
609    46578.3696269
610    46365.8857769
611    46422.9745319
612    46292.2879469
613    46342.7274069
614    46439.8644869
615    46377.7394169
616    46181.6262319
617    46270.3487069
618    46464.8714969
619    46127.9852469
620    46057.7804169
621    46238.2793219
622    46489.1360369
623    46171.9294669
624    46005.4678119
625    46293.4805319
626    46347.0630969
627    46213.2852369
628    46067.0755069
629    46187.8063469
630    46307.8558869
631    46306.9341519
632    46284.3151234
633    46377.2229584
634    46326.5739084
635    46455.2244984
636    46301.0500834
637    46323.9238499
638    46259.3297199
639    46431.3306099
640    46282.0043149
641    46207.5728099
642    46324.8775199
643    46228.0980299
644    46466.3978599
645    46292.7455449
646    46106.9139799
647    46303.8354249
648    46147.9281149
649    46338.1052299
650    46517.8759449
651    46278.0545899
652    46232.1421469
653    46271.8940089
654    46418.5496289
655    46460.0823749
656    46429.4918569
657    46398.1545974
658    46085.9125424
659    45964.7395824
660    45867.4953624
661    45830.7806334
662    46185.2392584
663    46433.9119034
664    46789.4789884
665    46772.3957834
666    46643.3032984
667    46119.1474984
668    46125.1952659
669    46307.5567409
670    46189.2780659
671    45858.7191709
672    46451.5826709
673    42798.0512709
674    26887.5932709
675    21092.8612709
676    17986.2956209
677    15809.2106709
678    14148.4555209
679    12838.2422209
680    11747.0658709
681    10819.6623209
682    9992.76742093
683    9233.30022093
684    8541.04417093
685    7894.29152093
686    7283.09897093
687    6713.69367093
688    6167.04907093
689    5647.74407093
690    5159.84931593
691    4707.06932593
692    4283.81379593
693    3893.02230093
694    3525.57927593
695    3190.39294593
696    2874.47772093
697    2593.24824593
698    2330.96406093
699    2078.42626593
700    1844.46956593
701    1646.44314093
702    1482.05063093
703    1342.34528593
704    1225.08733093
705    1129.53171593
706    1057.44499093
707    1002.01090593
708    960.002040432
709    927.153727932
710    903.776227932
711    883.578785432
712    867.767870932
713    857.391378932
714    851.908963432
715    851.413685272
716    851.413685646
717    851.413685569
718    851.413685643
719    851.413685844
720    851.413686059
721    851.413686267
722    851.413686202
723    851.413686117
724    851.413686167
725    851.413685608
726    851.413685778
727    851.413685544
728    851.41368527
729    851.413685577
730    851.413685475
731    851.413685738
732    851.413685322
733    851.413685574
734    851.413685699
735    851.413685942
736    851.413685848
737    851.413685855
738    851.413686195
739    851.413686281
740    851.413686052
741    851.413685782
742    851.413685743
743    851.413685758
744    851.413685598
745    851.413685641
746    851.413685754
747    851.413685997
748    851.413685942
749    851.41368622
750    851.413686257
751    851.413686085
752    851.413686002
753    851.413685871
754    851.413685884
755    851.413685955
756    851.413686043
757    851.413685837
758    851.41368576
759    851.413685842
760    851.413685948
761    851.413685855
762    851.413685705
763    851.413685579
764    851.413685835
765    851.413685971
766    851.413685916
767    851.413685965
768    851.413685908
769    851.413685887
770    851.413686101
771    851.413686265
772    851.413686455
773    851.413686277
774    851.413685943
775    851.413685839
776    851.413685816
777    851.413686065
778    851.413685889
779    851.413685983
780    851.413686028
781    851.413686242
782    851.413686324
783    851.413686305
784    851.413686403
785    851.413686425
786    851.413686131
787    851.413685823
788    851.413685646
789    851.413685611
790    851.413685665
791    851.413685815
792    851.41368588
793    851.413685772
794    851.413685884
795    851.413685904
796    851.413686101
797    851.413686033
798    851.413686511
799    851.413686324
800    851.41368646
801    851.413686503
802    851.41368602
803    851.413685636
804    851.41368541
805    851.413685566
806    851.413685849
807    851.413685706
808    851.413685614
809    851.41368561
810    851.413686093
811    851.413686091
812    851.413686257
813    851.413686467
814    851.413686568
815    851.413686727
816    851.413686862
817    851.4136867
818    851.413686558
819    851.413686765
820    851.413686553
821    851.413686889
822    851.413686899
823    851.413686582
824    851.413686472
825    851.413686322
826    851.413686281
827    851.413686927
828    851.413686823
829    851.413686866
830    851.413687025
831    851.413687261
832    851.413687202
833    851.413687237
834    851.413687277
835    851.413687104
836    851.41368709
837    851.41368691
838    851.413686871
839    851.413687179
840    851.413687029
841    851.41368685
842    851.413686947
843    851.413686994
844    851.413687082
845    851.413686996
846    851.413687007
847    851.413686836
848    851.413687042
849    851.413687029
850    851.413686695
851    851.413686665
852    851.413686599
853    851.413686576
854    851.413686626
855    851.413686451
856    851.413686497
857    851.413686551
858    851.413686369
859    851.413686362
860    851.413686083
861    851.413685934
862    851.413686175
863    851.413686143
864    851.41368602
865    851.413686079
866    851.413685995
867    851.413685957
868    851.413685975
869    851.413685704
870    851.413685707
871    851.413685864
872    851.413685982
873    851.41368588
874    851.413685882
875    851.413686295
876    851.413686475
877    851.413686467
878    851.413686312
879    851.41368613
880    851.413686207
881    851.413685903
882    851.413685916
883    851.413686104
884    851.413685842
885    851.413685912
886    851.413685803
887    851.413685883
888    851.413685758
889    851.413685883
890    851.413685878
891    851.413686037
892    851.413685964
893    851.413685923
894    851.413685738
895    851.413685484
896    851.413685576
897    851.413685732
898    851.41368565
899    851.413685831
900    851.413685826
901    851.413685733
902    851.413685962
903    851.413686149
904    851.413685769
905    851.413685476
906    851.413685141
907    851.413684804
908    851.413684728
909    851.413684685
910    851.413684537
911    851.413684531
912    851.413684406
913    851.413684555
914    851.413684432
915    851.413684475
916    851.413684601
917    851.413684683
918    851.413684827
919    851.413684645
920    851.413684528
921    851.413684273
922    851.413684262
923    851.41368433
924    851.413684282
925    851.413684279
926    851.413684159
927    851.413684216
928    851.413684156
929    851.413684231
930    851.413684255
931    851.413684428
932    851.413684414
933    851.413684326
934    851.413684334
935    851.413684528
936    851.413684688
937    851.413684681
938    851.41368473
939    851.413684948
940    851.413684841
941    851.413684892
942    851.413684746
943    851.413684836
944    851.413684797
945    851.41368491
946    851.413684928
947    851.413685154
948    851.413685006
949    851.413684837
950    851.413684987
951    851.413684976
952    851.413684882
953    851.41368491
954    851.413684846
955    851.413684713
956    851.413684755
957    851.413684712
958    851.413684608
959    851.413684712
960    851.413684685
961    851.413684625
962    851.413684705
963    851.413684842
964    851.413684676
965    851.413684752
966    851.413684676
967    851.413684876
968    851.41368489
969    851.413684981
970    851.413684945
971    851.4136851
972    851.413685111
973    851.41368505
974    851.413685098
975    851.413685056
976    851.413685121
977    851.413684996
978    851.413684891
979    851.413684893
980    851.413684762
981    851.413684835
982    851.413684883
983    851.413684873
984    851.413685024
985    851.413685046
986    851.413685024
987    851.413685051
988    851.413685103
989    851.413685053
990    851.413684834
991    851.413684856
992    851.41368463
993    851.413684482
994    851.413684493
995    851.413684574
996    851.413684682
997    851.413684763
998    851.413684812
999    851.413684775
1000    851.413684703
1001    851.413684583
1002    851.41368471
1003    851.413684611
1004    851.413684555
1005    851.413684596
1006    851.413684529
1007    851.413684582
1008    851.413684598
1009    851.413684741
1010    851.413684724
1011    851.413684675
1012    851.413684699
1013    851.413684521
1014    851.413684387
1015    851.413684356
1016    851.413684269
1017    851.413684285
1018    851.413684347
1019    851.413684266
1020    851.413684175
1021    851.413684019
1022    851.413683992
1023    851.413684087
1024    851.413684053
