#x,Ay
1    -0
2    -1.8302285e-07
3    -2.2270727e-07
4    -2.7793757e-07
5    -1.9362997e-07
6    -2.9611307e-07
7    -1.9952107e-07
8    -2.46830185e-07
9    -1.42572835e-07
10    -9.456898e-08
11    1.921707e-08
12    -7.940063e-08
13    -1.3563088e-07
14    -1.39297882e-07
15    -7.9904982e-08
16    -1.25757762e-07
17    -2.20027162e-07
18    -2.89477812e-07
19    -2.60176682e-07
20    -2.80606077e-07
21    -2.44264537e-07
22    -2.51601447e-07
23    -2.05859132e-07
24    -2.09045047e-07
25    -3.22156697e-07
26    -3.84235547e-07
27    -4.16497312e-07
28    -4.70561962e-07
29    -3.77180612e-07
30    -3.780119715e-07
31    -4.217427465e-07
32    -4.532065765e-07
33    -4.906469015e-07
34    -6.205253015e-07
35    -5.721668115e-07
36    -5.348427565e-07
37    -6.274698065e-07
38    -6.353764615e-07
39    -5.875717315e-07
40    -6.756030315e-07
41    -6.860095865e-07
42    -7.973073365e-07
43    -1.0266021365e-06
44    -9.311990365e-07
45    -9.345477365e-07
46    -9.962515865e-07
47    -1.0098270665e-06
48    -1.0110712015e-06
49    -1.0221550515e-06
50    -1.2717030015e-06
51    -1.1752491015e-06
52    -1.2754717515e-06
53    -1.1433608515e-06
54    -1.1717921015e-06
55    -1.1477465715e-06
56    -1.1196779515e-06
57    -1.1120852365e-06
58    -9.189768365e-07
59    -7.707270865e-07
60    -7.7068057843e-07
61    -8.7667622843e-07
62    -1.03017287843e-06
63    -1.04695126343e-06
64    -1.11887856343e-06
65    -1.06662486343e-06
66    -9.5239696343e-07
67    -1.07890341343e-06
68    -1.25235996343e-06
69    -1.14732011343e-06
70    -7.6147541343e-07
71    -6.5701456343e-07
72    -5.8543611343e-07
73    -4.0731546343e-07
74    -4.4933699843e-07
75    -5.3616409843e-07
76    -4.1715734843e-07
77    -3.6202589843e-07
78    -3.9300137843e-07
79    -2.6374212843e-07
80    -2.0684912843e-07
81    -4.1991017843e-07
82    -5.0352302843e-07
83    -3.4166917843e-07
84    -4.0250387843e-07
85    -4.5303667843e-07
86    -5.1024362843e-07
87    -5.1530737343e-07
88    -4.7729729843e-07
89    -4.0511419843e-07
90    -5.0212474843e-07
91    -5.1231037843e-07
92    -5.8445857843e-07
93    -7.5300402843e-07
94    -6.5654577843e-07
95    -6.0938491343e-07
96    -8.1045806343e-07
97    -5.2493486343e-07
98    -6.0795471343e-07
99    -6.1890775343e-07
100    -3.7515025343e-07
101    -2.6292810343e-07
102    -4.0398050343e-07
103    -6.3255255343e-07
104    -8.6684530343e-07
105    -8.3791625343e-07
106    -8.3091654343e-07
107    -9.2549409343e-07
108    -8.7449619343e-07
109    -9.3305194343e-07
110    -1.01744384343e-06
111    -1.05462836843e-06
112    -1.01862983843e-06
113    -7.4692293843e-07
114    -5.8904568843e-07
115    -5.9685350843e-07
116    -4.9635180843e-07
117    -5.7509275843e-07
118    -6.9420415843e-07
119    -5.7448230843e-07
120    -3.1267905843e-07
121    -3.7136270843e-07
122    -2.2997315843e-07
123    -2.5736739343e-07
124    -1.7241739343e-07
125    -2.8054089343e-07
126    -1.8800979343e-07
127    7.188365657e-08
128    -8.222629343e-08
129    -2.1194189343e-07
130    -4.43004343e-09
131    -2.126656843e-08
132    1.105768657e-08
133    1.412151807e-08
134    1.270297457e-08
135    1.5497622457e-07
136    1.4014543957e-07
137    8.918238957e-08
138    -1.9147476043e-07
139    -4.3215096043e-07
140    -4.3452295793e-07
141    -7.1172090793e-07
142    -5.5178360793e-07
143    -3.7994180793e-07
144    -4.4052070793e-07
145    -1.4481185793e-07
146    -7.151250793e-08
147    -1.0072061293e-07
148    -7.448912293e-08
149    -6.37562293e-09
150    -1.056150043e-08
151    2.1245264957e-07
152    2.2196388457e-07
153    1.1974713457e-07
154    2.1068818457e-07
155    3.2861358457e-07
156    3.8671588457e-07
157    4.0889520957e-07
158    2.5870950957e-07
159    3.2612970957e-07
160    4.7679795957e-07
161    6.6430190957e-07
162    7.8042505957e-07
163    6.7075510957e-07
164    6.4480268457e-07
165    8.0049398457e-07
166    7.7282069457e-07
167    8.0474889457e-07
168    5.2701604457e-07
169    3.8401609457e-07
170    4.1121265957e-07
171    4.2017740957e-07
172    3.0315895957e-07
173    2.9149663957e-07
174    4.0922728957e-07
175    3.0188283957e-07
176    2.8226735957e-07
177    -1.4116009043e-07
178    -4.1423179043e-07
179    -5.7430664043e-07
180    -5.6658602543e-07
181    -5.4786586043e-07
182    -4.3739366043e-07
183    -4.2153384043e-07
184    -4.1935369843e-07
185    -5.3925579843e-07
186    -3.0945124843e-07
187    -2.5727604843e-07
188    -5.5286864843e-07
189    -6.0942449843e-07
190    -7.7937319843e-07
191    -6.7454024843e-07
192    -8.4698669843e-07
193    -1.07293094843e-06
194    -8.2753399843e-07
195    -9.5245914843e-07
196    -9.7273738843e-07
197    -1.03213028843e-06
198    -1.09586458843e-06
199    -7.9689423843e-07
200    -8.5763013843e-07
201    -1.08274883843e-06
202    -1.03583796843e-06
203    -1.06465800343e-06
204    -1.15163120343e-06
205    -1.36865720343e-06
206    -1.46536255343e-06
207    -1.40443480343e-06
208    -1.65749130343e-06
209    -1.54772835343e-06
210    -1.62680650343e-06
211    -1.81914745343e-06
212    -2.11634460343e-06
213    -2.36670645343e-06
214    -2.21901480343e-06
215    -2.01299995343e-06
216    -2.25007165343e-06
217    -2.25474006543e-06
218    -2.22168545543e-06
219    -2.29893810543e-06
220    -2.13011940543e-06
221    -2.03681800543e-06
222    -1.98089005543e-06
223    -1.61843975543e-06
224    -1.90390920543e-06
225    -1.70338250543e-06
226    -1.97330750543e-06
227    -1.78726860543e-06
228    -1.73668925543e-06
229    -1.73690726815e-06
230    -1.65730586815e-06
231    -1.74423256815e-06
232    -1.52110216815e-06
233    -1.39438061815e-06
234    -1.34568493315e-06
235    -1.21643438315e-06
236    -1.10992713315e-06
237    -8.01602533155e-07
238    -1.01604723315e-06
239    -8.48152933155e-07
240    -5.22863883155e-07
241    -7.15241933155e-07
242    -8.62549883155e-07
243    -6.74034333155e-07
244    -7.27543783155e-07
245    -9.16373283155e-07
246    -9.20896355155e-07
247    -9.98253655155e-07
248    -6.33524405155e-07
249    -6.74150655155e-07
250    -5.37081405155e-07
251    -6.96220255155e-07
252    -1.01646010515e-06
253    -8.98953255155e-07
254    -9.62828555155e-07
255    -9.41434080155e-07
256    -1.14591408015e-06
257    -8.14032280155e-07
258    -9.14289830155e-07
259    -1.45031433015e-06
260    -1.45315142515e-06
261    -1.27399597515e-06
262    -1.16223307515e-06
263    -1.11007242515e-06
264    -1.53619457515e-06
265    -1.57191404515e-06
266    -1.49008019515e-06
267    -1.04988889515e-06
268    -1.13304829515e-06
269    -1.39410739515e-06
270    -1.62762984515e-06
271    -1.74305534516e-06
272    -1.71845170016e-06
273    -1.68598791516e-06
274    -1.50492266516e-06
275    -1.61131366516e-06
276    -1.51666636516e-06
277    -1.41283341516e-06
278    -1.40676389516e-06
279    -1.17370364516e-06
280    -1.36020764515e-06
281    -1.33755159016e-06
282    -1.13679234016e-06
283    -1.33520284016e-06
284    -1.02975019016e-06
285    -1.28218174016e-06
286    -1.34208629016e-06
287    -1.23911374016e-06
288    -8.82607940155e-07
289    -1.18427004016e-06
290    -6.74709540155e-07
291    -7.91594290155e-07
292    -4.96645240155e-07
293    -1.53659240155e-07
294    -8.7266590155e-08
295    1.04376759845e-07
296    1.05446486345e-07
297    -6.8546413655e-08
298    1.41561286345e-07
299    -3.2943213655e-08
300    -1.37101763655e-07
301    -1.94169213655e-07
302    -4.25287663655e-07
303    -8.4557413655e-08
304    -5.61421663655e-07
305    -4.31054913655e-07
306    -7.26240513655e-07
307    -3.46535113655e-07
308    -3.36151808655e-07
309    -3.48639663655e-07
310    -1.75370563655e-07
311    7.9874836345e-08
312    0.353466039875
313    5.57476603987
314    12.3444520399
315    19.1133040399
316    27.3889790399
317    40.8951075399
318    61.4361765399
319    92.9003735399
320    136.60199004
321    186.73932004
322    252.07229504
323    333.12481504
324    430.35493504
325    542.27408004
326    683.23320004
327    871.98085504
328    1103.25498004
329    1354.51369504
330    1624.62609504
331    1898.70709004
332    2197.64656504
333    2548.20837504
334    2942.17521504
335    3362.65689504
336    3818.77451004
337    4329.73801004
338    4881.94281004
339    5469.97326004
340    6098.32991004
341    6754.27741004
342    7471.87136004
343    8263.50411004
344    9102.92616004
345    10004.40671
346    11020.48586
347    12242.68466
348    13751.80556
349    15680.89821
350    18472.32941
351    23690.19591
352    41014.46341
353    44952.41091
354    43839.73111
355    44293.40956
356    44302.0959575
357    44290.6869015
358    44415.9309915
359    44723.2654015
360    44834.1041365
361    45225.0804015
362    45546.3537465
363    45963.8580865
364    45598.5981465
365    44885.5708965
366    44800.0213265
367    44901.0428365
368    45074.5947415
369    45165.7591665
370    44998.5697965
371    45002.9840788
372    45071.5816088
373    45189.6528538
374    45414.6340938
375    44946.7310988
376    45082.1772288
377    45177.2660038
378    45257.8941288
379    45233.4405478
380    45326.5325828
381    45288.9943403
382    45306.2706183
383    45188.0095933
384    45384.1326483
385    45525.9709133
386    45375.1926483
387    45294.3740133
388    45171.7369083
389    45326.2928433
390    45227.8904383
391    45167.6194383
392    45257.9270333
393    45378.6835533
394    45167.4051583
395    45357.5879883
396    45147.4269983
397    45484.7353433
398    45416.4447633
399    45195.9485433
400    45281.0752983
401    45400.5478983
402    45131.7267633
403    45322.9368083
404    45466.9361233
405    45127.4354583
406    45218.2179233
407    45141.5471733
408    45207.0587333
409    45153.6223233
410    45120.1506663
411    44917.3890413
412    45157.5458163
413    45239.7862513
414    45262.1980143
415    45279.9606398
416    45624.9716748
417    45659.8494273
418    45594.9443223
419    45481.8111323
420    45629.7942773
421    45676.2538128
422    45509.6428978
423    45649.2925878
424    45612.0973698
425    45446.9653598
426    45589.4125648
427    45627.9673013
428    45851.6536313
429    45661.5842613
430    45361.8293763
431    45314.2872938
432    45500.3450238
433    45700.3751288
434    45468.5398088
435    45185.2698088
436    45285.4596588
437    45697.1287538
438    45534.7267688
439    45373.5989338
440    45399.4509733
441    45346.6464633
442    45401.1834983
443    45299.7860533
444    45451.8927733
445    45589.9791033
446    45643.9318983
447    45725.1917233
448    45503.8132633
449    45462.1679693
450    45481.3285083
451    45474.5725338
452    45321.8233038
453    45397.5987038
454    45509.6500588
455    45448.1149688
456    45153.7003688
457    45383.3210838
458    45419.6410478
459    45329.2830928
460    45334.0523526
461    45255.5848176
462    45412.5014726
463    45510.1978126
464    45507.3193022
465    45536.9687202
466    45585.9424317
467    45493.8866867
468    45624.4412267
469    45646.2040912
470    45367.0624512
471    45546.5219512
472    45503.0810502
473    45265.9645752
474    45621.9828752
475    45544.0619902
476    45587.3182742
477    45677.9851092
478    45707.4196282
479    45866.0096232
480    45789.9490232
481    45870.7638282
482    45659.9350682
483    45807.9991082
484    46097.6849582
485    45874.7451032
486    45862.9228517
487    45983.8484567
488    46068.0840867
489    45841.2842867
490    45837.0338051
491    46013.8915301
492    46007.1815706
493    45938.0570956
494    46155.7274856
495    46206.4135906
496    45973.5366356
497    45936.1164396
498    45914.2595536
499    45934.6961576
500    46014.2809626
501    46134.4833476
502    46120.9951631
503    45905.5334581
504    46050.8275081
505    46022.2266251
506    46072.6906401
507    46078.4428251
508    45859.4936051
509    45801.4389801
510    45830.2629136
511    46044.7095236
512    45953.2526236
513    45854.2967036
514    45767.6413586
515    45689.6604186
516    45852.5094836
517    45660.8930136
518    45819.6768686
519    45776.8330386
520    45576.9522336
521    45710.3735636
522    45572.4111386
523    45829.6194186
524    45748.5760836
525    45681.7619986
526    45558.5223786
527    45514.9469241
528    45621.0712841
529    45678.3733791
530    45783.3914191
531    45677.3243941
532    45757.9617591
533    45790.0475191
534    45689.8151941
535    45840.4465141
536    45672.3068391
537    45580.7531491
538    45975.2839241
539    46136.4123391
540    45889.7561541
541    45797.0148691
542    45803.0401011
543    45923.2569011
544    45954.6511921
545    46041.7311871
546    46016.8976051
547    45988.9367756
548    45872.6833156
549    45981.5049406
550    45666.9193406
551    45826.1084756
552    45688.8866056
553    45717.9617546
554    45590.8157196
555    45795.5358696
556    45840.4090036
557    45896.6732686
558    45896.2224065
559    45705.7336065
560    45731.650391
561    45603.156076
562    45537.547856
563    45405.793421
564    45772.926381
565    45599.316561
566    45571.3905705
567    45365.7672755
568    45636.8053505
569    45545.9587855
570    45380.3398105
571    45535.3964605
572    45541.6200375
573    45679.1647225
574    45551.8532925
575    45662.1673375
576    45739.9908775
577    45804.4867875
578    46080.9274025
579    46060.370614
580    45843.817099
581    45649.736554
582    45709.382049
583    45640.633129
584    45728.062134
585    45894.666064
586    45919.8096955
587    45741.5034655
588    45563.3175105
589    45800.3708705
590    45716.7348105
591    45847.6213355
592    45806.53332
593    45660.0305
594    45591.798835
595    45685.648045
596    45666.9634
597    45740.59171
598    45685.48687
599    45789.582235
600    45817.819767
601    45831.6255935
602    45886.3480935
603    45689.8073685
604    45714.146461
605    45666.4894705
606    45789.8050605
607    45762.337776
608    45771.709296
609    45769.7214896
610    45738.5963081
611    45597.8183981
612    45806.8285131
613    45749.9548681
614    45929.1466131
615    45843.6134431
616    45811.5338606
617    45946.3831506
618    45851.4044656
619    46176.0617606
620    45874.6192806
621    46027.7126156
622    46217.7074606
623    46080.2279956
624    45709.1203606
625    45759.8078906
626    46045.7214706
627    46285.2902006
628    45819.8540206
629    45717.7239556
630    46182.3902506
631    46242.2757806
632    46073.8822456
633    46022.9326856
634    46258.1413906
635    46177.5976006
636    46094.3378506
637    45902.3579806
638    45957.1201706
639    46003.1328376
640    45930.7380876
641    45766.2556526
642    45857.3013676
643    46006.7634226
644    45715.9239526
645    45748.0071911
646    45511.1326861
647    45560.3798516
648    45669.8509916
649    45848.6228766
650    45769.7421166
651    45540.5679666
652    45448.6962016
653    45401.8867346
654    45532.9893296
655    45679.1219346
656    45546.0565646
657    45417.6459996
658    45305.1783096
659    45329.8548586
660    45531.3645436
661    45580.8238921
662    45822.0641621
663    46157.9824871
664    46139.2469631
665    45786.6526731
666    45391.2148381
667    45287.8866431
668    45334.5152716
669    45342.7684651
670    45665.4329151
671    45174.0045851
672    46164.6282351
673    41765.5628851
674    24216.0983851
675    18852.6423851
676    15941.4084351
677    13901.4949351
678    12352.5784351
679    11089.6505851
680    10019.5168351
681    9102.34008512
682    8285.94468512
683    7548.55583512
684    6857.03283512
685    6207.19438512
686    5596.22503512
687    5016.20693512
688    4471.42708512
689    3966.80623512
690    3504.17622512
691    3075.64254512
692    2692.35172512
693    2347.67701012
694    2035.92551512
695    1756.47626512
696    1495.06645512
697    1253.74590512
698    1052.73683512
699    891.08100512
700    759.92876512
701    659.02116512
702    585.42490512
703    528.72079512
704    485.96464512
705    456.08892562
706    435.07089812
707    417.80971562
708    407.95494912
709    404.35203042
710    404.348435094
711    404.348435908
712    404.348436176
713    404.348436326
714    404.348436266
715    404.348436045
716    404.348436147
717    404.348435935
718    404.348435514
719    404.348435855
720    404.348435583
721    404.348436037
722    404.348435772
723    404.348435892
724    404.348435738
725    404.348435445
726    404.348436068
727    404.348436296
728    404.348436162
729    404.348436048
730    404.348436015
731    404.348436335
732    404.348436284
733    404.348436997
734    404.348437193
735    404.348437315
736    404.348437247
737    404.348437521
738    404.348437767
739    404.348437498
740    404.348437609
741    404.348437486
742    404.348437264
743    404.348437506
744    404.348437922
745    404.348438094
746    404.348438147
747    404.34843816
748    404.34843799
749    404.348437963
750    404.348438034
751    404.348438258
752    404.348438469
753    404.348438374
754    404.348438873
755    404.348438511
756    404.348438209
757    404.348438228
758    404.348438107
759    404.348437795
760    404.34843758
761    404.348437368
762    404.348437284
763    404.348437528
764    404.348437641
765    404.348437513
766    404.348437521
767    404.348437728
768    404.348437884
769    404.348438042
770    404.348438113
771    404.348438162
772    404.348438581
773    404.348438109
774    404.348437946
775    404.348438049
776    404.348438211
777    404.348438169
778    404.348438034
779    404.34843769
780    404.34843805
781    404.348437943
782    404.348437941
783    404.348437968
784    404.348437952
785    404.348438307
786    404.348438227
787    404.348438589
788    404.348438513
789    404.348438368
790    404.348438304
791    404.348438225
792    404.348438231
793    404.348437833
794    404.348437934
795    404.348437736
796    404.348437504
797    404.348437642
798    404.348437685
799    404.348437759
800    404.348437545
801    404.348437611
802    404.348437278
803    404.34843696
804    404.348436917
805    404.348437091
806    404.34843694
807    404.348437082
808    404.348436961
809    404.348436979
810    404.348436921
811    404.348436994
812    404.348436679
813    404.348436922
814    404.348436874
815    404.348436644
816    404.348437247
817    404.348437535
818    404.348437512
819    404.348437619
820    404.348437627
821    404.348437605
822    404.348437332
823    404.348437212
824    404.348437046
825    404.348437011
826    404.348437179
827    404.34843711
828    404.34843727
829    404.348437391
830    404.348437349
831    404.348437515
832    404.34843747
833    404.348437639
834    404.348437851
835    404.348437882
836    404.348437427
837    404.348437797
838    404.348437623
839    404.34843751
840    404.348437733
841    404.348438059
842    404.348438446
843    404.348438165
844    404.348438078
845    404.348438273
846    404.348438005
847    404.348437784
848    404.348437629
849    404.348437648
850    404.348437468
851    404.348437627
852    404.348437528
853    404.348437703
854    404.348437972
855    404.348438067
856    404.348437908
857    404.348437875
858    404.348437717
859    404.348437567
860    404.348437506
861    404.348437418
862    404.348437428
863    404.348437357
864    404.348437214
865    404.348437331
866    404.348437123
867    404.348437247
868    404.348437291
869    404.348436989
870    404.348436983
871    404.348437077
872    404.348436719
873    404.348436746
874    404.348436857
875    404.348437082
876    404.348437142
877    404.348437153
878    404.348437209
879    404.348437243
880    404.348437372
881    404.348437331
882    404.348437401
883    404.348437321
884    404.348437309
885    404.348437596
886    404.348437438
887    404.34843734
888    404.34843752
889    404.348437584
890    404.348437449
891    404.348437504
892    404.348437591
893    404.348437959
894    404.348437892
895    404.348438008
896    404.348437879
897    404.348438041
898    404.348437894
899    404.348437891
900    404.348437847
901    404.348437711
902    404.348437598
903    404.348437527
904    404.348437524
905    404.348437179
906    404.348437397
907    404.348437433
908    404.348437448
909    404.348437456
910    404.348437276
911    404.348437323
912    404.348437308
913    404.348437078
914    404.348437168
915    404.348437127
916    404.348437072
917    404.348437213
918    404.348437426
919    404.348437527
920    404.348437469
921    404.348437355
922    404.348437403
923    404.348437561
924    404.348437714
925    404.348437844
926    404.34843767
927    404.348437875
928    404.348437951
929    404.348437945
930    404.34843796
931    404.348437829
932    404.348437721
933    404.348437651
934    404.348437355
935    404.348437389
936    404.348437369
937    404.348437417
938    404.348437231
939    404.34843724
940    404.348437066
941    404.348436985
942    404.348437104
943    404.348437253
944    404.348437397
945    404.348437426
946    404.348437267
947    404.348437582
948    404.348437436
949    404.348437586
950    404.348437577
951    404.34843744
952    404.348437652
953    404.34843776
954    404.348437561
955    404.348437756
956    404.348437821
957    404.348437835
958    404.348438017
959    404.348437909
960    404.348437875
961    404.34843798
962    404.348437812
963    404.348437889
964    404.348437844
965    404.348437965
966    404.348438003
967    404.348437925
968    404.348437925
969    404.348438075
970    404.348438026
971    404.348438086
972    404.348438194
973    404.348438146
974    404.348438193
975    404.348438081
976    404.348438015
977    404.348437961
978    404.348437834
979    404.348437808
980    404.348437799
981    404.34843775
982    404.348437632
983    404.348437696
984    404.348437828
985    404.348437768
986    404.348437713
987    404.34843768
988    404.348437757
989    404.34843775
990    404.348437889
991    404.348437701
992    404.348437861
993    404.348437884
994    404.348437726
995    404.348437836
996    404.348437868
997    404.348437824
998    404.348437911
999    404.348437807
1000    404.348437644
1001    404.348437546
1002    404.348437523
1003    404.348437519
1004    404.348437588
1005    404.34843744
1006    404.348437405
1007    404.3484375
1008    404.348437561
1009    404.348437555
1010    404.348437513
1011    404.348437491
1012    404.348437487
1013    404.348437554
1014    404.348437536
1015    404.348437538
1016    404.348437579
1017    404.348437716
1018    404.348437726
1019    404.348437617
1020    404.348437584
1021    404.348437629
1022    404.348437663
1023    404.348437786
1024    404.348437754
