#x,Ay
1    -0
2    7.979325e-08
3    1.1546621e-07
4    1.778126e-08
5    6.50846e-09
6    -1.0042904e-07
7    -2.1177989e-07
8    -1.1301649e-07
9    -1.46689535e-07
10    -1.506719305e-07
11    -3.185371805e-07
12    -3.634888305e-07
13    -3.997199055e-07
14    -2.439123055e-07
15    -3.969758055e-07
16    -3.615121405e-07
17    -2.260292905e-07
18    -1.630551405e-07
19    -2.147739405e-07
20    4.92152595e-08
21    1.192938095e-07
22    1.850818095e-07
23    2.065460495e-07
24    -2.39445005e-08
25    -6.49544555e-08
26    -1.893679555e-07
27    -4.601941055e-07
28    -5.316098055e-07
29    -3.465854055e-07
30    -3.660032155e-07
31    -5.747388655e-07
32    -9.855127655e-07
33    -1.2898956655e-06
34    -1.3255453705e-06
35    -1.2213635705e-06
36    -1.1752259205e-06
37    -1.1624880655e-06
38    -1.1743073505e-06
39    -1.2232820955e-06
40    -9.507350955e-07
41    -1.1100308955e-06
42    -9.782513955e-07
43    -1.1088390955e-06
44    -1.1690691955e-06
45    -1.0633060955e-06
46    -1.1464451455e-06
47    -1.2843232455e-06
48    -1.2334880955e-06
49    -1.2720911655e-06
50    -1.4538977155e-06
51    -1.4193119205e-06
52    -1.2716537205e-06
53    -1.0124666205e-06
54    -1.1389963205e-06
55    -1.0297449705e-06
56    -1.1612744705e-06
57    -1.1545131205e-06
58    -1.3180064205e-06
59    -1.1998717205e-06
60    -1.2074295505e-06
61    -1.1584431805e-06
62    -9.430682805e-07
63    -8.299566305e-07
64    -5.992393305e-07
65    -8.552753805e-07
66    -6.834015805e-07
67    -8.901838305e-07
68    -9.625878305e-07
69    -9.770988655e-07
70    -9.882263205e-07
71    -8.778820205e-07
72    -6.017072705e-07
73    -7.878392205e-07
74    -8.361221305e-07
75    -1.1007973805e-06
76    -9.211186805e-07
77    -6.669778805e-07
78    -4.660791305e-07
79    -3.925123805e-07
80    -4.124185405e-07
81    -6.566876405e-07
82    -5.654355405e-07
83    -6.610130405e-07
84    -5.508314905e-07
85    -6.012247905e-07
86    -7.456385905e-07
87    -4.782541905e-07
88    -3.943157405e-07
89    -7.224883905e-07
90    -5.274963405e-07
91    -5.135376105e-07
92    -4.938073105e-07
93    -6.185464105e-07
94    -5.493806605e-07
95    -4.353620605e-07
96    -4.104095905e-07
97    -3.838757855e-07
98    -1.720239855e-07
99    -3.298779855e-07
100    -2.947747655e-07
101    -3.384939105e-07
102    -2.407537105e-07
103    -8.86204105e-08
104    2.16643395e-08
105    -3.58042605e-08
106    1.95620395e-08
107    -7.28528105e-08
108    -2.507990105e-07
109    -3.034829105e-07
110    -4.622322605e-07
111    -2.159865105e-07
112    -3.317666605e-07
113    -4.579243105e-07
114    -4.754817355e-07
115    -3.499112855e-07
116    -5.525076855e-07
117    -8.035788355e-07
118    -5.786345355e-07
119    -7.074301355e-07
120    -5.311059355e-07
121    -7.973973855e-07
122    -6.598681355e-07
123    -5.028745355e-07
124    -6.042773855e-07
125    -5.933010905e-07
126    -6.033006855e-07
127    -7.647010855e-07
128    -1.0450500855e-06
129    -1.0301204605e-06
130    -1.6862329605e-06
131    -1.3282941105e-06
132    -1.1946716605e-06
133    -1.2982909605e-06
134    -1.1266468105e-06
135    -1.2096434105e-06
136    -1.2903843105e-06
137    -1.1481023605e-06
138    -1.1068947405e-06
139    -1.2124252905e-06
140    -1.0227586405e-06
141    -1.3699537405e-06
142    -1.4929370905e-06
143    -2.1427130905e-06
144    -2.4363536905e-06
145    -2.4259878355e-06
146    -2.5856033855e-06
147    -2.5121645355e-06
148    -2.8116871855e-06
149    -3.1299997355e-06
150    -3.1870206355e-06
151    -3.3039518855e-06
152    -3.0907280355e-06
153    -3.2364778855e-06
154    -3.3312879855e-06
155    -3.1978748355e-06
156    -3.2417800155e-06
157    -2.7121505155e-06
158    -2.9668842655e-06
159    -2.964279723e-06
160    -2.867539473e-06
161    -2.827343438e-06
162    -2.988232188e-06
163    -3.280545838e-06
164    -3.183700938e-06
165    -2.978662788e-06
166    -3.289405888e-06
167    -3.241652023e-06
168    -3.668564773e-06
169    -3.374600023e-06
170    -3.539349073e-06
171    -3.634135923e-06
172    -3.284801373e-06
173    -3.208571923e-06
174    -3.144062923e-06
175    -3.309823573e-06
176    -3.710737423e-06
177    -3.525349673e-06
178    -3.782920523e-06
179    -3.801617433e-06
180    -3.991260833e-06
181    -3.949506728e-06
182    -3.979552008e-06
183    -3.921624158e-06
184    -4.268796008e-06
185    -4.235320628e-06
186    -4.441847078e-06
187    -4.104012028e-06
188    -3.891834678e-06
189    -3.687248628e-06
190    -3.479629228e-06
191    -3.290660228e-06
192    -3.416631828e-06
193    -3.446578278e-06
194    -3.559271328e-06
195    -3.501878328e-06
196    -3.604083428e-06
197    -3.738170978e-06
198    -3.412254078e-06
199    -3.368255873e-06
200    -3.238354223e-06
201    -3.000991823e-06
202    -2.720026573e-06
203    -2.441456573e-06
204    -2.412248468e-06
205    -2.170328118e-06
206    -2.181397428e-06
207    -2.492268428e-06
208    -2.776570778e-06
209    -2.723038078e-06
210    -3.193547928e-06
211    -3.253173378e-06
212    -2.939976878e-06
213    -2.683057128e-06
214    -2.636733443e-06
215    -2.474902843e-06
216    -2.582619393e-06
217    -2.745240643e-06
218    -2.728729688e-06
219    -2.472112288e-06
220    -2.514657063e-06
221    -2.591793463e-06
222    -2.519912663e-06
223    -2.473402938e-06
224    -2.862113788e-06
225    -2.635053288e-06
226    -2.420410888e-06
227    -2.309961888e-06
228    -2.175734838e-06
229    -2.297776338e-06
230    -2.466513638e-06
231    -2.539961238e-06
232    -2.687676138e-06
233    -2.094578138e-06
234    -2.470841838e-06
235    -2.277352638e-06
236    -2.269120418e-06
237    -2.113684918e-06
238    -2.166799018e-06
239    -2.316606868e-06
240    -2.185728518e-06
241    -2.497087868e-06
242    -2.867665768e-06
243    -3.018589818e-06
244    -3.086494018e-06
245    -3.067634323e-06
246    -3.274056123e-06
247    -3.438188923e-06
248    -3.207300123e-06
249    -3.247344993e-06
250    -2.823815793e-06
251    -3.062149093e-06
252    -2.996384343e-06
253    -2.639003593e-06
254    -2.538635593e-06
255    -2.249548593e-06
256    -2.113623943e-06
257    -1.956839643e-06
258    -2.131012743e-06
259    -1.791956843e-06
260    -2.063062043e-06
261    -1.914277443e-06
262    -1.864884118e-06
263    -1.686240268e-06
264    -1.886790218e-06
265    -1.789422118e-06
266    -2.134361518e-06
267    -2.224311318e-06
268    -2.078177768e-06
269    -2.163470768e-06
270    -2.346067968e-06
271    -2.160308118e-06
272    -2.264559668e-06
273    -2.272373298e-06
274    -2.483719298e-06
275    -2.187382548e-06
276    -2.460603948e-06
277    -2.237389248e-06
278    -2.291684998e-06
279    -2.758830898e-06
280    -3.069853048e-06
281    -3.178656748e-06
282    -3.062196398e-06
283    -2.940108348e-06
284    -3.045045898e-06
285    -3.130809848e-06
286    -3.112287343e-06
287    -2.897191493e-06
288    2.67487200281
289    9.40203000281
290    16.1736070028
291    22.9420510028
292    29.7123225028
293    36.4824605028
294    43.2517455028
295    50.3309435028
296    63.1928430028
297    85.7576150028
298    118.708278503
299    152.913818503
300    191.994786003
301    232.894923003
302    278.569240003
303    329.179875003
304    389.316845003
305    450.245375003
306    511.347920003
307    577.181665003
308    655.360975003
309    743.207190003
310    834.161810003
311    940.112500003
312    1058.973125
313    1194.230345
314    1340.29905
315    1507.876855
316    1696.96892
317    1906.763645
318    2130.645475
319    2361.27489
320    2600.12623
321    2844.038565
322    3095.19576
323    3352.36738
324    3609.89394
325    3875.754875
326    4179.51497
327    4510.864475
328    4846.100265
329    5201.555935
330    5568.578015
331    5945.450445
332    6339.976715
333    6770.997975
334    7220.65886
335    7678.391775
336    8154.65147
337    8687.50107
338    9284.40657
339    9921.69262
340    10596.25547
341    11316.52242
342    12116.35687
343    13016.87747
344    14024.34692
345    15165.38457
346    16464.88962
347    17977.93972
348    19835.38872
349    22284.80182
350    25940.32387
351    33310.56987
352    46808.54787
353    49540.35047
354    49710.769505
355    49880.42908
356    49736.415285
357    49823.11835
358    49950.40922
359    49862.48216
360    49975.04669
361    50093.82906
362    50082.7912985
363    49931.3970235
364    49655.1054985
365    49518.3177335
366    49495.8843765
367    49123.5751365
368    49299.1815315
369    49492.0339715
370    49685.7372515
371    49969.1966915
372    49932.902033
373    50008.809578
374    50039.3755635
375    49788.4282035
376    49798.656826
377    49907.134451
378    50203.238941
379    50035.487506
380    50006.633769
381    49922.579064
382    49966.5539145
383    50282.0412295
384    50094.9035295
385    49869.2014595
386    50001.2302345
387    50205.6412995
388    49991.4581195
389    49990.6466001
390    50272.3137351
391    50272.2774926
392    50244.3069481
393    50265.2035586
394    50385.0059186
395    50479.8953286
396    50419.3999886
397    50327.4566386
398    50522.4893986
399    50490.8883771
400    50621.5914421
401    50724.3076921
402    50781.9336321
403    50787.9550661
404    50708.5776161
405    50803.8551961
406    50813.5376416
407    50772.2938146
408    50793.3895201
409    50670.8467651
410    50882.9411251
411    50876.6607746
412    50674.4874796
413    50794.0013846
414    50802.6405426
415    50777.4898381
416    50797.2728066
417    50942.5292666
418    51174.0891516
419    50952.1412466
420    50945.2232231
421    50789.2796581
422    50642.4651331
423    50695.7368731
424    50760.1711531
425    50752.1705321
426    50851.8027721
427    50701.5678221
428    50752.7479121
429    50833.0667071
430    50996.0984221
431    50672.7956721
432    50586.8014621
433    50810.4956321
434    50721.7769571
435    50880.7555671
436    50810.2937821
437    50853.5863621
438    50846.2653146
439    50599.2653346
440    50668.8585146
441    50637.3067016
442    50593.5800276
443    50743.6467276
444    50698.3292951
445    50801.6155251
446    50911.7554501
447    50799.6641401
448    50774.5465106
449    50762.3920836
450    50773.6001926
451    50834.0702376
452    50650.9777676
453    50785.1249426
454    50792.5861426
455    50790.070918
456    50961.100913
457    50884.283493
458    50805.625683
459    50819.1696215
460    50733.6187565
461    50622.5205315
462    50499.3279465
463    50443.1509465
464    50667.1525865
465    50439.2463565
466    50657.1721515
467    50676.9237945
468    50697.6149025
469    50841.6919675
470    50873.495636
471    50919.901186
472    50739.830071
473    50677.340246
474    50909.783496
475    50886.1375595
476    50736.1300895
477    50979.9147095
478    50789.8117495
479    50750.4922025
480    50707.301864
481    50729.979803
482    50696.3676735
483    50693.8446567
484    50709.5642242
485    50851.3372992
486    50799.3113492
487    50674.3752992
488    50621.8763842
489    50768.4956242
490    50916.4731292
491    50955.1100957
492    50842.6742907
493    50861.4133602
494    50734.2637702
495    50885.1865302
496    51155.3969902
497    51131.7006292
498    51083.0029217
499    50927.4445917
500    50705.1182167
501    50996.1755317
502    50818.4880217
503    50935.9253167
504    50833.6649617
505    50810.2555382
506    50675.6440082
507    50661.4040387
508    50612.3700752
509    50856.1952902
510    51010.9438302
511    51073.9449252
512    51026.1476057
513    51056.5100017
514    50912.4605317
515    51195.5399667
516    50874.2169167
517    50794.5847067
518    50611.8896317
519    50851.8929517
520    50798.3014267
521    50939.8793617
522    50966.8275062
523    50887.9136012
524    50985.6884512
525    50891.9299662
526    51095.3168662
527    50879.2649512
528    50868.6080307
529    50967.7584607
530    51036.6815257
531    50883.5987607
532    50845.2283032
533    50980.3528032
534    50987.7728692
535    51104.3819242
536    50892.7990292
537    50994.5118742
538    50978.5759102
539    50989.4651212
540    51145.3987362
541    51153.1548842
542    50908.9136592
543    50946.1769857
544    50742.2434307
545    50627.0291857
546    50938.3821607
547    51074.4898657
548    51111.7979717
549    51313.5434217
550    51252.8273767
551    51149.7261017
552    51093.5818417
553    50803.6676167
554    51068.1769767
555    51238.9639467
556    51261.5107217
557    51234.9484587
558    51216.0545042
559    50971.0296742
560    50692.5323342
561    50929.2126092
562    51049.7236142
563    50823.5274642
564    51056.2752292
565    50903.4366342
566    51013.1445742
567    50915.8449742
568    51028.7260142
569    50965.2007142
570    50827.7511392
571    50629.8305342
572    50588.8207087
573    50672.9995337
574    50595.7853687
575    50733.0194137
576    50991.6659437
577    50975.0139657
578    51126.3523507
579    50947.1904457
580    50744.0252207
581    50735.5216872
582    50722.9716022
583    50636.4347672
584    50304.7047022
585    50369.4806622
586    50391.0869187
587    50114.8706987
588    50378.6709187
589    50378.8789383
590    50301.3290983
591    50327.1366018
592    50516.4866718
593    50471.0467693
594    50376.4127943
595    50087.0533343
596    50249.0045843
597    50299.4808243
598    50382.9016343
599    50476.0158293
600    50542.0204993
601    50406.6155993
602    50288.5364793
603    50188.0036393
604    50305.6116143
605    50451.5313493
606    50420.3881073
607    50314.1719573
608    50391.6844423
609    50266.4567973
610    50142.1252173
611    50265.1968173
612    50185.9943023
613    49917.5919823
614    50101.5968973
615    49930.1321323
616    50097.5101023
617    50079.3504493
618    49787.2236893
619    49808.0800898
620    49905.2502048
621    49807.7493798
622    49709.8722048
623    49675.3473793
624    50088.3196593
625    50061.4347853
626    49981.0684353
627    49871.3355403
628    49924.4569553
629    49920.4979985
630    50052.8897785
631    50021.362449
632    49952.947864
633    50135.383089
634    50048.096009
635    49879.112364
636    50093.385859
637    50114.3542495
638    49898.4576745
639    49943.021837
640    50035.652332
641    50189.264527
642    49977.909002
643    49918.127127
644    50186.643152
645    50140.0689645
646    50064.0310045
647    50108.443057
648    50200.738807
649    50157.7560385
650    50166.069647
651    50109.264012
652    50395.048567
653    50539.021247
654    50719.669367
655    50542.304417
656    50168.332857
657    49875.990297
658    49647.846577
659    50008.611197
660    49916.407092
661    50033.116112
662    50024.9904575
663    50331.9254675
664    50633.3696225
665    50445.3850725
666    50498.8033725
667    50299.9710825
668    50252.952771
669    50392.261511
670    50099.039031
671    50115.8219175
672    49954.1352975
673    47082.2845475
674    33104.4675475
675    25631.5225475
676    21913.1960475
677    19394.7651975
678    17505.2569475
679    16008.7446975
680    14744.7022975
681    13643.4223975
682    12668.3840975
683    11825.4868475
684    11096.3704975
685    10452.3070475
686    9856.61639753
687    9277.30159753
688    8741.96844753
689    8243.22101253
690    7758.38552253
691    7288.81795253
692    6845.96633753
693    6436.66940253
694    6050.82366253
695    5672.52951253
696    5309.49890253
697    4960.85999753
698    4619.68308253
699    4290.93562253
700    3976.90195753
701    3676.68639753
702    3400.83726253
703    3130.04603253
704    2859.60910753
705    2597.94917253
706    2345.50437753
707    2114.19441253
708    1899.99116253
709    1708.05452753
710    1535.74574253
711    1381.17800253
712    1239.78200253
713    1113.24007753
714    997.688837533
715    882.740822533
716    777.752107533
717    688.966517533
718    621.861482533
719    568.848717533
720    529.675075533
721    495.819459533
722    463.705347533
723    441.302314033
724    420.993131533
725    400.682130033
726    382.133651533
727    368.329829533
728    355.111978533
729    346.723024533
730    340.136199533
731    338.145794433
732    338.145794406
733    338.145794261
734    338.14579429
735    338.145794238
736    338.145794198
737    338.145794481
738    338.145794476
739    338.145794142
740    338.145793999
741    338.145793769
742    338.145793708
743    338.145793706
744    338.145793761
745    338.145793803
746    338.145793851
747    338.145794157
748    338.145794312
749    338.14579402
750    338.145793845
751    338.145793885
752    338.145793935
753    338.14579416
754    338.145794
755    338.145794068
756    338.145794138
757    338.145793896
758    338.145793936
759    338.145793853
760    338.145793877
761    338.145793851
762    338.145794059
763    338.145794092
764    338.145794009
765    338.145794188
766    338.145794272
767    338.145793994
768    338.145794021
769    338.14579408
770    338.145794234
771    338.145794162
772    338.145793856
773    338.145793805
774    338.145793597
775    338.145793896
776    338.14579365
777    338.145793853
778    338.145793442
779    338.145793113
780    338.145793193
781    338.145792946
782    338.145792879
783    338.145793012
784    338.145792744
785    338.145792829
786    338.14579298
787    338.145793281
788    338.145793274
789    338.14579329
790    338.145793437
791    338.145793202
792    338.145793143
793    338.145792846
794    338.145792945
795    338.145792836
796    338.145793254
797    338.145792962
798    338.145792844
799    338.145793054
800    338.145793259
801    338.145793159
802    338.145793182
803    338.145793325
804    338.145793396
805    338.145793491
806    338.145793053
807    338.145792993
808    338.145793163
809    338.145793344
810    338.14579369
811    338.145793165
812    338.145793088
813    338.145792872
814    338.145792868
815    338.145792638
816    338.145792722
817    338.145792727
818    338.145792398
819    338.145792344
820    338.145792412
821    338.145792169
822    338.145791595
823    338.145791629
824    338.145791318
825    338.145791304
826    338.145791505
827    338.145791621
828    338.145791689
829    338.145791577
830    338.145791245
831    338.145791035
832    338.145790929
833    338.145791347
834    338.145791572
835    338.145791021
836    338.145790921
837    338.145790962
838    338.145791317
839    338.14579131
840    338.145791397
841    338.145791432
842    338.145791364
843    338.145791179
844    338.145790714
845    338.14579068
846    338.145790748
847    338.14579085
848    338.145790467
849    338.14579073
850    338.145791051
851    338.145790814
852    338.145790509
853    338.145790611
854    338.145790727
855    338.145790573
856    338.145790677
857    338.14579064
858    338.145791057
859    338.145791256
860    338.145791292
861    338.145791442
862    338.145791371
863    338.145791335
864    338.145791485
865    338.145791374
866    338.145791513
867    338.145791572
868    338.145791328
869    338.145791289
870    338.145791166
871    338.145791439
872    338.145791312
873    338.145791207
874    338.145790867
875    338.145790752
876    338.14579093
877    338.145790882
878    338.145790971
879    338.145790515
880    338.145790765
881    338.145790585
882    338.145790536
883    338.145790338
884    338.145790576
885    338.145790293
886    338.145790368
887    338.145790464
888    338.145790265
889    338.145790198
890    338.14579049
891    338.145790316
892    338.145790374
893    338.145790345
894    338.145790134
895    338.145789999
896    338.145789974
897    338.145790041
898    338.145790303
899    338.145790232
900    338.145789914
901    338.145790343
902    338.145790562
903    338.145790194
904    338.145789755
905    338.145789639
906    338.14578981
907    338.145789886
908    338.145789829
909    338.145789506
910    338.145789736
911    338.145789683
912    338.145789851
913    338.145789771
914    338.14578981
915    338.145790043
916    338.14579023
917    338.14579043
918    338.145790617
919    338.145790955
920    338.145791069
921    338.145791244
922    338.145791426
923    338.145791474
924    338.14579175
925    338.145792024
926    338.14579211
927    338.145792366
928    338.14579233
929    338.145792421
930    338.145792568
931    338.145792392
932    338.145792266
933    338.145792375
934    338.145792425
935    338.145792412
936    338.14579238
937    338.145792143
938    338.145792159
939    338.145792209
940    338.14579188
941    338.145791641
942    338.145791627
943    338.145791828
944    338.145791837
945    338.14579176
946    338.145792237
947    338.145792065
948    338.145792052
949    338.145791879
950    338.145791807
951    338.145791829
952    338.14579187
953    338.145792076
954    338.145791979
955    338.145792083
956    338.145792183
957    338.145792309
958    338.145792149
959    338.1457922
960    338.145792054
961    338.145791963
962    338.145792054
963    338.145792314
964    338.145792083
965    338.14579185
966    338.145791869
967    338.145791649
968    338.145791191
969    338.145791375
970    338.145791486
971    338.14579156
972    338.145791555
973    338.14579171
974    338.145791662
975    338.145791705
976    338.145791796
977    338.145791695
978    338.145791583
979    338.145791851
980    338.145791713
981    338.145791741
982    338.145791935
983    338.145792086
984    338.145792132
985    338.145792329
986    338.145792721
987    338.145792491
988    338.145792222
989    338.14579223
990    338.145792252
991    338.14579248
992    338.145792263
993    338.145792388
994    338.145792368
995    338.14579235
996    338.145792255
997    338.145792437
998    338.145792251
999    338.145792109
1000    338.145792198
1001    338.145792306
1002    338.145792539
1003    338.145792588
1004    338.145792589
1005    338.14579268
1006    338.145792724
1007    338.14579318
1008    338.14579337
1009    338.145793301
1010    338.145793282
1011    338.145793136
1012    338.145793052
1013    338.145792856
1014    338.145792609
1015    338.145792786
1016    338.145792944
1017    338.145793067
1018    338.145793166
1019    338.145793101
1020    338.14579305
1021    338.14579323
1022    338.145793185
1023    338.145793241
1024    338.145792956
