#x,Ay
1    -0
2    -2.0654739e-26
3    -3.402823689e-24
4    -4.13815389e-25
5    1.967257511e-24
6    -4.811280489e-24
7    -4.176155539e-24
8    1.209496461e-24
9    -4.622808539e-24
10    -5.716204389e-24
11    -6.908999889e-24
12    -4.782880489e-24
13    -4.02196839e-25
14    -3.163440589e-24
15    -1.215465989e-24
16    -6.633390989e-24
17    -7.887181589e-24
18    -4.006723539e-24
19    -9.691865539e-24
20    -1.1273868689e-23
21    -8.056935489e-24
22    -1.0478671789e-23
23    -9.523402639e-24
24    -1.1038924189e-23
25    -1.8040788689e-23
26    -1.7253337039e-23
27    -1.3397083239e-23
28    -1.7401468289e-23
29    -1.9064152939e-23
30    -2.0689401389e-23
31    -2.6333234389e-23
32    -2.3650735289e-23
33    -2.6428761139e-23
34    -2.4936475939e-23
35    -2.1928669089e-23
36    -2.6266107239e-23
37    -2.8901487989e-23
38    -3.0636463189e-23
39    -2.3508090189e-23
40    -1.7642221189e-23
41    -1.7142641289e-23
42    -1.4245852139e-23
43    -1.6006645689e-23
44    -1.3053056889e-23
45    -1.1104436939e-23
46    -6.501879089e-24
47    -7.069877039e-24
48    -6.677442109e-24
49    -7.823765009e-24
50    -1.1767235409e-23
51    -1.3192877759e-23
52    -1.4210110309e-23
53    -1.6781591409e-23
54    -1.3395549659e-23
55    -1.5995430759e-23
56    -1.6088375899e-23
57    -1.8817347449e-23
58    -1.5943149199e-23
59    -1.4719371999e-23
60    -1.7957605149e-23
61    -1.8344230954e-23
62    -1.9955279404e-23
63    -1.9363077104e-23
64    -1.7377666404e-23
65    -1.6406906354e-23
66    -1.8101863604e-23
67    -2.0288655554e-23
68    -2.5937652554e-23
69    -6.1148359054e-23
70    -1.33315064054e-22
71    7.68665535946e-22
72    2.74777658595e-21
73    2.66350611595e-21
74    2.15803556159e-20
75    -2.74959818841e-20
76    -1.69960884054e-22
77    6.83868989116e-19
78    -8.92538210884e-19
79    4.41318689116e-19
80    -4.25571296088e-18
81    -5.22953739609e-17
82    -1.61431239609e-17
83    2.18672686039e-16
84    9.59434810391e-17
85    3.03165116039e-16
86    2.87398261604e-15
87    1.0517792616e-14
88    -2.41727188396e-15
89    -5.7075961884e-14
90    -1.84924086884e-13
91    1.78167008116e-13
92    5.41346833116e-13
93    6.90380018116e-13
94    1.66335401812e-12
95    3.60717336812e-12
96    8.30810816812e-12
97    2.29708496681e-11
98    -2.13659443319e-11
99    -1.57278589332e-10
100    -1.49335834832e-10
101    1.86905850168e-10
102    -3.27971149832e-10
103    -7.25041124832e-10
104    -6.56571099832e-10
105    -1.32579559983e-09
106    -8.36535119832e-10
107    -7.45733511983e-09
108    -1.19564241198e-08
109    -1.15331132748e-08
110    -1.44741267748e-08
111    -1.42066953198e-08
112    -1.87250413198e-08
113    -1.38248053198e-08
114    -5.68814531983e-09
115    -3.22717181983e-09
116    4.42735680168e-10
117    6.40402900168e-10
118    -9.39988709983e-09
119    -4.59710670998e-08
120    -5.41406070998e-08
121    -8.11671170998e-08
122    -9.87913970998e-08
123    -6.54771670998e-08
124    -6.96223490998e-08
125    -3.56964090998e-08
126    -7.03853990998e-08
127    -6.74000560998e-08
128    -6.09468310998e-08
129    -7.98646610998e-08
130    -7.14115160998e-08
131    -9.11432710998e-08
132    -1.182108411e-07
133    -1.18565478195e-07
134    -1.47587548195e-07
135    -1.92056663195e-07
136    -2.29377813195e-07
137    -2.90497413195e-07
138    -2.34429913195e-07
139    -2.76224718195e-07
140    -2.62941103195e-07
141    -2.36366608195e-07
142    -2.39994368195e-07
143    -2.12268758195e-07
144    -2.03878113195e-07
145    -2.06258830195e-07
146    -2.07822720195e-07
147    -2.34341255195e-07
148    -2.93030705195e-07
149    -3.24211845195e-07
150    -3.07962510195e-07
151    -2.89498145195e-07
152    -3.03648730195e-07
153    -3.04459744195e-07
154    -3.68573394195e-07
155    -3.38295564195e-07
156    -3.84168689195e-07
157    -3.89308014195e-07
158    -4.15295324195e-07
159    -4.64110189195e-07
160    -4.49808449195e-07
161    -5.04748049195e-07
162    -5.27968029195e-07
163    -5.79268279195e-07
164    -5.60117899195e-07
165    -5.31351634195e-07
166    -4.61569584195e-07
167    -4.89164384195e-07
168    -5.15878404195e-07
169    -5.45156279195e-07
170    -5.91131144195e-07
171    -5.80405199195e-07
172    -5.38110414195e-07
173    -5.51002329195e-07
174    -5.93946794195e-07
175    -6.76042294195e-07
176    -7.05634109195e-07
177    -6.85111694195e-07
178    -7.00297119195e-07
179    -7.59562119195e-07
180    -6.46433019195e-07
181    -7.10616469195e-07
182    -5.54064719195e-07
183    -5.06363179195e-07
184    -5.30378369195e-07
185    -5.78286294195e-07
186    -8.19078794195e-07
187    -7.98742414195e-07
188    -7.31280064195e-07
189    -7.10315804195e-07
190    -6.95685589195e-07
191    -6.83034944195e-07
192    -6.09851894195e-07
193    -5.33078894195e-07
194    -5.32218462195e-07
195    -4.03328362195e-07
196    -4.72813162195e-07
197    -5.86971262195e-07
198    -4.66522712195e-07
199    -3.93595462195e-07
200    -3.01541062195e-07
201    -3.28399702195e-07
202    -1.18355952195e-07
203    -9.64818421948e-08
204    -6.99078871948e-08
205    -1.53044037195e-07
206    -2.59964087195e-07
207    -2.07576687195e-07
208    -1.60904177195e-07
209    8.71677280517e-09
210    2.96694028052e-08
211    7.34234228052e-08
212    -8.51296771948e-08
213    -1.04966077195e-07
214    -1.43545897195e-07
215    -2.94749047195e-07
216    -1.22221197195e-07
217    -8.99899571948e-08
218    -3.22163607195e-07
219    -3.98788357195e-07
220    -3.00897007195e-07
221    -4.26659307195e-07
222    -4.26054680195e-07
223    -3.43976630195e-07
224    -4.82433180195e-07
225    -2.53948330195e-07
226    -1.36301980195e-07
227    -1.27011660195e-07
228    -8.15484051948e-08
229    1.19443394805e-07
230    2.18497494805e-07
231    1.83323059805e-07
232    2.16437984805e-07
233    1.51022034805e-07
234    2.41762534805e-07
235    3.15015334805e-07
236    3.03422789805e-07
237    2.76586674805e-07
238    3.16997814805e-07
239    1.25284714805e-07
240    3.36624914805e-07
241    3.39915477805e-07
242    3.36183073305e-07
243    3.43764158305e-07
244    2.83940558305e-07
245    1.47155458305e-07
246    8.00789583052e-08
247    3.41393858305e-07
248    4.98340958305e-07
249    -1.17118041695e-07
250    -2.80971791695e-07
251    -4.95619991695e-07
252    -4.13684391695e-07
253    -3.74290656695e-07
254    -2.66760156695e-07
255    2.64371933052e-08
256    -1.80228756695e-07
257    -1.56764601695e-07
258    -4.22314801695e-07
259    -2.92436401695e-07
260    -4.39639701695e-07
261    -2.72262801695e-07
262    -1.32694401695e-07
263    -1.50879706695e-07
264    -9.79051066948e-08
265    -3.63684956695e-07
266    -5.45206606695e-07
267    -5.04481521695e-07
268    -4.20229171695e-07
269    -1.97976621695e-07
270    -4.55131821695e-07
271    -7.40445771695e-07
272    -6.58542121695e-07
273    -3.39136571695e-07
274    -3.87099721695e-07
275    -5.83928871695e-07
276    -5.56162561695e-07
277    -8.73044961695e-07
278    -8.22860961695e-07
279    -8.51906286695e-07
280    -9.35228436695e-07
281    -6.18566986695e-07
282    -5.21032186695e-07
283    -5.00056301695e-07
284    -5.50368201695e-07
285    -4.36500751695e-07
286    -6.37260001695e-07
287    -5.02660851695e-07
288    -5.44566116695e-07
289    -6.94932066695e-07
290    -1.14161146669e-06
291    -1.03794126669e-06
292    -6.38695966695e-07
293    -7.01181766695e-07
294    -7.31657261695e-07
295    -7.62785351695e-07
296    -1.02378630169e-06
297    -1.28479305169e-06
298    -1.33775600169e-06
299    -1.33019817169e-06
300    -1.63560427169e-06
301    -1.69749707169e-06
302    -1.53956167169e-06
303    -1.50166787169e-06
304    -1.71221742169e-06
305    -1.49964472169e-06
306    -1.34672362169e-06
307    -1.13984837169e-06
308    -1.10496607669e-06
309    -1.66029207669e-06
310    -1.11050057669e-06
311    -1.19166002669e-06
312    -1.41790657669e-06
313    -1.40237233169e-06
314    -1.45823923169e-06
315    -1.41172950669e-06
316    -1.15183315669e-06
317    -1.43780400669e-06
318    -1.64437695669e-06
319    -1.91566820669e-06
320    -2.04625590669e-06
321    -2.18573860669e-06
322    -2.28031615669e-06
323    -2.78669065669e-06
324    -3.04702885669e-06
325    -2.73727410669e-06
326    -2.53109650669e-06
327    -2.53621257669e-06
328    -2.49608049669e-06
329    -2.08626004669e-06
330    -2.01111194669e-06
331    0.277113188888
332    5.63506618889
333    17.5274311889
334    34.3712391889
335    76.5846021889
336    162.079367189
337    296.247287189
338    521.185782189
339    805.934602189
340    1164.33398719
341    1614.16100719
342    2162.64695719
343    2824.66600719
344    3623.86730719
345    4531.11220719
346    5572.12215719
347    6749.53415719
348    8117.34280719
349    9798.47540719
350    12111.0426072
351    16171.5201072
352    32199.0961072
353    35630.3579072
354    34702.3856572
355    34490.1746022
356    34423.7903772
357    34531.5746022
358    34788.8033622
359    35512.1065622
360    35603.0943372
361    35587.6624842
362    35112.6520692
363    35027.6906992
364    35546.4641492
365    35477.1674592
366    35083.3093692
367    35228.3666992
368    35311.1001442
369    35331.8619247
370    34956.2985397
371    35201.0957347
372    35422.7934147
373    35338.0074847
374    34848.7368047
375    35232.7189047
376    35420.4086447
377    35151.0168347
378    34819.7660447
379    35097.9136097
380    35280.0878397
381    35280.868962
382    34964.709412
383    35170.488377
384    35414.047412
385    35206.324362
386    35012.618152
387    35245.528917
388    35377.286157
389    35188.975017
390    34938.319047
391    35043.179597
392    35434.823227
393    35122.830417
394    35146.03258
395    35231.9407
396    35243.9676745
397    35201.84578
398    35088.357015
399    35185.118185
400    35112.03066
401    34976.200235
402    35014.0096175
403    35103.4988825
404    35006.8995275
405    34870.4419825
406    34844.197454
407    34933.456409
408    34729.118214
409    34852.604074
410    34777.606029
411    34563.261634
412    34726.202909
413    34865.056489
414    34819.071936
415    34684.507551
416    35043.296671
417    34759.616331
418    34888.198821
419    34798.516571
420    34934.073076
421    34996.801261
422    34930.801931
423    34851.163206
424    34996.548321
425    34999.4189011
426    34796.6773861
427    34806.6321796
428    34947.8964496
429    34879.3854646
430    34696.0821146
431    34706.8660661
432    34750.0043341
433    34677.6782091
434    34534.7573291
435    34646.7832441
436    34775.2342541
437    34880.6103041
438    34716.2172441
439    34476.5462541
440    34516.8103746
441    34828.0038096
442    34692.6055846
443    34677.3842251
444    34747.5702051
445    34673.2775201
446    34767.9287601
447    34945.0531101
448    34851.2183901
449    34928.1555851
450    34809.1861001
451    34682.0063451
452    34771.4001851
453    34853.5235701
454    34725.7725851
455    34455.5496551
456    34581.6665401
457    34925.0021301
458    34722.6756001
459    34412.9250401
460    34603.9985251
461    34714.1501551
462    34673.8067056
463    34743.6772556
464    34689.0719156
465    34754.4988206
466    34734.3300886
467    34799.0228986
468    34790.4029791
469    34856.5881041
470    34756.1584941
471    34560.3622991
472    34781.2272191
473    34710.2965691
474    34536.1510541
475    34611.6388941
476    34914.8019391
477    34992.0740091
478    34722.9954991
479    34823.2607441
480    35021.6780691
481    34956.3984191
482    34766.0142491
483    34959.7584491
484    35014.1613541
485    34912.4720091
486    34617.0082791
487    34803.4542041
488    35184.2875441
489    34998.8656791
490    34829.4989691
491    34654.4798391
492    34940.4974141
493    34942.6497895
494    34819.4167345
495    34759.7183645
496    35205.0448245
497    34980.8006195
498    34810.8534345
499    34798.7410095
500    34860.3607195
501    34806.2179895
502    34690.6405945
503    34929.5488245
504    35081.5893945
505    34766.5482395
506    34551.4948845
507    34865.5464495
508    35060.2913845
509    34728.7486095
510    34690.4013095
511    34834.0778595
512    34850.023228
513    34766.779373
514    34760.838497
515    35169.516692
516    34962.241007
517    34557.715992
518    34651.340067
519    34911.626697
520    34909.1609479
521    34803.4546179
522    34685.7021529
523    34943.9744929
524    34760.6647079
525    34749.1754409
526    34737.4881029
527    34653.2311729
528    34873.5313179
529    34927.4299229
530    34712.0543979
531    34962.8930079
532    34821.5278329
533    34896.4207479
534    34883.0795319
535    34949.5567419
536    34768.9684619
537    34723.6436414
538    34813.5696614
539    34994.8468464
540    34975.4156834
541    34826.4119384
542    34699.9584734
543    34713.7157559
544    34731.5481849
545    34799.9949949
546    34648.3905449
547    34845.1507299
548    34917.4837799
549    34742.9780849
550    34598.7670899
551    34631.8644469
552    34511.0844269
553    34799.4394069
554    34820.1952419
555    34883.1541019
556    34802.8711219
557    34916.8423019
558    34788.5603319
559    34900.3053569
560    34971.0016069
561    35010.4451169
562    34708.8489969
563    34752.6872664
564    34820.3944814
565    34921.5788714
566    34826.5895514
567    34882.0051114
568    35052.1673064
569    34902.8982514
570    34588.4257014
571    34639.4528564
572    34735.0873414
573    34684.2319214
574    34885.1604414
575    34949.1224614
576    35129.8244014
577    34979.0148414
578    34771.9725064
579    34884.7292214
580    35028.5495714
581    35105.1480164
582    34862.6833314
583    35095.3366014
584    34733.2656014
585    34816.2587164
586    34818.7125935
587    35089.6362485
588    35017.7418035
589    35052.7602535
590    35029.756508
591    35066.9525605
592    35080.8161635
593    35183.1177285
594    35162.634901
595    35231.404221
596    35266.6239075
597    35353.7818925
598    35222.7836925
599    35394.0749925
600    35136.0916075
601    35155.749982
602    35263.473112
603    35353.580012
604    35233.010862
605    35415.607287
606    35328.661342
607    35179.197492
608    35369.555017
609    35242.421312
610    35379.639102
611    35347.174964
612    35391.085963
613    35591.786768
614    35381.481233
615    35463.976843
616    35571.877073
617    35483.608683
618    35625.057838
619    35512.812058
620    35421.341863
621    35713.151268
622    35704.236996
623    35770.002776
624    35328.032171
625    35541.719261
626    35687.900516
627    35651.926523
628    35587.291743
629    35384.883563
630    35615.526723
631    35798.323033
632    35795.3673395
633    35659.0522745
634    35363.6265145
635    35795.9777045
636    35790.5034295
637    35286.2183295
638    35252.9814475
639    35609.3398375
640    35625.4008015
641    35297.7841265
642    35276.461304
643    35221.588939
644    35421.856959
645    35240.005289
646    35174.326689
647    35390.970234
648    35311.567024
649    34810.536624
650    35054.957844
651    35234.413064
652    35100.056564
653    35007.254064
654    34985.139517
655    35123.675187
656    34936.396747
657    34818.161027
658    34916.677272
659    35039.465747
660    35075.904334
661    34714.403129
662    34714.8711719
663    35146.7595569
664    35179.3793869
665    35063.7236569
666    35143.7517269
667    35210.5775669
668    34592.2222669
669    34385.1318019
670    34449.9629619
671    34766.5347719
672    35733.9142219
673    32419.9081219
674    16338.0276219
675    12291.2448219
676    9928.23702188
677    8220.21942188
678    6831.66002188
679    5642.68642188
680    4583.93932188
681    3664.14877188
682    2902.50567188
683    2261.80102188
684    1713.89767188
685    1269.46659688
686    931.685286879
687    666.241751879
688    486.931526879
689    381.437131879
690    321.636456879
691    291.278786379
692    281.322918879
693    280.946829879
694    280.946829684
695    280.946829337
696    280.946829396
697    280.946829854
698    280.946829758
699    280.946829488
700    280.946829746
701    280.946830157
702    280.946829972
703    280.946830003
704    280.946829915
705    280.946829879
706    280.946830246
707    280.946830157
708    280.946830491
709    280.946830758
710    280.946830588
711    280.94683026
712    280.946829731
713    280.946829606
714    280.946829835
715    280.946829947
716    280.946829905
717    280.946829729
718    280.946829514
719    280.946829438
720    280.946829685
721    280.946829994
722    280.946830012
723    280.946830103
724    280.946830366
725    280.946830369
726    280.946830312
727    280.946830188
728    280.946830133
729    280.946830198
730    280.946830238
731    280.946829843
732    280.94682956
733    280.946829702
734    280.946829581
735    280.946829682
736    280.946829543
737    280.946828993
738    280.946828793
739    280.946828596
740    280.946828265
741    280.946828258
742    280.946828602
743    280.946828658
744    280.946828781
745    280.946828678
746    280.946828623
747    280.946828467
748    280.946828397
749    280.946828224
750    280.946828167
751    280.946828529
752    280.946828865
753    280.94682867
754    280.9468286
755    280.946828289
756    280.946828457
757    280.946828441
758    280.946828164
759    280.946828151
760    280.946828203
761    280.946828155
762    280.946828233
763    280.946828225
764    280.946828558
765    280.946828703
766    280.94682894
767    280.946828819
768    280.946828872
769    280.946828743
770    280.94682871
771    280.946828764
772    280.946828759
773    280.946828766
774    280.946828498
775    280.946828585
776    280.946828238
777    280.946828258
778    280.946828096
779    280.946828208
780    280.946828514
781    280.946828749
782    280.946828511
783    280.94682856
784    280.946828657
785    280.946828535
786    280.946828561
787    280.946828498
788    280.94682835
789    280.946828199
790    280.946828264
791    280.946828347
792    280.946828206
793    280.946828037
794    280.946828026
795    280.946828058
796    280.946828158
797    280.946828307
798    280.946828227
799    280.946828346
800    280.946828462
801    280.946828469
802    280.946828422
803    280.946828535
804    280.946828627
805    280.946828412
806    280.94682841
807    280.946828064
808    280.94682805
809    280.946828036
810    280.94682805
811    280.946828155
812    280.946828181
813    280.946828231
814    280.946827989
815    280.946827958
816    280.94682799
817    280.946827989
818    280.946828039
819    280.946828018
820    280.946828149
821    280.946828145
822    280.946828194
823    280.946828297
824    280.946828148
825    280.946828152
826    280.946828288
827    280.946828442
828    280.946828567
829    280.9468286
830    280.946828629
831    280.946828665
832    280.94682871
833    280.946828611
834    280.946828553
835    280.94682862
836    280.946828618
837    280.946828692
838    280.946828707
839    280.946828798
840    280.946828793
841    280.94682888
842    280.946828783
843    280.946828782
844    280.946828824
845    280.946828911
846    280.946828961
847    280.946828959
848    280.946828992
849    280.946828933
850    280.946828859
851    280.946828923
852    280.946828954
853    280.946828935
854    280.946828928
855    280.946828924
856    280.946828912
857    280.946828864
858    280.94682881
859    280.946828848
860    280.946828773
861    280.94682871
862    280.946828682
863    280.946828716
864    280.946828656
865    280.946828731
866    280.946828748
867    280.946828735
868    280.946828784
869    280.946828796
870    280.946828746
871    280.946828629
872    280.94682859
873    280.946828612
874    280.946828623
875    280.946828646
876    280.9468286
877    280.946828635
878    280.946828703
879    280.946828615
880    280.946828629
881    280.946828667
882    280.946828697
883    280.946828687
884    280.946828685
885    280.946828655
886    280.946828661
887    280.946828722
888    280.946828751
889    280.94682873
890    280.946828777
891    280.94682879
892    280.946828804
893    280.946828787
894    280.946828842
895    280.946828849
896    280.946828867
897    280.946828875
898    280.946828846
899    280.946828814
900    280.946828846
901    280.946828868
902    280.946828888
903    280.946828895
904    280.946828885
905    280.946828863
906    280.94682886
907    280.946828844
908    280.94682882
909    280.94682883
910    280.946828829
911    280.946828838
912    280.946828846
913    280.946828842
914    280.946828828
915    280.946828818
916    280.946828816
917    280.946828815
918    280.946828815
919    280.946828816
920    280.946828817
921    280.946828817
922    280.946828817
923    280.946828817
924    280.946828816
925    280.946828816
926    280.946828816
927    280.946828816
928    280.946828816
929    280.946828816
930    280.946828816
931    280.946828816
932    280.946828816
933    280.946828816
934    280.946828816
935    280.946828816
936    280.946828816
937    280.946828816
938    280.946828816
939    280.946828816
940    280.946828816
941    280.946828816
942    280.946828816
943    280.946828816
944    280.946828816
945    280.946828816
946    280.946828816
947    280.946828816
948    280.946828816
949    280.946828816
950    280.946828816
951    280.946828816
952    280.946828816
953    280.946828816
954    280.946828816
955    280.946828816
956    280.946828816
957    280.946828816
958    280.946828816
959    280.946828816
960    280.946828816
961    280.946828816
962    280.946828816
963    280.946828816
964    280.946828816
965    280.946828816
966    280.946828816
967    280.946828816
968    280.946828816
969    280.946828816
970    280.946828816
971    280.946828816
972    280.946828816
973    280.946828816
974    280.946828816
975    280.946828816
976    280.946828816
977    280.946828816
978    280.946828816
979    280.946828816
980    280.946828816
981    280.946828816
982    280.946828816
983    280.946828816
984    280.946828816
985    280.946828816
986    280.946828816
987    280.946828816
988    280.946828816
989    280.946828816
990    280.946828816
991    280.946828816
992    280.946828816
993    280.946828816
994    280.946828816
995    280.946828816
996    280.946828816
997    280.946828816
998    280.946828816
999    280.946828816
1000    280.946828816
1001    280.946828816
1002    280.946828816
1003    280.946828816
1004    280.946828816
1005    280.946828816
1006    280.946828816
1007    280.946828816
1008    280.946828816
1009    280.946828816
1010    280.946828816
1011    280.946828816
1012    280.946828816
1013    280.946828816
1014    280.946828816
1015    280.946828816
1016    280.946828816
1017    280.946828816
1018    280.946828816
1019    280.946828816
1020    280.946828816
1021    280.946828816
1022    280.946828816
1023    280.946828816
1024    280.946828816
