#x,Ay
1    -0
2    -2.1667715e-08
3    -1.5522615e-08
4    -6.4288065e-08
5    1.25846985e-07
6    1.43497425e-07
7    9.9313185e-08
8    2.11424885e-07
9    1.13010285e-07
10    6.991993e-08
11    3.8979335e-08
12    7.367559e-08
13    2.0006579e-07
14    2.6736244e-07
15    4.6712169e-07
16    5.2362594e-07
17    6.3044714e-07
18    6.8264849e-07
19    7.4234374e-07
20    7.5135936e-07
21    8.4240216e-07
22    7.1668636e-07
23    7.07366975e-07
24    7.84828925e-07
25    7.30691625e-07
26    8.07548925e-07
27    8.21100695e-07
28    7.9779932e-07
29    8.25373775e-07
30    7.15198025e-07
31    5.96923775e-07
32    5.95435463e-07
33    5.60692698e-07
34    6.57056498e-07
35    6.31011053e-07
36    5.78757353e-07
37    5.87341308e-07
38    5.09414258e-07
39    5.48222628e-07
40    6.29220778e-07
41    4.83087228e-07
42    5.90117728e-07
43    7.73226528e-07
44    7.91853673e-07
45    6.80916323e-07
46    6.18756073e-07
47    4.93610023e-07
48    6.55975473e-07
49    6.39261038e-07
50    6.52237248e-07
51    6.556092055e-07
52    4.814303055e-07
53    4.315893205e-07
54    5.860016205e-07
55    6.482083705e-07
56    7.559481705e-07
57    9.658523705e-07
58    1.0073390455e-06
59    1.1064686955e-06
60    1.1779773955e-06
61    1.2166734855e-06
62    1.4119038855e-06
63    1.2757931855e-06
64    1.2705259605e-06
65    1.3151287905e-06
66    1.3536737305e-06
67    1.5123532805e-06
68    1.6356156805e-06
69    1.5975242155e-06
70    1.6727537155e-06
71    1.8086551155e-06
72    1.7798539655e-06
73    1.5990299655e-06
74    1.4743606655e-06
75    1.5481341655e-06
76    1.6235845655e-06
77    1.6875532655e-06
78    1.7717591155e-06
79    1.7838051355e-06
80    1.4471735355e-06
81    1.3025515355e-06
82    1.2497629855e-06
83    1.0874905355e-06
84    1.1949279855e-06
85    1.0904642355e-06
86    9.259360855e-07
87    1.0240570855e-06
88    1.0736538955e-06
89    1.1394651455e-06
90    1.3094116955e-06
91    1.2022416455e-06
92    1.1918234655e-06
93    1.2515884655e-06
94    1.1738997655e-06
95    1.4135527655e-06
96    1.3832284255e-06
97    1.1722603255e-06
98    1.1309596905e-06
99    9.761985905e-07
100    9.73128949e-07
101    7.84997099e-07
102    7.18871899e-07
103    5.79284599e-07
104    5.29112249e-07
105    5.46599904e-07
106    4.15698304e-07
107    4.28093149e-07
108    3.70514099e-07
109    3.02912199e-07
110    2.43289649e-07
111    9.5295699e-08
112    4.24072999e-07
113    6.18797599e-07
114    5.92782679e-07
115    6.45245629e-07
116    6.97057479e-07
117    5.40366229e-07
118    4.96298264e-07
119    4.9615873408e-07
120    1.9614773408e-07
121    5.0572813408e-07
122    4.3983548408e-07
123    4.6811339908e-07
124    5.2741329908e-07
125    3.2274724908e-07
126    2.0279864908e-07
127    1.1084599908e-07
128    2.0819084908e-07
129    2.2587326408e-07
130    2.2029209408e-07
131    -8.786975592e-08
132    -1.1761272592e-07
133    -1.6408757092e-07
134    -2.3427077092e-07
135    -1.2441477092e-07
136    -1.1335708092e-07
137    -1.0591552092e-07
138    -1.3056567092e-07
139    -3.298827092e-08
140    -1.2481592092e-07
141    -4.791207092e-08
142    1.6031197908e-07
143    2.5156407908e-07
144    5.689762908e-08
145    -2.3313702092e-07
146    -5.770232092e-08
147    4.09457908e-09
148    1.4036662908e-07
149    3.5500102908e-07
150    5.5722532908e-07
151    4.2588187908e-07
152    5.4550487908e-07
153    5.8683167908e-07
154    4.8153367908e-07
155    4.0135092908e-07
156    4.1502478908e-07
157    3.9409541408e-07
158    3.4381551408e-07
159    4.7363726408e-07
160    3.0670221408e-07
161    6.238661408e-08
162    2.9584216408e-07
163    1.8540481408e-07
164    3.3334061408e-07
165    2.132286408e-08
166    -3.672128592e-08
167    -1.4980968592e-07
168    1.3194116408e-07
169    3.8853531408e-07
170    5.5352856408e-07
171    3.2771656408e-07
172    3.1114746908e-07
173    5.9369406908e-07
174    5.4306821908e-07
175    6.8128061908e-07
176    6.3750915408e-07
177    8.3626850408e-07
178    8.0901380408e-07
179    1.3090180408e-07
180    -1.9703829592e-07
181    -4.0530119592e-07
182    -4.2460273092e-07
183    -1.7461293092e-07
184    -1.4568388092e-07
185    -3.085138092e-08
186    -4.409502592e-08
187    -3.556339592e-08
188    2.550385408e-08
189    -1.6497674592e-07
190    -3.2173779592e-07
191    -3.128454592e-08
192    -1.5947699592e-07
193    1.2674385408e-07
194    -2.720334592e-08
195    1.606232408e-08
196    -2.6113562592e-07
197    -1.9385932592e-07
198    -2.5376387592e-07
199    -3.0971507592e-07
200    -3.9320002592e-07
201    -3.4157422592e-07
202    -4.0157757592e-07
203    -2.8907202592e-07
204    -6.778892592e-08
205    -2.1789327592e-07
206    -3.7035217592e-07
207    -2.4375122592e-07
208    -9.2274672592e-07
209    -8.9719980092e-07
210    -6.5936650092e-07
211    -4.4458460092e-07
212    -2.5833640092e-07
213    -1.9433320092e-07
214    -7.8630920092e-07
215    -7.7607706092e-07
216    -1.07875471092e-06
217    -9.7130561092e-07
218    -9.5742245092e-07
219    -7.9810340092e-07
220    -6.5699290092e-07
221    -7.1606025092e-07
222    -6.6086045092e-07
223    -2.9510795092e-07
224    -4.7486805092e-07
225    -5.5914220092e-07
226    -9.9650225092e-07
227    -1.02591092592e-06
228    -1.01916120092e-06
229    -8.0110615092e-07
230    -7.8193251592e-07
231    -1.18021856592e-06
232    -8.4223236592e-07
233    -8.6191760592e-07
234    -6.5839105592e-07
235    -6.0421520592e-07
236    -1.3733165592e-07
237    5.261404408e-08
238    -1.5831920592e-07
239    -1.9810827092e-07
240    2.620812908e-08
241    -2.0017797092e-07
242    -1.7434763092e-07
243    -2.1167169092e-07
244    -3.1961929092e-07
245    -5.2865724092e-07
246    -4.6699369092e-07
247    -7.6319089092e-07
248    -1.47581289092e-06
249    -1.96936249092e-06
250    -2.00707315592e-06
251    -2.14796855592e-06
252    -2.10973756592e-06
253    -2.10359828092e-06
254    -2.13519582092e-06
255    -1.82734067092e-06
256    -1.86631582092e-06
257    -2.23211482092e-06
258    -2.40503797092e-06
259    -2.26034187092e-06
260    -2.78979687092e-06
261    -2.90070512092e-06
262    -2.72410772092e-06
263    -2.66076147092e-06
264    -2.36291317092e-06
265    -2.12877157092e-06
266    -2.24583072092e-06
267    -2.78687822092e-06
268    -2.89743182092e-06
269    -2.53365597092e-06
270    -2.42286982092e-06
271    -2.39152226092e-06
272    -2.01007276092e-06
273    -2.12353326092e-06
274    -1.78403551092e-06
275    -1.91124541092e-06
276    -1.99118401092e-06
277    -1.77110001092e-06
278    -1.26970201092e-06
279    -1.08612811092e-06
280    -8.0125606092e-07
281    -9.6083091092e-07
282    -1.32432771092e-06
283    -1.40137106092e-06
284    -1.06771031092e-06
285    -1.16500866092e-06
286    -1.09516851092e-06
287    -5.6444001092e-07
288    -4.9890781092e-07
289    -2.3412796092e-07
290    -2.6556853592e-07
291    -2.2422139092e-07
292    -3.6283199092e-07
293    -4.2655614092e-07
294    -6.1403684092e-07
295    -8.1111019092e-07
296    -5.6600394092e-07
297    -2.7164389092e-07
298    -6.3302449092e-07
299    -5.3198209092e-07
300    -3.3707144092e-07
301    -3.6998869592e-07
302    -4.1411480092e-07
303    -4.9373945092e-07
304    -4.8267013592e-07
305    -6.5294223592e-07
306    -8.0312213592e-07
307    -8.5518978592e-07
308    0.41131006481
309    5.74710856481
310    12.5167560648
311    19.2862775648
312    26.0615365648
313    36.5088100648
314    52.4415010648
315    78.7572155648
316    113.420706065
317    158.248180065
318    208.216354065
319    269.797609065
320    342.663354065
321    430.281824065
322    533.224839065
323    653.080609065
324    799.804949065
325    991.863749065
326    1221.74691406
327    1461.82111406
328    1722.07646906
329    1992.52817906
330    2270.49183406
331    2575.27595406
332    2928.09642406
333    3313.63184906
334    3729.49975406
335    4164.45915406
336    4640.93155406
337    5176.02810406
338    5743.10675406
339    6343.14090406
340    6981.32065406
341    7646.36570406
342    8358.21110406
343    9122.68205406
344    9958.64560406
345    10897.9457541
346    11959.3967041
347    13198.0062041
348    14729.3874041
349    16714.7368041
350    19594.5013541
351    25096.9098541
352    41697.7778541
353    45317.0536041
354    44727.3614541
355    44762.6612736
356    45127.9679486
357    45240.6269336
358    45541.6087336
359    45714.3762536
360    45916.4971236
361    46063.2503436
362    46224.1428186
363    46216.6496781
364    45718.8222481
365    45452.6107581
366    45276.7007881
367    45350.8228031
368    45738.6546131
369    45770.7544891
370    45706.8669591
371    45511.6152891
372    45743.8632391
373    45890.2989641
374    45907.4064251
375    45785.7264101
376    45576.8425751
377    45812.8238051
378    46004.1728901
379    45980.6504451
380    45973.0216901
381    45979.2526006
382    46056.6027956
383    45997.3080106
384    45965.9855171
385    46347.4788471
386    46345.8764816
387    46125.6372216
388    46107.2377261
389    46223.6858161
390    46340.2101861
391    46074.5429711
392    46278.5179361
393    46324.7103251
394    46260.0588901
395    46215.4529891
396    46237.2943716
397    46561.7640516
398    46298.4573216
399    46207.6083916
400    46353.8405166
401    46461.4128716
402    46276.0129216
403    46586.2709766
404    46563.6785211
405    46514.7451041
406    46531.3646151
407    46417.8479901
408    46560.5833501
409    46591.2457371
410    46423.4265221
411    46374.4987011
412    46575.2568711
413    46767.5739811
414    46762.8383779
415    46674.3345279
416    46924.3095179
417    47060.3069479
418    46821.8663179
419    46761.8425929
420    46981.0754229
421    46890.7099529
422    46997.0508379
423    47066.8172779
424    46698.5975679
425    46786.3200929
426    46907.2865429
427    46812.0294979
428    47147.3453029
429    47106.5645234
430    46707.7619084
431    46632.9537884
432    47138.7219884
433    47130.5259064
434    46843.8957314
435    46479.1016714
436    46747.3461714
437    46864.8257264
438    46801.6422814
439    46797.7918421
440    46528.0155821
441    46748.3706321
442    46707.3681081
443    46425.4071481
444    46682.5498081
445    46611.2669631
446    46964.3719831
447    46759.4544281
448    46619.8954981
449    46598.5068506
450    46651.6667406
451    46585.9220056
452    46568.0504256
453    46720.9832806
454    46867.4623756
455    46761.5989706
456    46655.5663706
457    46668.6610716
458    46819.0539766
459    46810.2598891
460    46668.8706691
461    46574.1906541
462    46789.4422341
463    46844.7694991
464    46825.7079696
465    46677.5363696
466    46930.9405496
467    46912.9592826
468    46911.2799058
469    46934.6978998
470    47020.9780898
471    47052.1954363
472    46866.7370963
473    46906.7523413
474    47056.3324363
475    46982.5518163
476    47101.5802663
477    47053.6006898
478    47139.8533548
479    47230.3490498
480    47139.0037248
481    47237.0649848
482    46991.0929348
483    47122.0410098
484    47176.7973998
485    47302.0455648
486    47292.6957438
487    47475.1844838
488    47506.6426933
489    47380.0967933
490    47335.0361753
491    47446.6527203
492    47413.0040598
493    47424.2406538
494    47691.4554588
495    47667.4620533
496    47470.5322933
497    47632.8906883
498    47567.9526283
499    47647.7098783
500    47446.5244533
501    47849.8529833
502    47759.5642183
503    47461.0616633
504    47345.4592233
505    47529.9610233
506    47753.5024333
507    47435.3797933
508    47391.2946988
509    47574.2615638
510    47534.7027058
511    47596.8303558
512    47694.2499058
513    47653.6940633
514    47737.8137433
515    47507.6731233
516    47445.3849933
517    47680.8990333
518    47530.1539233
519    47335.9474483
520    47437.4145933
521    47537.1020083
522    47318.5592733
523    47484.7799083
524    47574.1951383
525    47534.4452938
526    47401.1348588
527    47319.1785238
528    47375.4968538
529    47584.6038788
530    47538.6673158
531    47605.9039458
532    47383.4974308
533    47514.8754408
534    47613.2610458
535    47478.1664058
536    47278.8690358
537    47278.7522157
538    47732.2641607
539    47827.6576157
540    47711.3241507
541    47395.2287057
542    47558.7637807
543    47424.4069407
544    47595.1430157
545    47697.9818107
546    47655.0638307
547    47761.6864357
548    47711.2982857
549    47727.2953902
550    47665.8576502
551    47717.0955802
552    47759.0581302
553    47628.2403052
554    47657.7156357
555    47700.7808722
556    47816.9955822
557    47786.2316937
558    47712.1045787
559    47561.8996187
560    47484.3793337
561    47546.7254637
562    47261.2577737
563    47428.7263487
564    47361.2842037
565    47437.7286037
566    47257.7286337
567    47185.6616187
568    47222.7329762
569    47161.0008762
570    47103.8624262
571    46972.8200412
572    47194.2123012
573    47161.6834437
574    47202.8498487
575    47326.5838537
576    47259.7661787
577    47283.6618637
578    47712.7758237
579    47656.6925037
580    47287.7714787
581    47268.1183907
582    47035.9202457
583    47181.9853557
584    47133.0516877
585    47143.8887437
586    47175.9329292
587    47072.4641092
588    46743.8211392
589    47052.6915692
590    46941.2681142
591    47101.9468942
592    46967.8084842
593    46855.0357142
594    46932.4383992
595    46898.2928327
596    46825.2236077
597    46938.4478827
598    46704.8314977
599    46832.0390877
600    46989.2794677
601    46829.6770777
602    46983.9643127
603    46821.9842027
604    46901.1596827
605    46880.2030607
606    46888.0019757
607    46975.1245207
608    46935.3010712
609    46951.6447077
610    46754.3900927
611    46779.7090787
612    46775.2726569
613    46748.1601449
614    46829.2431699
615    46822.6142669
616    46697.8807969
617    46841.3842069
618    46951.8873019
619    46712.1240919
620    46633.9143019
621    46803.0258419
622    46937.0167119
623    46844.0418519
624    46536.4832069
625    46545.8232504
626    46968.4271504
627    46819.6509604
628    46546.7906754
629    46701.1293054
630    46823.7686654
631    46964.5878754
632    46839.3057854
633    46858.1254899
634    46991.1713199
635    46954.1941984
636    46913.1028449
637    46677.0301499
638    46764.6276549
639    46798.6732129
640    46767.2667694
641    46660.7825644
642    46720.0689444
643    46791.3050444
644    46833.4958564
645    46682.0860614
646    46543.0947814
647    46607.6539764
648    46571.1273204
649    46866.4483654
650    46784.4949054
651    46670.2271254
652    46473.6344254
653    46655.3919654
654    46629.4969384
655    46717.7023634
656    46804.0159184
657    46696.8839934
658    46338.2459334
659    46338.9625873
660    46413.6190323
661    46255.2481873
662    46607.2844373
663    46954.6625923
664    47191.3235723
665    47158.7073368
666    46856.5485918
667    46376.1336268
668    46519.5324068
669    46457.4592868
670    46601.2732668
671    46269.1444768
672    46865.3838768
673    43118.5462268
674    26142.1862268
675    20397.9897268
676    17266.2906768
677    15097.9064268
678    13480.6725768
679    12205.0568768
680    11129.4094268
681    10202.4953768
682    9389.06662684
683    8639.25867684
684    7945.01977684
685    7297.35032684
686    6684.89847684
687    6110.47092684
688    5561.05767684
689    5044.40077684
690    4562.71642184
691    4115.58235684
692    3701.29792684
693    3319.58664684
694    2967.19752684
695    2645.57211184
696    2353.21011684
697    2086.69564184
698    1832.15936684
699    1594.46519184
700    1394.99933184
701    1230.62131184
702    1091.83547684
703    980.204996845
704    890.310086845
705    825.357736845
706    772.785876845
707    735.239580345
708    705.866270845
709    685.053258345
710    666.693418345
711    654.431993845
712    647.809394345
713    646.587004495
714    646.587004676
715    646.587004603
716    646.587004719
717    646.587004444
718    646.587004414
719    646.587004429
720    646.587004379
721    646.587003961
722    646.587003983
723    646.587003725
724    646.587003677
725    646.587003461
726    646.587003695
727    646.587003612
728    646.587003821
729    646.587003879
730    646.58700383
731    646.58700387
732    646.587003892
733    646.587004113
734    646.587004295
735    646.587004205
736    646.587004017
737    646.587004472
738    646.587004286
739    646.587004895
740    646.587004477
741    646.587004144
742    646.587004283
743    646.587004331
744    646.587004228
745    646.587004
746    646.587003592
747    646.587003611
748    646.587003605
749    646.587003622
750    646.587003626
751    646.587003686
752    646.587004008
753    646.58700407
754    646.587004383
755    646.587004189
756    646.587004089
757    646.587003779
758    646.587004012
759    646.587004126
760    646.587004169
761    646.587004175
762    646.587004481
763    646.587004287
764    646.58700424
765    646.58700409
766    646.587004086
767    646.587004188
768    646.587004135
769    646.58700406
770    646.587003896
771    646.587003626
772    646.587003682
773    646.587003515
774    646.587004032
775    646.587004023
776    646.587004355
777    646.587004888
778    646.587004866
779    646.587004779
780    646.587004931
781    646.587004615
782    646.587004632
783    646.587004319
784    646.58700435
785    646.587004268
786    646.587004309
787    646.58700453
788    646.587004549
789    646.587004581
790    646.587004576
791    646.587004669
792    646.587004476
793    646.587004514
794    646.587004781
795    646.587005166
796    646.587005081
797    646.587005224
798    646.587005229
799    646.587005118
800    646.58700524
801    646.587005571
802    646.587005629
803    646.587005756
804    646.587006055
805    646.587005895
806    646.587006095
807    646.587005839
808    646.587005767
809    646.587005415
810    646.58700507
811    646.587004991
812    646.587005172
813    646.587004835
814    646.587005001
815    646.587004852
816    646.58700483
817    646.587005
818    646.587005267
819    646.587004944
820    646.587005106
821    646.587005087
822    646.587005144
823    646.587005288
824    646.587005375
825    646.587005521
826    646.587005393
827    646.587005442
828    646.587005519
829    646.587005787
830    646.587005739
831    646.587005429
832    646.587005399
833    646.587005219
834    646.587004879
835    646.587004921
836    646.587005007
837    646.587005025
838    646.587004849
839    646.587005217
840    646.587005038
841    646.587005098
842    646.587005031
843    646.587005073
844    646.587005147
845    646.587005137
846    646.587004891
847    646.587005073
848    646.587005226
849    646.587004981
850    646.587005123
851    646.58700522
852    646.587005354
853    646.587005165
854    646.58700556
855    646.587005583
856    646.587005443
857    646.587005329
858    646.587005481
859    646.58700519
860    646.58700547
861    646.58700548
862    646.587005395
863    646.587005549
864    646.587005636
865    646.587005537
866    646.587005466
867    646.587005591
868    646.587005587
869    646.587005631
870    646.587005661
871    646.587005612
872    646.587005763
873    646.587005434
874    646.587005601
875    646.587005823
876    646.587005839
877    646.587005666
878    646.587005586
879    646.587005589
880    646.58700567
881    646.587005966
882    646.587006179
883    646.58700589
884    646.587006098
885    646.587005928
886    646.58700593
887    646.587005924
888    646.58700583
889    646.587005757
890    646.587005564
891    646.587005666
892    646.587005555
893    646.587005684
894    646.587005561
895    646.587005432
896    646.587005128
897    646.587005088
898    646.587005174
899    646.587005169
900    646.587005374
901    646.587005517
902    646.587005465
903    646.587005594
904    646.587005583
905    646.587005717
906    646.587006
907    646.587006095
908    646.587006035
909    646.5870061
910    646.587006203
911    646.587006257
912    646.587006269
913    646.587006371
914    646.587006324
915    646.587006335
916    646.587006287
917    646.587006241
918    646.58700624
919    646.587006498
920    646.587006481
921    646.587006773
922    646.587006505
923    646.587006497
924    646.58700654
925    646.587006652
926    646.587006661
927    646.587006696
928    646.587006235
929    646.587006209
930    646.587006262
931    646.587006309
932    646.587006232
933    646.587006252
934    646.58700643
935    646.587006375
936    646.587006365
937    646.587006228
938    646.587006411
939    646.587006666
940    646.587006598
941    646.587006708
942    646.587006658
943    646.587006564
944    646.587006251
945    646.587006343
946    646.587006488
947    646.587006204
948    646.587006221
949    646.587006233
950    646.5870063
951    646.587006174
952    646.58700614
953    646.587006151
954    646.587006168
955    646.587006008
956    646.587006191
957    646.587006118
958    646.587006191
959    646.587006364
960    646.587006511
961    646.587006417
962    646.587006521
963    646.587006571
964    646.587006809
965    646.587006781
966    646.587006775
967    646.58700678
968    646.587006956
969    646.587007084
970    646.587007081
971    646.587007161
972    646.58700713
973    646.587007358
974    646.587007283
975    646.587007267
976    646.587007309
977    646.587007126
978    646.587007208
979    646.587007325
980    646.587007299
981    646.587007174
982    646.587007188
983    646.587007017
984    646.587007055
985    646.587006944
986    646.587007127
987    646.587007173
988    646.587007253
989    646.587007328
990    646.587007263
991    646.587007252
992    646.587007316
993    646.587007181
994    646.587007071
995    646.587006874
996    646.587006967
997    646.587006962
998    646.587006984
999    646.587006932
1000    646.587006787
1001    646.587006866
1002    646.587006867
1003    646.587006882
1004    646.587006949
1005    646.587006934
1006    646.587006867
1007    646.587006914
1008    646.587006936
1009    646.58700695
1010    646.587006951
1011    646.587006863
1012    646.587006873
1013    646.587006825
1014    646.587006921
1015    646.587006822
1016    646.587006853
1017    646.58700691
1018    646.587007057
1019    646.587007015
1020    646.587007043
1021    646.587006999
1022    646.587006779
1023    646.587006737
1024    646.587006681
