#x,Ay
1    -0
2    -1.633247e-07
3    -4.444295e-07
4    -3.814902e-07
5    -5.4877115e-07
6    -4.118e-07
7    -3.7910366e-07
8    -3.2471056e-07
9    -6.1011751e-07
10    -7.0817166e-07
11    -7.38496e-07
12    -8.523983e-07
13    -1.03820465e-06
14    -1.10801575e-06
15    -9.412551e-07
16    -1.0501111e-06
17    -8.698394e-07
18    -9.715562e-07
19    -7.0191895e-07
20    -4.9019795e-07
21    -9.14933e-08
22    -6.237676e-08
23    -1.4337926e-07
24    1.2200524e-07
25    6.6472724e-07
26    8.3727834e-07
27    5.4742974e-07
28    3.5500739e-07
29    3.46844935e-07
30    2.86347385e-07
31    5.05547735e-07
32    8.66044635e-07
33    8.9953164e-07
34    6.0111359e-07
35    5.5489455e-07
36    4.6457265e-07
37    5.10594025e-07
38    7.30422225e-07
39    6.55634575e-07
40    7.77815625e-07
41    1.055339175e-06
42    1.056827488e-06
43    8.93531838e-07
44    6.26565988e-07
45    4.97780538e-07
46    7.52956138e-07
47    6.86214688e-07
48    6.78842898e-07
49    5.53551498e-07
50    6.53352648e-07
51    9.67479348e-07
52    9.40643238e-07
53    1.081195638e-06
54    9.41666438e-07
55    6.59538438e-07
56    5.65681788e-07
57    7.58139038e-07
58    9.15993038e-07
59    1.093102088e-06
60    1.128961093e-06
61    9.49945143e-07
62    8.71820443e-07
63    8.17031993e-07
64    9.20167293e-07
65    1.181784493e-06
66    1.159971433e-06
67    1.207667158e-06
68    1.459023158e-06
69    1.449738653e-06
70    1.252653703e-06
71    1.429617403e-06
72    1.346716703e-06
73    1.127818653e-06
74    1.011451303e-06
75    7.17544703e-07
76    9.22699103e-07
77    5.94491603e-07
78    8.11331603e-07
79    6.24967103e-07
80    5.94084648e-07
81    6.98153048e-07
82    5.04649348e-07
83    2.86701848e-07
84    2.14483898e-07
85    2.93585298e-07
86    5.02053548e-07
87    3.50896948e-07
88    3.8953298e-08
89    -9.5366802e-08
90    -2.6009152e-08
91    -3.7840067e-08
92    1.44524583e-07
93    1.20397663e-07
94    2.18672713e-07
95    2.85373463e-07
96    1.76866263e-07
97    -3.2950737e-08
98    -4.70557837e-07
99    -4.52512062e-07
100    -5.26148612e-07
101    -6.92258112e-07
102    -4.44268262e-07
103    -3.06413412e-07
104    -2.0471612e-08
105    1.61195388e-07
106    2.31983188e-07
107    5.59722688e-07
108    7.12669938e-07
109    7.21367258e-07
110    4.83330458e-07
111    7.23343158e-07
112    5.13398258e-07
113    6.67578008e-07
114    1.058072208e-06
115    7.69432858e-07
116    8.91154608e-07
117    8.66202138e-07
118    1.035044088e-06
119    1.074995943e-06
120    7.32963393e-07
121    1.119412693e-06
122    9.90487743e-07
123    8.86503643e-07
124    8.50598138e-07
125    6.37583588e-07
126    7.22440588e-07
127    5.97341038e-07
128    6.14944973e-07
129    3.65722623e-07
130    3.650017245e-07
131    4.082732145e-07
132    3.289508645e-07
133    5.250475145e-07
134    5.875565645e-07
135    3.650220645e-07
136    4.890170145e-07
137    5.829666645e-07
138    7.764471145e-07
139    7.909988495e-07
140    8.427815995e-07
141    1.1459784995e-06
142    1.1056080595e-06
143    9.230573595e-07
144    8.263636095e-07
145    6.608820095e-07
146    6.023495095e-07
147    7.863536095e-07
148    8.113177045e-07
149    8.392002895e-07
150    9.360916895e-07
151    9.710030545e-07
152    8.899133545e-07
153    7.508478045e-07
154    8.080722045e-07
155    7.821197795e-07
156    9.388517295e-07
157    1.0690498795e-06
158    1.0103545795e-06
159    8.114004795e-07
160    7.202922795e-07
161    9.238188295e-07
162    1.0665106795e-06
163    1.0972884895e-06
164    1.0925386835e-06
165    1.1193282885e-06
166    1.0399666885e-06
167    1.1009758385e-06
168    1.1276811435e-06
169    1.0016978935e-06
170    1.4143321935e-06
171    1.2215493935e-06
172    1.3774732435e-06
173    1.2568269935e-06
174    1.5621400935e-06
175    1.4910891935e-06
176    1.5115592885e-06
177    1.5270702835e-06
178    1.6590299835e-06
179    1.8630216335e-06
180    1.8623704995e-06
181    1.6047530995e-06
182    1.2138853495e-06
183    1.1187671495e-06
184    1.2142050995e-06
185    1.6158078995e-06
186    1.4781972495e-06
187    1.2519041995e-06
188    1.0691674995e-06
189    9.964378995e-07
190    8.559784995e-07
191    8.495369045e-07
192    1.0360874045e-06
193    8.283284545e-07
194    9.691599045e-07
195    8.623735545e-07
196    5.120739045e-07
197    8.063991045e-07
198    7.151586545e-07
199    8.705127545e-07
200    8.676291505e-07
201    6.494985505e-07
202    6.593106505e-07
203    7.829335005e-07
204    9.109282505e-07
205    3.847637505e-07
206    2.305956505e-07
207    1.400644505e-07
208    1.182048755e-07
209    -3.07774245e-08
210    -5.465704245e-07
211    -4.573763745e-07
212    -5.185366745e-07
213    -1.189716245e-07
214    -1.290293595e-07
215    -3.146031595e-07
216    -3.10231245e-07
217    -6.57831145e-07
218    -3.89609545e-07
219    2.4446205e-08
220    1.99346055e-07
221    5.09868255e-07
222    6.18980055e-07
223    5.07333455e-07
224    2.89028405e-07
225    4.90485305e-07
226    3.66350855e-07
227    4.21668355e-07
228    2.24211305e-07
229    1.09518305e-07
230    2.88487705e-07
231    4.11924505e-07
232    4.69224505e-07
233    5.16059795e-07
234    2.34466645e-07
235    4.80363595e-07
236    7.95176295e-07
237    7.00668545e-07
238    1.268040545e-06
239    1.648490095e-06
240    1.740207295e-06
241    1.608701045e-06
242    1.523355695e-06
243    1.201554895e-06
244    9.13496895e-07
245    1.212624195e-06
246    1.282644595e-06
247    1.213705545e-06
248    1.405116295e-06
249    1.922769795e-06
250    1.787519495e-06
251    2.124017395e-06
252    1.995278445e-06
253    2.092832595e-06
254    2.344031645e-06
255    2.153725495e-06
256    2.17496881e-06
257    2.125603095e-06
258    1.900495995e-06
259    1.807057945e-06
260    1.981794995e-06
261    2.271131995e-06
262    2.107650295e-06
263    1.718561545e-06
264    1.68121423e-06
265    1.59842693e-06
266    1.41545768e-06
267    1.409597455e-06
268    1.419317985e-06
269    9.49011635e-07
270    7.19612585e-07
271    5.90734135e-07
272    7.27597185e-07
273    4.01215135e-07
274    7.01362735e-07
275    8.46821885e-07
276    9.58814385e-07
277    5.62435235e-07
278    7.09993135e-07
279    7.97733735e-07
280    1.080919835e-06
281    9.46622985e-07
282    6.79471135e-07
283    2.65348535e-07
284    5.02292335e-07
285    3.19462585e-07
286    2.23280485e-07
287    8.8565085e-08
288    0.182360248565
289    4.95536694857
290    11.7269444486
291    18.4953884486
292    25.2656589486
293    32.0357964486
294    38.8050809486
295    45.5744914486
296    54.2569959486
297    70.9307429486
298    99.0517594486
299    132.895228449
300    168.822524449
301    209.282192949
302    252.223356449
303    299.914103449
304    356.414413449
305    417.342943449
306    478.270958449
307    541.659618449
308    613.470703449
309    699.637138449
310    788.232238449
311    889.614548449
312    1002.69768345
313    1135.42197845
314    1275.94226345
315    1437.77931845
316    1621.46028345
317    1826.54122845
318    2048.82676345
319    2278.39171345
320    2515.73850845
321    2759.06153345
322    3008.88152845
323    3265.88211845
324    3523.17641345
325    3787.70659845
326    4084.58760845
327    4415.18373345
328    4749.72373345
329    5103.64389845
330    5470.84071345
331    5848.48662845
332    6244.11418845
333    6676.69778845
334    7126.55438345
335    7584.57229845
336    8060.06256345
337    8584.49836345
338    9178.07611345
339    9812.76911345
340    10486.2323634
341    11204.3402134
342    11999.4446134
343    12898.9553634
344    13902.2691134
345    15045.2651134
346    16349.5440134
347    17860.3901634
348    19691.6270634
349    22129.0295134
350    25794.4376634
351    33110.9781634
352    46923.9916634
353    49906.0985634
354    49646.1639234
355    49682.9203574
356    49954.2820574
357    50128.4563674
358    49872.7264374
359    50017.0280174
360    50252.7246774
361    50479.1038374
362    50446.1566884
363    50720.3540684
364    50829.2713784
365    50929.6277084
366    51120.4861134
367    50963.6635634
368    50778.6334384
369    50275.5935884
370    50220.3828234
371    50384.0048134
372    50405.4399419
373    50758.3511369
374    50901.4890919
375    51074.4682319
376    50660.4591319
377    50481.5152769
378    50596.3304269
379    50636.7745154
380    50830.8253204
381    50726.1841204
382    50638.7364454
383    50859.4621454
384    50986.9998204
385    50841.7998154
386    51052.4567454
387    50753.8241004
388    50674.4680854
389    50888.2193204
390    50913.2777424
391    50705.7542524
392    50827.8679024
393    50879.5046724
394    50718.0899324
395    50612.2238674
396    50821.4168274
397    50615.8626124
398    50590.7235914
399    50875.1611764
400    50638.6543664
401    50612.9993364
402    50710.2616714
403    50675.8791409
404    50666.1730844
405    50490.2971744
406    50594.0438344
407    50663.1302194
408    50907.6047094
409    50648.9797444
410    50786.3248394
411    50770.2458659
412    50905.4399559
413    50907.3391764
414    50936.6379694
415    50952.5244819
416    50985.4678624
417    50895.2436124
418    50992.5856374
419    50825.7249724
420    50956.3272124
421    51162.8137824
422    51112.9164894
423    51145.5946079
424    50808.7963579
425    50925.6707429
426    51069.9727729
427    51331.0554379
428    51091.6922829
429    50939.6543729
430    50805.0742329
431    50948.8402479
432    51087.8864729
433    51099.4993459
434    51196.2981659
435    50969.3059959
436    50856.5457659
437    50974.4843009
438    50979.8512869
439    50922.1632069
440    50765.1325719
441    50951.1855919
442    51004.8272319
443    51042.3274459
444    50937.9082409
445    50563.8091759
446    50761.6640609
447    50830.6889009
448    50929.9050809
449    50792.2453209
450    50970.8133509
451    50933.8376939
452    50813.1970089
453    50752.5761539
454    50521.6751539
455    50602.9696939
456    50698.8958339
457    50505.4379639
458    50724.3812889
459    50705.9881534
460    50663.9927434
461    50725.9547134
462    50653.2312834
463    50904.3730784
464    50919.0910854
465    50787.9214054
466    50910.9183254
467    50651.7747904
468    50942.5062904
469    50957.1621959
470    50526.1071009
471    50744.6973109
472    50908.5338009
473    50867.6801994
474    50894.6907159
475    50704.3740309
476    50785.3058959
477    50817.8374209
478    50614.4479209
479    50951.5384809
480    50888.2181909
481    51062.9219309
482    50934.3340709
483    51055.6028259
484    51183.4647909
485    50890.8638759
486    50881.5640769
487    51034.8995269
488    50858.6092819
489    50851.3458034
490    50899.5823679
491    51108.4212079
492    51238.1665829
493    51165.6632979
494    51359.7521129
495    51297.7454229
496    51141.6906779
497    51211.8895029
498    51375.0014279
499    51494.6091829
500    51485.2168604
501    51333.7949004
502    51311.1651199
503    51530.6913249
504    51534.6842091
505    51379.8603441
506    51546.9470091
507    51668.5851641
508    51608.2006091
509    51376.9070241
510    51269.5585641
511    51427.0844991
512    51488.9086741
513    51420.5997941
514    51542.1290641
515    51505.0702096
516    51534.4399121
517    51542.9501176
518    51548.1322826
519    51635.7163026
520    51564.3279626
521    51642.9846626
522    51455.0124026
523    51474.0662061
524    51495.6287301
525    51262.3275351
526    51321.7618001
527    51356.7703146
528    51624.7733746
529    51600.0764631
530    51547.6107731
531    51449.6576981
532    51537.2323181
533    51337.5696631
534    51566.5986081
535    51716.9889831
536    51454.7705381
537    51388.5595831
538    51455.2517781
539    51423.9682121
540    51414.9145571
541    51518.0912921
542    51552.3159681
543    51487.2429781
544    51645.1077231
545    51788.7132881
546    51518.5201581
547    51370.3199881
548    51470.7471581
549    51261.6238081
550    51291.1658216
551    51360.5796966
552    51603.5339966
553    51498.7791766
554    51512.4760661
555    51527.8275321
556    51413.1864021
557    51453.4203556
558    51759.1406356
559    51671.2183656
560    51654.4124481
561    51756.9437431
562    51690.9798731
563    51540.8393331
564    51320.0027581
565    51204.6617731
566    51500.6476031
567    51208.3349031
568    51269.8158131
569    51341.1572581
570    51356.8565721
571    51343.1950821
572    51173.9664671
573    51364.0881871
574    51283.9117371
575    51703.3719171
576    51479.9511321
577    51416.7924771
578    51391.9177151
579    51446.0628201
580    51639.5331201
581    51436.2190251
582    51399.9850231
583    51694.1856281
584    51806.0692731
585    51659.8547481
586    51673.5377331
587    51856.8062681
588    51791.6703231
589    51839.3561241
590    51739.7376041
591    51565.0153291
592    51908.8296391
593    51695.4121691
594    51705.3617191
595    52037.9429091
596    52011.2218466
597    51943.7976066
598    51816.2510666
599    51737.8580166
600    51730.3950436
601    51696.6711756
602    51980.3079956
603    51846.5933706
604    51747.7686756
605    51525.7221006
606    51551.7686491
607    51554.7875268
608    51625.8070718
609    51715.7723318
610    51699.4684008
611    51753.7921858
612    51741.9503283
613    51772.8952398
614    51733.3156148
615    51540.6189898
616    51655.4457848
617    51877.7361348
618    51691.9253948
619    51743.4976698
620    51671.0887098
621    51871.2050998
622    51667.1203648
623    51719.4764598
624    51680.4746603
625    51553.0670153
626    51596.1408228
627    51697.8660578
628    51838.3229578
629    51639.5296578
630    51625.1938833
631    51712.3363133
632    51782.6081033
633    51612.6192383
634    51638.4934858
635    51716.8132058
636    51536.7330958
637    51656.3858658
638    51807.8297508
639    51774.0847548
640    51571.2006598
641    51432.6401698
642    51754.8908198
643    51646.0237398
644    51676.5784818
645    51671.9998565
646    51616.5688965
647    51575.5097965
648    51356.4523565
649    51206.0611115
650    51367.1843765
651    51469.8749065
652    51451.1652335
653    51033.3620535
654    50900.4052285
655    50873.114909
656    50963.980879
657    51230.478679
658    51381.543244
659    51692.612734
660    51664.259464
661    51352.333869
662    51230.333354
663    51097.554334
664    51074.852968
665    51104.0737195
666    50852.8182395
667    50788.0226395
668    50914.1059345
669    50853.1682995
670    51074.2920045
671    51302.9808595
672    50909.3430145
673    47930.1105145
674    34047.7125145
675    26583.2085145
676    22900.2842145
677    20400.5388145
678    18531.6641145
679    17045.5142145
680    15778.0378145
681    14684.6349645
682    13712.6342645
683    12873.4849645
684    12151.3464645
685    11512.9685645
686    10919.2172645
687    10338.8112645
688    9803.81931455
689    9303.68671455
690    8816.98696955
691    8349.45449955
692    7907.99892455
693    7497.10737455
694    7111.40700455
695    6733.08151955
696    6369.85434455
697    6021.50666455
698    5681.02922455
699    5353.52885455
700    5040.04280455
701    4742.79274455
702    4468.38226955
703    4197.59103955
704    3928.01314955
705    3668.31669455
706    3419.23768455
707    3192.99737955
708    2982.85113455
709    2796.46236955
710    2629.24371455
711    2479.00502455
712    2341.31832455
713    2219.75349955
714    2104.66746955
715    1991.25394955
716    1892.78279955
717    1812.34172455
718    1752.25001955
719    1704.68076005
720    1669.34053105
721    1635.51443455
722    1607.47243505
723    1586.95073405
724    1566.64155155
725    1546.50916105
726    1530.96256005
727    1517.42225655
728    1506.37532255
729    1499.53809355
730    1495.0065521
731    1494.88910325
732    1494.8891037
733    1494.88910369
734    1494.88910387
735    1494.8891039
736    1494.88910372
737    1494.88910387
738    1494.88910369
739    1494.88910406
740    1494.88910419
741    1494.889104
742    1494.88910414
743    1494.88910434
744    1494.88910458
745    1494.88910457
746    1494.88910426
747    1494.88910428
748    1494.88910419
749    1494.88910446
750    1494.88910435
751    1494.88910451
752    1494.88910447
753    1494.88910457
754    1494.88910469
755    1494.8891043
756    1494.88910405
757    1494.88910419
758    1494.88910412
759    1494.889104
760    1494.88910445
761    1494.88910445
762    1494.88910426
763    1494.8891042
764    1494.88910425
765    1494.88910446
766    1494.8891048
767    1494.88910467
768    1494.88910482
769    1494.88910475
770    1494.88910483
771    1494.88910456
772    1494.88910446
773    1494.88910476
774    1494.88910479
775    1494.88910512
776    1494.88910503
777    1494.88910479
778    1494.88910513
779    1494.88910526
780    1494.88910523
781    1494.88910534
782    1494.88910541
783    1494.88910556
784    1494.88910556
785    1494.88910542
786    1494.88910537
787    1494.88910509
788    1494.88910503
789    1494.88910523
790    1494.88910565
791    1494.88910526
792    1494.88910536
793    1494.88910554
794    1494.88910519
795    1494.88910477
796    1494.8891048
797    1494.88910505
798    1494.88910483
799    1494.88910478
800    1494.88910454
801    1494.88910505
802    1494.88910513
803    1494.88910509
804    1494.88910497
805    1494.88910484
806    1494.88910476
807    1494.88910467
808    1494.88910466
809    1494.88910447
810    1494.88910448
811    1494.88910431
812    1494.88910455
813    1494.88910447
814    1494.88910446
815    1494.88910459
816    1494.88910458
817    1494.8891043
818    1494.88910441
819    1494.88910439
820    1494.88910418
821    1494.88910412
822    1494.88910396
823    1494.88910413
824    1494.88910421
825    1494.88910399
826    1494.88910396
827    1494.88910395
828    1494.8891036
829    1494.88910378
830    1494.88910374
831    1494.88910365
832    1494.88910375
833    1494.88910386
834    1494.88910393
835    1494.88910418
836    1494.88910428
837    1494.88910438
838    1494.88910439
839    1494.88910408
840    1494.88910401
841    1494.8891041
842    1494.88910429
843    1494.88910436
844    1494.88910447
845    1494.88910434
846    1494.8891048
847    1494.88910479
848    1494.88910489
849    1494.88910473
850    1494.88910481
851    1494.88910482
852    1494.8891049
853    1494.88910508
854    1494.88910508
855    1494.88910529
856    1494.88910527
857    1494.88910509
858    1494.88910481
859    1494.88910456
860    1494.88910476
861    1494.88910465
862    1494.88910465
863    1494.88910507
864    1494.88910503
865    1494.88910533
866    1494.88910555
867    1494.88910561
868    1494.88910561
869    1494.88910533
870    1494.88910532
871    1494.88910543
872    1494.8891057
873    1494.8891057
874    1494.88910555
875    1494.88910564
876    1494.88910565
877    1494.88910558
878    1494.88910552
879    1494.88910572
880    1494.88910576
881    1494.88910555
882    1494.88910575
883    1494.88910604
884    1494.88910618
885    1494.88910601
886    1494.88910598
887    1494.88910606
888    1494.88910591
889    1494.8891058
890    1494.88910572
891    1494.88910576
892    1494.88910512
893    1494.88910504
894    1494.88910501
895    1494.88910525
896    1494.88910509
897    1494.88910508
898    1494.88910548
899    1494.88910601
900    1494.88910654
901    1494.88910656
902    1494.88910692
903    1494.88910707
904    1494.889107
905    1494.88910714
906    1494.88910704
907    1494.88910689
908    1494.88910683
909    1494.88910659
910    1494.88910664
911    1494.8891067
912    1494.88910664
913    1494.88910669
914    1494.88910683
915    1494.88910686
916    1494.88910661
917    1494.88910667
918    1494.88910669
919    1494.88910642
920    1494.88910629
921    1494.88910615
922    1494.88910592
923    1494.88910582
924    1494.88910609
925    1494.88910596
926    1494.88910605
927    1494.88910604
928    1494.88910586
929    1494.8891059
930    1494.88910561
931    1494.88910596
932    1494.88910601
933    1494.88910591
934    1494.88910609
935    1494.88910633
936    1494.88910643
937    1494.88910642
938    1494.8891063
939    1494.88910642
940    1494.88910647
941    1494.88910646
942    1494.88910673
943    1494.88910693
944    1494.88910688
945    1494.88910679
946    1494.88910679
947    1494.88910674
948    1494.88910642
949    1494.8891065
950    1494.88910657
951    1494.88910656
952    1494.8891067
953    1494.8891065
954    1494.88910664
955    1494.88910672
956    1494.88910664
957    1494.88910658
958    1494.88910678
959    1494.88910668
960    1494.88910691
961    1494.88910649
962    1494.88910648
963    1494.88910665
964    1494.88910648
965    1494.88910654
966    1494.88910675
967    1494.88910671
968    1494.88910683
969    1494.88910699
970    1494.88910706
971    1494.88910703
972    1494.88910717
973    1494.88910721
974    1494.88910711
975    1494.88910716
976    1494.889107
977    1494.88910704
978    1494.88910704
979    1494.88910711
980    1494.88910707
981    1494.88910681
982    1494.88910669
983    1494.88910684
984    1494.8891069
985    1494.8891071
986    1494.88910716
987    1494.88910724
988    1494.88910729
989    1494.88910715
990    1494.88910696
991    1494.88910698
992    1494.88910701
993    1494.88910713
994    1494.88910712
995    1494.88910692
996    1494.88910691
997    1494.88910686
998    1494.88910695
999    1494.88910667
1000    1494.88910663
1001    1494.88910675
1002    1494.88910676
1003    1494.8891067
1004    1494.88910677
1005    1494.88910706
1006    1494.88910726
1007    1494.88910733
1008    1494.88910718
1009    1494.88910715
1010    1494.88910722
1011    1494.88910752
1012    1494.88910763
1013    1494.88910776
1014    1494.88910792
1015    1494.88910775
1016    1494.88910761
1017    1494.88910744
1018    1494.88910726
1019    1494.88910731
1020    1494.88910722
1021    1494.8891074
1022    1494.88910727
1023    1494.88910733
1024    1494.88910751
