#x,Ay
1    -0
2    5.550891e-26
3    5.17652635e-25
4    2.717353385e-24
5    1.902147385e-24
6    -4.33743965e-25
7    6.0672375e-26
8    -1.848574975e-24
9    -3.0981875e-26
10    -2.028010675e-24
11    2.64635125e-25
12    8.11978575e-25
13    5.7703397e-25
14    3.21434945e-25
15    -5.39598205e-25
16    -2.052538005e-24
17    -1.365777005e-24
18    -9.6430579e-25
19    -8.4554258e-25
20    2.9303502e-25
21    -2.1299943e-25
22    -4.86671145e-25
23    1.39417405e-25
24    -1.393289395e-24
25    -3.466481545e-24
26    -3.324482065e-24
27    -3.06630123e-24
28    -4.37785988e-24
29    -2.50798513e-24
30    -3.80889393e-24
31    -3.70562162e-24
32    -2.23399082e-24
33    -1.41620292e-24
34    -3.751717e-26
35    1.60322203e-24
36    3.80227733e-24
37    4.180512285e-24
38    5.559198035e-24
39    5.5349935845e-24
40    5.9054831145e-24
41    7.6766037145e-24
42    9.1940616645e-24
43    9.6174782495e-24
44    8.6002457495e-24
45    9.0088169895e-24
46    8.8177631645e-24
47    8.2287881145e-24
48    8.3572330845e-24
49    9.1885753845e-24
50    1.02755167845e-23
51    9.6423282345e-24
52    9.0446395345e-24
53    9.8437092345e-24
54    1.00997923595e-23
55    1.01049559765e-23
56    9.5756852765e-24
57    9.4917764965e-24
58    9.2039048365e-24
59    9.5498671715e-24
60    9.0335054715e-24
61    9.5953715215e-24
62    9.567213673e-24
63    9.010833923e-24
64    8.806871053e-24
65    9.566971603e-24
66    9.628935013e-24
67    9.319117988e-24
68    9.198418448e-24
69    9.754798198e-24
70    9.110314248e-24
71    8.972832943e-24
72    8.797915413e-24
73    9.095630188e-24
74    9.318956628e-24
75    9.2849090305e-24
76    9.2242365255e-24
77    9.3287997655e-24
78    9.0564189655e-24
79    8.8369652505e-24
80    9.1777639605e-24
81    9.0378622105e-24
82    9.1746980605e-24
83    9.1901889075e-24
84    8.7657234575e-24
85    8.2441981575e-24
86    8.1951437955e-24
87    8.5643423955e-24
88    8.2648526205e-24
89    8.3991066655e-24
90    8.1899801855e-24
91    8.2813116605e-24
92    8.1038123305e-24
93    8.116721369e-24
94    8.093485086e-24
95    8.403302111e-24
96    8.037976206e-24
97    7.746231856e-24
98    7.126597806e-24
99    6.735453841e-24
100    6.815489901e-24
101    6.374646111e-24
102    6.524390996e-24
103    6.658645041e-24
104    6.7076994075e-24
105    6.8264625925e-24
106    6.7335174775e-24
107    6.4185368275e-24
108    6.1900467775e-24
109    5.6220489275e-24
110    5.9363841125e-24
111    5.8047118825e-24
112    6.0525655025e-24
113    5.8292390625e-24
114    5.6975668325e-24
115    5.6446397575e-24
116    5.5794490975e-24
117    5.6362488825e-24
118    5.2877047525e-24
119    5.0166148675e-24
120    5.1676506675e-24
121    5.2476867275e-24
122    5.1431234775e-24
123    5.2205777275e-24
124    5.4461632325e-24
125    5.3041637675e-24
126    5.3622544575e-24
127    5.5352356275e-24
128    5.3977543325e-24
129    5.1757188075e-24
130    5.2635002975e-24
131    5.1602279625e-24
132    5.2299367875e-24
133    5.2635002985e-24
134    4.9304470085e-24
135    4.8801017435e-24
136    4.8184610635e-24
137    4.81846106398e-24
138    5.07018739398e-24
139    5.23542313898e-24
140    5.40582249398e-24
141    5.43422238798e-24
142    5.45229504548e-24
143    5.50393121548e-24
144    5.39033164048e-24
145    5.35418632098e-24
146    5.33095004598e-24
147    5.30771376698e-24
148    5.42324969698e-24
149    5.60591265198e-24
150    5.68401232198e-24
151    7.56356892198e-24
152    8.66514219847e-26
153    1.8840907422e-23
154    7.7442797422e-23
155    -5.73503452578e-22
156    -3.28208905258e-21
157    1.42130709474e-20
158    2.75508999474e-20
159    2.30190729947e-19
160    -2.35161850526e-20
161    -7.12309165526e-20
162    4.46201313345e-18
163    9.47195563345e-18
164    3.05124871334e-17
165    7.39897576334e-17
166    -2.89703922367e-16
167    -2.73932872237e-15
168    -2.33493479737e-15
169    -1.06979562974e-14
170    1.02002422026e-14
171    2.57910732026e-14
172    -2.35859856797e-13
173    -2.49698647297e-13
174    5.97306952703e-13
175    2.6081911527e-12
176    7.1618443027e-12
177    5.9933531527e-12
178    9.4906647027e-12
179    -1.65802137973e-11
180    -3.82397082973e-11
181    4.05066167027e-11
182    -4.74052883297e-10
183    3.11891116703e-10
184    1.4350511167e-09
185    1.7072058117e-09
186    1.8950837317e-09
187    2.2264652517e-09
188    -1.28089748297e-10
189    7.8970202517e-09
190    -1.3816697483e-09
191    6.0155552517e-09
192    -8.4206297483e-09
193    -2.03777597483e-08
194    -2.86412297483e-08
195    -8.6943697483e-09
196    -5.0577097483e-09
197    -3.8658967483e-09
198    -1.76468117483e-08
199    -1.07808117483e-08
200    -2.5602167483e-09
201    5.38735332517e-08
202    5.89881482517e-08
203    7.16213532517e-08
204    1.04082233252e-07
205    9.74894782517e-08
206    1.12634208252e-07
207    1.25226718252e-07
208    1.00675398252e-07
209    5.79562132517e-08
210    1.14494613252e-07
211    1.06448433252e-07
212    1.31767163252e-07
213    1.24162823252e-07
214    7.46764732517e-08
215    9.63761682517e-08
216    1.30742493252e-07
217    1.39974673252e-07
218    2.08692773252e-07
219    2.33829828252e-07
220    2.80688378252e-07
221    2.77839657252e-07
222    3.11813562252e-07
223    3.16713524252e-07
224    3.79402824252e-07
225    3.35532529252e-07
226    2.19327979252e-07
227    1.71213669252e-07
228    1.76899484252e-07
229    1.76922738166e-07
230    1.73578396666e-07
231    1.39451881666e-07
232    2.45720781666e-07
233    3.55994631666e-07
234    3.87016616666e-07
235    4.29485811666e-07
236    2.97165611666e-07
237    2.82270871666e-07
238    3.82869671666e-07
239    4.38223521666e-07
240    4.90733021666e-07
241    6.75365021666e-07
242    6.63132961666e-07
243    6.75946391666e-07
244    7.06555601666e-07
245    8.13574501666e-07
246    7.87610446666e-07
247    6.35168996666e-07
248    5.73463646666e-07
249    4.78871596666e-07
250    5.31311296666e-07
251    5.88460096666e-07
252    6.85816596666e-07
253    6.33830346666e-07
254    7.25059196666e-07
255    7.02618251666e-07
256    9.36062201666e-07
257    9.60956531666e-07
258    8.54536481666e-07
259    7.79757581666e-07
260    7.08411681666e-07
261    7.36251026666e-07
262    6.83642726666e-07
263    8.76495276666e-07
264    1.12908957667e-06
265    1.39207007667e-06
266    1.48899632667e-06
267    1.61224712667e-06
268    1.53577352667e-06
269    1.53229983167e-06
270    1.52053287167e-06
271    1.51334929667e-06
272    1.63698379667e-06
273    1.56704479667e-06
274    1.51469809667e-06
275    1.50671295667e-06
276    1.35755625667e-06
277    1.32040660667e-06
278    1.20103940667e-06
279    1.08671850667e-06
280    9.35091006666e-07
281    7.91530006666e-07
282    7.71088986666e-07
283    9.21640986666e-07
284    1.07572768667e-06
285    7.30206936666e-07
286    5.33994036666e-07
287    4.74650536666e-07
288    2.16132036666e-07
289    6.40836665703e-10
290    -1.04645563334e-07
291    7.72772366657e-08
292    4.18833316657e-08
293    -4.17411683343e-08
294    -2.33698233343e-08
295    -2.95219173334e-07
296    -3.25915593334e-07
297    -1.48289143334e-07
298    7.8324066657e-09
299    -5.48278433343e-08
300    1.69526356666e-07
301    1.85804761666e-07
302    1.40329876666e-07
303    3.15764576666e-07
304    5.90102176666e-07
305    4.88664476666e-07
306    4.80153201666e-07
307    3.33740601666e-07
308    5.81951351666e-07
309    6.49762551666e-07
310    3.13543751666e-07
311    6.03473751666e-07
312    8.45975451666e-07
313    5.57568651666e-07
314    3.27647801666e-07
315    2.70289701666e-07
316    -2.71246298334e-07
317    -4.63005898334e-07
318    -5.17980398334e-07
319    -4.69354483334e-07
320    -6.26231783334e-07
321    -7.41947983334e-07
322    -7.74737338334e-07
323    -9.34277338334e-07
324    -1.26722008833e-06
325    -1.24909873333e-06
326    -7.85675783334e-07
327    -1.06687358333e-06
328    -9.52459633334e-07
329    -8.71579233334e-07
330    -9.15856498334e-07
331    -1.12746994833e-06
332    -1.38790914833e-06
333    -1.82379829833e-06
334    -1.93074739833e-06
335    -1.84283239833e-06
336    -2.26025719833e-06
337    -2.59484819833e-06
338    1.12544235515
339    11.3810673552
340    36.5936088552
341    118.504943855
342    321.267448855
343    631.611333855
344    1088.77588886
345    1747.01603886
346    2624.44838886
347    3697.77948886
348    4999.56203886
349    6628.44718886
350    8791.74483886
351    12373.4523889
352    27853.1263889
353    31029.0235389
354    30828.1453789
355    31131.9296239
356    31851.5568239
357    31048.1106739
358    30487.8271739
359    30387.9472289
360    30670.4591639
361    30717.8207564
362    30414.8965114
363    30338.0420164
364    30658.9024014
365    30631.1656104
366    30761.8379754
367    30655.4905554
368    30723.4491704
369    30540.2902204
370    30752.5721604
371    30817.2095604
372    30811.2882434
373    30850.3524689
374    30683.8099889
375    30654.7516364
376    30812.2061464
377    31012.9281264
378    30780.5109714
379    30746.4849924
380    30973.7180874
381    30849.3773624
382    30727.9855624
383    30647.1312074
384    30925.9468924
385    30997.8535524
386    30619.2008374
387    30822.1864924
388    30821.5079921
389    30923.8700821
390    30848.4436971
391    30724.3245671
392    30854.9778321
393    30781.5623171
394    30563.3710821
395    30867.5511621
396    30995.7409821
397    30896.7400471
398    30809.8621871
399    30838.0188026
400    30870.0749641
401    31139.9414391
402    30961.5955591
403    30941.2086996
404    30985.2381756
405    30988.1760889
406    30981.7519699
407    31018.3620459
408    30919.1217609
409    31068.3934259
410    30971.0577709
411    30958.2369544
412    31111.3951294
413    31159.1865869
414    30974.7925119
415    30968.2296294
416    31214.4887044
417    30859.0324594
418    30927.1650644
419    31219.8685844
420    31050.9224594
421    30893.7409694
422    30817.4698594
423    30873.8804244
424    31040.8176244
425    31141.0892494
426    30838.4845944
427    30745.7024644
428    30853.7334694
429    31108.8260394
430    30697.5964844
431    30969.2454144
432    30983.6197694
433    31066.1482894
434    31026.2769294
435    30824.0440544
436    30865.3300884
437    30915.1166764
438    30915.6411455
439    30866.8617485
440    30953.5164385
441    31178.3428485
442    30994.4412335
443    30765.4930385
444    30779.2974825
445    30935.2207125
446    31069.2132225
447    30921.1684025
448    30583.3627225
449    30828.0918825
450    30921.9779475
451    30998.0042175
452    30737.2322775
453    31122.4729575
454    30961.1481175
455    31048.8834875
456    31154.3903225
457    30878.4152975
458    31063.1702925
459    31191.2377125
460    31165.0724365
461    31054.6291915
462    30926.9930515
463    30932.2967605
464    31137.0307755
465    31067.9353205
466    30901.8855905
467    30878.7178285
468    30908.4173305
469    30881.533762
470    30914.7094495
471    30874.1813395
472    31061.4688695
473    31058.9654021
474    30781.2981371
475    30919.0286271
476    31105.2565621
477    30896.7321121
478    30685.3167671
479    30776.2099671
480    31090.0567321
481    31001.0484921
482    30693.0395921
483    30918.2482171
484    30921.3427026
485    30859.1032776
486    30920.6104576
487    30961.9780531
488    30986.8455601
489    30856.6718151
490    30835.7656406
491    31044.2782156
492    30972.8207656
493    31125.9167406
494    31062.8492256
495    30916.3673756
496    30815.5930156
497    30944.5470656
498    31145.9833706
499    31084.7989106
500    31038.6103461
501    30956.7152761
502    31047.2747111
503    30931.7267261
504    31097.7760561
505    30954.3774411
506    30958.8696529
507    31189.4359529
508    31196.4771354
509    30929.7246054
510    31008.8392104
511    31139.2960204
512    31375.9753304
513    30967.2753854
514    30708.7445104
515    31176.4630254
516    31269.0302304
517    31027.7269854
518    30969.8184704
519    30921.9053724
520    31028.6582124
521    31116.2387924
522    31043.5825974
523    31134.9093474
524    31039.3093324
525    31131.6525574
526    31227.9713074
527    30921.2473874
528    30902.5635589
529    30979.5769789
530    31091.8224539
531    31212.0216239
532    31104.9493689
533    30895.5597189
534    31053.8760589
535    31000.5868489
536    30940.2590289
537    31079.6171639
538    31040.9528899
539    30957.9919599
540    30797.9176399
541    30870.9433799
542    31025.2978749
543    31221.7304849
544    31196.9125344
545    30970.9500194
546    30836.6787994
547    31211.7337894
548    31135.9774494
549    31107.9921029
550    31255.6590679
551    31418.6219929
552    31315.5389729
553    31185.7836729
554    31092.3388279
555    31258.2285779
556    31282.2587679
557    31177.9216179
558    30824.1558329
559    31175.1782429
560    31229.8539829
561    31304.1486329
562    31179.9341379
563    31031.4362979
564    31443.3965779
565    31408.7834119
566    31001.5623269
567    31114.0050119
568    31157.8092229
569    31202.6563114
570    31336.5878814
571    31392.2343864
572    31257.4575214
573    31191.1684564
574    31209.9500549
575    31044.1577499
576    31055.8367644
577    31043.8032399
578    31229.5938699
579    31042.0382749
580    31119.4592999
581    31023.7893149
582    30854.0140899
583    30901.5744509
584    31184.5376409
585    31017.4038209
586    30894.1475009
587    31066.7989409
588    30910.5410859
589    30862.7783569
590    31016.7160119
591    31010.4748529
592    30960.7594124
593    30944.9938429
594    30845.7868979
595    31007.8649829
596    30758.4322429
597    30789.4035249
598    30812.8616214
599    30842.5388594
600    30931.9795844
601    30833.4898194
602    30698.5319344
603    30782.4015894
604    30769.0635569
605    31002.5012519
606    30860.4939469
607    30824.5120229
608    30822.3901316
609    30984.6601966
610    30857.1706116
611    30704.8686566
612    30754.7000551
613    30887.7760251
614    30634.0493851
615    30902.9510901
616    30582.9283551
617    30774.0121001
618    30793.1541736
619    30794.9670769
620    30733.4964219
621    30592.0098919
622    30879.8925219
623    30849.9035734
624    30539.0441434
625    30588.0480014
626    30812.3685114
627    30757.1001064
628    30755.8856441
629    30613.9429091
630    30744.0011891
631    30898.2434941
632    30771.9332091
633    30801.6744441
634    30579.5600191
635    31032.4125491
636    31088.2467941
637    30871.1946141
638    30812.7902591
639    31170.2811941
640    31155.1440996
641    30782.8664396
642    31273.9807296
643    31140.0831046
644    31100.1721236
645    31152.9013086
646    31108.0786166
647    31335.3520566
648    31279.8837666
649    31087.5210266
650    31430.3582766
651    31451.9628131
652    31388.3664931
653    31307.8369731
654    31170.3788381
655    31365.3666881
656    31393.3411751
657    31485.1729751
658    31457.3280166
659    31186.1946066
660    31175.4010246
661    31323.8039296
662    31117.8520096
663    31346.8573846
664    31404.3269846
665    31004.4459346
666    31052.1246851
667    31390.6608251
668    31889.6905151
669    31648.1885301
670    31919.0217251
671    31764.7995201
672    31614.9079251
673    28666.2617751
674    13270.0912751
675    9552.13272511
676    7352.07577511
677    5745.06147511
678    4455.89792511
679    3368.45007511
680    2506.48932511
681    1885.30617511
682    1440.11955511
683    1149.81664011
684    993.177265105
685    929.027535105
686    911.347206105
687    911.087372865
688    911.087372704
689    911.087372657
690    911.087372828
691    911.087372593
692    911.087372672
693    911.087372587
694    911.087372853
695    911.087372738
696    911.087372582
697    911.087372879
698    911.08737301
699    911.087372922
700    911.087373087
701    911.087373346
702    911.08737353
703    911.087373723
704    911.087373351
705    911.087373257
706    911.087373261
707    911.087373209
708    911.087373278
709    911.087373128
710    911.087373305
711    911.087372741
712    911.087373047
713    911.08737325
714    911.087373327
715    911.087373417
716    911.08737318
717    911.087373047
718    911.087373034
719    911.087373342
720    911.087373199
721    911.087373098
722    911.087372928
723    911.087373126
724    911.087373009
725    911.087372865
726    911.087372755
727    911.087372878
728    911.087373114
729    911.087373266
730    911.087373143
731    911.087373419
732    911.087373222
733    911.087373235
734    911.087373147
735    911.087373117
736    911.087373145
737    911.087373252
738    911.087373371
739    911.087373536
740    911.087373425
741    911.087373456
742    911.087373558
743    911.087373377
744    911.087373242
745    911.087373392
746    911.087373331
747    911.087373549
748    911.087373488
749    911.087373373
750    911.087373358
751    911.087373337
752    911.087373138
753    911.087373129
754    911.087373161
755    911.087373056
756    911.087373094
757    911.087372798
758    911.087372736
759    911.08737266
760    911.087372773
761    911.087372978
762    911.087372836
763    911.087373035
764    911.08737323
765    911.087373263
766    911.087373441
767    911.087373526
768    911.087373469
769    911.087373359
770    911.087373203
771    911.087373112
772    911.087373089
773    911.087372973
774    911.087372995
775    911.087373144
776    911.087373377
777    911.087373532
778    911.087373431
779    911.087373324
780    911.087373362
781    911.08737344
782    911.087373351
783    911.087373357
784    911.087373448
785    911.087373323
786    911.087373319
787    911.087373252
788    911.087373374
789    911.087373296
790    911.087373303
791    911.087373252
792    911.087373283
793    911.087373319
794    911.087373308
795    911.087373379
796    911.087373473
797    911.087373424
798    911.087373214
799    911.08737312
800    911.087373179
801    911.087373204
802    911.087373243
803    911.087373077
804    911.087373021
805    911.087372971
806    911.087372844
807    911.08737281
808    911.087372732
809    911.087372745
810    911.087372732
811    911.087372719
812    911.087372702
813    911.087372699
814    911.087372731
815    911.087372745
816    911.087372733
817    911.08737269
818    911.087372701
819    911.087372765
820    911.087372787
821    911.087372848
822    911.08737289
823    911.087372858
824    911.08737286
825    911.087372892
826    911.087372901
827    911.087372873
828    911.087372899
829    911.087372888
830    911.08737287
831    911.087372889
832    911.087372902
833    911.08737293
834    911.087372922
835    911.087372914
836    911.0873729
837    911.087372901
838    911.08737291
839    911.087372903
840    911.087372902
841    911.087372903
842    911.087372903
843    911.087372903
844    911.087372902
845    911.087372902
846    911.087372902
847    911.087372902
848    911.087372902
849    911.087372902
850    911.087372902
851    911.087372902
852    911.087372902
853    911.087372902
854    911.087372902
855    911.087372902
856    911.087372902
857    911.087372902
858    911.087372902
859    911.087372902
860    911.087372902
861    911.087372902
862    911.087372902
863    911.087372902
864    911.087372902
865    911.087372902
866    911.087372902
867    911.087372902
868    911.087372902
869    911.087372902
870    911.087372902
871    911.087372902
872    911.087372902
873    911.087372902
874    911.087372902
875    911.087372902
876    911.087372902
877    911.087372902
878    911.087372902
879    911.087372902
880    911.087372902
881    911.087372902
882    911.087372902
883    911.087372902
884    911.087372902
885    911.087372902
886    911.087372902
887    911.087372902
888    911.087372902
889    911.087372902
890    911.087372902
891    911.087372902
892    911.087372902
893    911.087372902
894    911.087372902
895    911.087372902
896    911.087372902
897    911.087372902
898    911.087372902
899    911.087372902
900    911.087372902
901    911.087372902
902    911.087372902
903    911.087372902
904    911.087372902
905    911.087372902
906    911.087372902
907    911.087372902
908    911.087372902
909    911.087372902
910    911.087372902
911    911.087372902
912    911.087372902
913    911.087372902
914    911.087372902
915    911.087372902
916    911.087372902
917    911.087372902
918    911.087372902
919    911.087372902
920    911.087372902
921    911.087372902
922    911.087372902
923    911.087372902
924    911.087372902
925    911.087372902
926    911.087372902
927    911.087372902
928    911.087372902
929    911.087372902
930    911.087372902
931    911.087372902
932    911.087372902
933    911.087372902
934    911.087372902
935    911.087372902
936    911.087372902
937    911.087372902
938    911.087372902
939    911.087372902
940    911.087372902
941    911.087372902
942    911.087372902
943    911.087372902
944    911.087372902
945    911.087372902
946    911.087372902
947    911.087372902
948    911.087372902
949    911.087372902
950    911.087372902
951    911.087372902
952    911.087372902
953    911.087372902
954    911.087372902
955    911.087372902
956    911.087372902
957    911.087372902
958    911.087372902
959    911.087372902
960    911.087372902
961    911.087372902
962    911.087372902
963    911.087372902
964    911.087372902
965    911.087372902
966    911.087372902
967    911.087372902
968    911.087372902
969    911.087372902
970    911.087372902
971    911.087372902
972    911.087372902
973    911.087372902
974    911.087372902
975    911.087372902
976    911.087372902
977    911.087372902
978    911.087372902
979    911.087372902
980    911.087372902
981    911.087372902
982    911.087372902
983    911.087372902
984    911.087372902
985    911.087372902
986    911.087372902
987    911.087372902
988    911.087372902
989    911.087372902
990    911.087372902
991    911.087372902
992    911.087372902
993    911.087372902
994    911.087372902
995    911.087372902
996    911.087372902
997    911.087372902
998    911.087372902
999    911.087372902
1000    911.087372902
1001    911.087372902
1002    911.087372902
1003    911.087372902
1004    911.087372902
1005    911.087372902
1006    911.087372902
1007    911.087372902
1008    911.087372902
1009    911.087372902
1010    911.087372902
1011    911.087372902
1012    911.087372902
1013    911.087372902
1014    911.087372902
1015    911.087372902
1016    911.087372902
1017    911.087372902
1018    911.087372902
1019    911.087372902
1020    911.087372902
1021    911.087372902
1022    911.087372902
1023    911.087372902
1024    911.087372902
