#x,Ay
1    -0
2    1.1876321e-25
3    1.94926545e-25
4    -6.67397455e-25
5    -4.427801e-25
6    -1.82662945e-24
7    -2.7560805e-24
8    -2.25004605e-24
9    -8.0939695e-25
10    -6.16406745e-25
11    -2.9731137e-25
12    1.72424473e-24
13    2.176061235e-24
14    1.606449785e-24
15    2.309992585e-24
16    4.844360435e-24
17    2.932854035e-24
18    3.853268735e-24
19    6.241441585e-24
20    7.028893185e-24
21    7.938980635e-24
22    6.352701385e-24
23    9.104909135e-24
24    7.514515185e-24
25    6.693500035e-24
26    5.765097785e-24
27    6.791366685e-24
28    7.973834985e-24
29    8.29397926e-24
30    8.577978225e-24
31    7.787944825e-24
32    8.02676209e-24
33    6.91658444e-24
34    8.19716139e-24
35    9.18857589e-24
36    1.109975964e-23
37    8.55926009e-24
38    9.15823964e-24
39    9.358087785e-24
40    1.0490210835e-23
41    1.1894714685e-23
42    1.2591802935e-23
43    1.0771627985e-23
44    1.0685137385e-23
45    1.046826547e-23
46    1.108015407e-23
47    1.210222752e-23
48    1.145935722e-23
49    1.373134867e-23
50    1.291807897e-23
51    1.2561789415e-23
52    1.2045427715e-23
53    1.3735624765e-23
54    1.2986900315e-23
55    1.4975538315e-23
56    1.6383914815e-23
57    1.6944167215e-23
58    1.7494092415e-23
59    1.6857031215e-23
60    1.5903053015e-23
61    1.8129056115e-23
62    1.819779676e-23
63    1.853859547e-23
64    1.84869593e-23
65    1.91569386e-23
66    1.9133379603e-23
67    1.8627345153e-23
68    1.8241364813e-23
69    1.8548600043e-23
70    1.9090134393e-23
71    1.8799680938e-23
72    1.8550536423e-23
73    1.8360773498e-23
74    1.8456784508e-23
75    1.7939131908e-23
76    1.8400630168e-23
77    1.8384493869e-23
78    1.8214739964e-23
79    1.7946231874e-23
80    1.7215580074e-23
81    1.7652228439e-23
82    1.7758566674e-23
83    1.7324822839e-23
84    1.7126023579e-23
85    1.6755534049e-23
86    1.6428128454e-23
87    1.6642418559e-23
88    1.7156198459e-23
89    1.7629153499e-23
90    1.7683371474e-23
91    1.7436808769e-23
92    1.7741462169e-23
93    1.7968338589e-23
94    1.8184887774e-23
95    1.7926061469e-23
96    1.8243623914e-23
97    1.8031915624e-23
98    1.7503451724e-23
99    1.7715160014e-23
100    1.7526687989e-23
101    1.7684178314e-23
102    1.7735814479e-23
103    1.7864904904e-23
104    1.7733232679e-23
105    1.8182467354e-23
106    1.8350284914e-23
107    1.8706574469e-23
108    1.86575201025e-23
109    1.91093365775e-23
110    1.95017714725e-23
111    1.95017714696e-23
112    1.94139899696e-23
113    1.88072649696e-23
114    1.87943559291e-23
115    1.89002100691e-23
116    1.89905733641e-23
117    1.88253376191e-23
118    1.86523564491e-23
119    1.80469223991e-23
120    1.77732507041e-23
121    1.76105967691e-23
122    1.78494140541e-23
123    1.77719597991e-23
124    1.76564238741e-23
125    1.75918786591e-23
126    1.75918786522e-23
127    1.77041873222e-23
128    1.78539322072e-23
129    1.76183421872e-23
130    1.73679067722e-23
131    1.76002695322e-23
132    1.74789245272e-23
133    1.75016767152e-23
134    1.72564049102e-23
135    1.69336788402e-23
136    1.71505507402e-23
137    1.70069376452e-23
138    1.68478337052e-23
139    1.69872513602e-23
140    1.75384674602e-23
141    1.77217758602e-23
142    1.57828376602e-23
143    9.60457016021e-24
144    -1.91464493398e-23
145    1.84033726602e-23
146    1.8313308766e-22
147    -1.34761091234e-21
148    -3.46395026234e-21
149    1.46205778766e-21
150    1.25606127877e-20
151    -2.98706512212e-19
152    1.25396772788e-19
153    7.67177722788e-19
154    -3.40735912721e-18
155    3.62994698728e-17
156    3.63644426728e-17
157    -3.31786873272e-17
158    6.09797462673e-16
159    6.16857897173e-16
160    -1.59396785283e-15
161    -1.73539013528e-14
162    -2.99230363528e-14
163    -3.21276232528e-14
164    -1.64766103253e-13
165    -5.18365203253e-13
166    -8.30713988253e-13
167    1.79333566175e-12
168    1.61733466675e-12
169    6.56772161675e-12
170    1.82235401167e-11
171    1.85812209567e-11
172    1.81610860617e-11
173    -4.97867289383e-11
174    -1.78721733938e-10
175    2.25717646062e-10
176    -8.29562853938e-10
177    -6.34439933938e-10
178    -5.60314988938e-10
179    3.97314001106e-09
180    4.07342640106e-09
181    1.00688214011e-08
182    2.10839140106e-09
183    7.59363140106e-09
184    -1.55427785989e-08
185    -1.74075275989e-08
186    4.09692401062e-10
187    -1.66390275989e-08
188    -8.11648259894e-09
189    1.11574374011e-08
190    2.33240924011e-08
191    -2.52756675989e-08
192    -3.60673775989e-08
193    -1.78639075989e-08
194    -1.77476326389e-08
195    3.15207023611e-08
196    5.92405023611e-08
197    7.57572723611e-08
198    9.21170723611e-08
199    9.51343898611e-08
200    4.77991148611e-08
201    4.87571986106e-09
202    -8.83883513894e-09
203    -7.38943351389e-08
204    -6.59760551389e-08
205    -1.25770105139e-07
206    -8.28300001389e-08
207    -1.08573135139e-07
208    -6.81910651389e-08
209    -8.81088551389e-08
210    -9.46114951389e-08
211    -3.52766951389e-08
212    1.89769048611e-08
213    5.93902248611e-08
214    1.07492909861e-07
215    8.34706348611e-08
216    8.99761798611e-08
217    8.81389533611e-08
218    1.05553213361e-07
219    7.57869883611e-08
220    4.67184083611e-08
221    1.72486833611e-08
222    -1.03083316389e-08
223    -1.29146481639e-07
224    -1.80028131639e-07
225    -1.51389766639e-07
226    -5.02660166389e-08
227    -3.75047663894e-09
228    -4.91817616389e-08
229    1.70131883611e-08
230    -1.25469361639e-07
231    -1.24399638639e-07
232    -1.98908238639e-07
233    -3.77668388639e-07
234    -4.25852463639e-07
235    -4.20852668139e-07
236    -4.50514248139e-07
237    -5.09692048139e-07
238    -5.12825644639e-07
239    -6.87830094639e-07
240    -6.56918564639e-07
241    -6.49267719639e-07
242    -6.43198199639e-07
243    -6.12548289639e-07
244    -5.57056389639e-07
245    -5.53010043139e-07
246    -6.01188308139e-07
247    -5.72747608139e-07
248    -5.74362369639e-07
249    -5.86664194639e-07
250    -6.54489894639e-07
251    -6.07050519639e-07
252    -5.60517534639e-07
253    -8.47017434639e-07
254    -8.85550744639e-07
255    -9.34949884639e-07
256    -7.63912534639e-07
257    -9.20836334639e-07
258    -8.73977784639e-07
259    -8.77297416139e-07
260    -9.31946316139e-07
261    -9.06924081139e-07
262    -8.43624331139e-07
263    -8.25020441139e-07
264    -1.09317229114e-06
265    -1.26316389114e-06
266    -1.12689039114e-06
267    -1.25925709114e-06
268    -1.34788139114e-06
269    -1.58544729114e-06
270    -1.53214714114e-06
271    -1.30592239114e-06
272    -1.53595949114e-06
273    -1.38783764114e-06
274    -1.30865484114e-06
275    -1.19182239114e-06
276    -1.22351877114e-06
277    -1.16287007114e-06
278    -1.24039017114e-06
279    -1.17657882114e-06
280    -1.11955792114e-06
281    -1.03000342114e-06
282    -1.21234482114e-06
283    -1.47415387114e-06
284    -1.49715875114e-06
285    -1.50261201614e-06
286    -1.50384452564e-06
287    -1.33223817564e-06
288    -1.58864627564e-06
289    -1.88727362564e-06
290    -1.94195742564e-06
291    -1.84726362564e-06
292    -1.75594177564e-06
293    -1.78021404064e-06
294    -1.75268028064e-06
295    -1.79254275064e-06
296    -1.62786925064e-06
297    -1.71048215064e-06
298    -1.31619595064e-06
299    -1.02992855064e-06
300    -9.00817550639e-07
301    -1.04950915064e-06
302    -1.06852000064e-06
303    -1.27846490064e-06
304    -1.03731195064e-06
305    -1.05099525564e-06
306    -9.52673705639e-07
307    -1.02592650564e-06
308    -1.05264634064e-06
309    -1.03083328064e-06
310    -9.85509550639e-07
311    -7.07009300639e-07
312    -7.92470950639e-07
313    -6.83452150639e-07
314    -4.14067800639e-07
315    -3.93045405639e-07
316    -1.29242255639e-07
317    -7.67502056389e-08
318    -2.54289455639e-07
319    -1.46305505639e-07
320    -1.51142516139e-07
321    -2.97927216139e-07
322    -3.70575416139e-07
323    -4.78989566139e-07
324    -5.18801891139e-07
325    -4.89195546139e-07
326    -5.05287911139e-07
327    -7.46580361139e-07
328    -7.83648611139e-07
329    -1.23060706114e-06
330    -1.38885641114e-06
331    -1.38890291736e-06
332    -1.62661411736e-06
333    -1.56698866736e-06
334    -1.51592096736e-06
335    -1.55996568236e-06
336    -1.88241763236e-06
337    0.196971077582
338    6.83666407758
339    22.7128190776
340    72.1992215776
341    203.849076578
342    455.722316578
343    812.254416578
344    1321.67116658
345    2032.38466658
346    2943.05496658
347    4037.23811658
348    5355.00806658
349    6990.02001658
350    9151.72351658
351    12780.6556666
352    31314.3046666
353    37769.3236666
354    35714.0201666
355    35989.9265216
356    34554.6909216
357    34747.3244716
358    34957.2089166
359    34912.7657706
360    35126.5239256
361    35127.1809229
362    34926.0674029
363    34801.0058229
364    35062.8710479
365    35196.8226379
366    35061.9569929
367    34602.0614729
368    35437.7845729
369    35382.0574429
370    34696.3483929
371    35114.5053879
372    35495.8684629
373    35223.0629829
374    34816.4164879
375    35104.0315879
376    35382.9823779
377    35058.9100929
378    34723.6633879
379    35204.8171879
380    35447.5737979
381    34882.4858979
382    34988.8786679
383    35107.4522779
384    35218.2343429
385    34794.1141029
386    34989.6411879
387    35355.7319179
388    35089.6171329
389    34929.8643079
390    35009.8385129
391    35041.8253749
392    35024.8476214
393    35264.3113114
394    34946.9396314
395    35217.9394314
396    35041.2619714
397    35052.8539919
398    34982.8982219
399    35165.1785969
400    35054.9332819
401    35019.0646814
402    34935.8541814
403    35239.8832014
404    34979.1144964
405    35120.7616914
406    35060.9335764
407    35197.6753614
408    35220.4221849
409    35289.2194899
410    35169.3055799
411    35088.8839549
412    35013.3830549
413    35248.6066249
414    35257.0067044
415    34955.6039144
416    35063.8882294
417    35236.7602994
418    35089.2291894
419    35050.7035549
420    35114.2876549
421    35192.8728999
422    35095.9306449
423    35118.8879494
424    35144.4208619
425    35150.0366499
426    35187.9030309
427    35153.0602889
428    35120.1626504
429    35371.6644854
430    35009.0746054
431    35236.7669454
432    35222.7138639
433    35062.8905039
434    35151.5363739
435    35395.7445039
436    35369.4903959
437    35337.8492979
438    35269.2208979
439    35119.7047529
440    35285.5457329
441    35225.4288679
442    35258.0808949
443    35137.9420399
444    35253.8313149
445    35309.0213999
446    35178.0008049
447    35309.5852149
448    35270.1729319
449    35451.1605469
450    35020.1081169
451    34938.7440119
452    35288.7125619
453    35249.3426059
454    34935.1834409
455    35059.5154609
456    35149.4852809
457    35177.0564909
458    35106.6697609
459    35007.8647809
460    35045.5181209
461    35243.7573309
462    35103.2813659
463    35214.0991559
464    34888.1933809
465    35147.2219409
466    35188.1037429
467    35074.4632129
468    35098.2799014
469    35198.2255464
470    34986.9028514
471    35063.0545564
472    35070.1734199
473    35102.7799659
474    35122.4177514
475    35110.3596879
476    34989.2018529
477    35027.6611424
478    35070.8250514
479    34961.8154164
480    34930.2646349
481    35085.8925749
482    35101.7274319
483    35059.5757569
484    35149.3332969
485    35138.6494004
486    35056.8891204
487    34806.6076904
488    35174.4191104
489    35105.4281704
490    34913.4427304
491    34822.6892754
492    35128.3238254
493    35125.4604903
494    34929.9672553
495    34866.0664603
496    35252.8605053
497    35049.2628453
498    34704.8400353
499    34993.9881853
500    34937.9180103
501    34799.6895403
502    35030.0682003
503    34963.6266803
504    35132.5683803
505    34856.4636353
506    34887.9891493
507    35009.7538993
508    35077.3668993
509    34900.2678993
510    35028.3077743
511    34829.7813693
512    34895.0041893
513    34830.4596893
514    34948.5388593
515    35052.2843743
516    34992.6185843
517    34878.4734493
518    34885.4581548
519    35007.4468548
520    35059.0730498
521    34989.0525298
522    34865.9321148
523    35003.3943848
524    35243.7811698
525    35044.7159998
526    34839.6311448
527    34912.4375248
528    35113.2628698
529    34899.7981098
530    34881.6447468
531    34954.1964068
532    35073.5162668
533    34928.1609318
534    34927.5987564
535    34975.2358714
536    34936.2240619
537    34812.5386669
538    34767.9793734
539    35048.4686384
540    35044.5934003
541    34763.2414353
542    34897.6916603
543    34793.6494303
544    34804.8129808
545    34865.9876108
546    34857.0389623
547    34962.0551473
548    34877.4602173
549    35137.0051623
550    34798.8860123
551    34597.7210473
552    34809.7345723
553    35001.1885773
554    35069.9139973
555    35011.5947323
556    34938.2467223
557    34767.5160523
558    34909.6288423
559    35099.7552073
560    34916.9314373
561    34931.6386093
562    34966.9153733
563    34970.4937532
564    34970.7049879
565    34986.2361509
566    34924.5035009
567    35198.8042259
568    35153.8497554
569    35140.0399444
570    34975.1772744
571    34962.4887929
572    35101.8299529
573    35076.1119164
574    34962.0693514
575    35044.4626414
576    35324.1164264
577    34997.0281964
578    34887.9957364
579    34996.9910214
580    35046.8299359
581    35146.1051909
582    35287.3922459
583    35072.8047509
584    35020.2856909
585    35206.9533109
586    35039.5012009
587    35196.8489159
588    35168.1797164
589    35231.7805614
590    35139.5395114
591    35048.5016414
592    35289.6816164
593    35230.5940014
594    35181.0938719
595    35076.0284619
596    35078.1407817
597    35316.4471867
598    35119.4156817
599    35196.4177967
600    35278.9272617
601    35232.8855182
602    35236.1342046
603    35298.0955346
604    35213.7769296
605    35248.9288271
606    35044.1803321
607    35282.6167471
608    35212.8033321
609    35104.7779171
610    35243.8828271
611    35311.0429371
612    35209.2204221
613    35194.7094486
614    35250.9101736
615    35168.3206986
616    35274.0085486
617    35154.8022386
618    35194.2680151
619    35042.9649101
620    35059.4474216
621    35401.6390366
622    35194.8372416
623    35043.3740016
624    35134.7569516
625    35006.6341866
626    35146.6125516
627    35195.3416806
628    35257.9250056
629    34993.7808856
630    35177.2260206
631    35256.2417406
632    35214.6018046
633    35277.9715546
634    35059.5655446
635    35219.7812596
636    35254.6970406
637    35153.4983956
638    34943.0547206
639    35115.0810706
640    35276.4220906
641    35326.6110406
642    35086.5990006
643    35040.5246226
644    35313.1985376
645    35352.4884296
646    34929.2458396
647    35485.1866896
648    35419.5553296
649    35060.9275896
650    35212.0444396
651    35809.0033896
652    35452.2371196
653    35169.4429296
654    35226.3572746
655    35509.4209596
656    35419.6418396
657    34793.9660896
658    35361.0846396
659    35717.3013096
660    34934.2377596
661    34902.8451861
662    35125.0394861
663    35493.3943211
664    35021.1585361
665    34803.1246061
666    35186.6419311
667    34758.5773261
668    34398.4881361
669    34782.9342711
670    35631.6826711
671    34752.1440711
672    37600.3199711
673    30745.3209711
674    11960.6059711
675    8231.74192113
676    6029.23292113
677    4417.01112113
678    3115.79047113
679    2008.11452113
680    1100.55537113
681    428.060871128
682    -65.7442438724
683    -408.664313872
684    -620.116423872
685    -718.920043872
686    -759.284216872
687    -764.776065872
688    -764.776065845
689    -764.776066122
690    -764.776065859
691    -764.77606573
692    -764.776065581
693    -764.776065591
694    -764.776066034
695    -764.776065846
696    -764.776065997
697    -764.776066163
698    -764.776066485
699    -764.776066644
700    -764.776066915
701    -764.776066987
702    -764.776066924
703    -764.776067171
704    -764.776067517
705    -764.77606732
706    -764.77606768
707    -764.776068177
708    -764.776068425
709    -764.776068709
710    -764.776068831
711    -764.776068831
712    -764.776068861
713    -764.776069037
714    -764.776069208
715    -764.776069235
716    -764.776069085
717    -764.776069041
718    -764.776069143
719    -764.776069307
720    -764.776069315
721    -764.776069287
722    -764.776068898
723    -764.776068964
724    -764.77606894
725    -764.776068892
726    -764.776069108
727    -764.776069008
728    -764.776068786
729    -764.776068721
730    -764.776068275
731    -764.776068265
732    -764.776068121
733    -764.776067857
734    -764.776067726
735    -764.776067633
736    -764.776067908
737    -764.776067501
738    -764.776067476
739    -764.77606749
740    -764.77606721
741    -764.77606767
742    -764.776067683
743    -764.776067643
744    -764.776067646
745    -764.776067536
746    -764.776067673
747    -764.776067816
748    -764.776067697
749    -764.776067755
750    -764.776067674
751    -764.776067573
752    -764.776067557
753    -764.776067174
754    -764.776067142
755    -764.776067082
756    -764.776067052
757    -764.776066971
758    -764.776066864
759    -764.776066876
760    -764.776067119
761    -764.77606692
762    -764.776066626
763    -764.776066571
764    -764.776066622
765    -764.77606666
766    -764.776066671
767    -764.776066922
768    -764.776067056
769    -764.776067214
770    -764.776067348
771    -764.776067467
772    -764.776067499
773    -764.776067653
774    -764.77606774
775    -764.776067687
776    -764.776067742
777    -764.776067684
778    -764.776067631
779    -764.776067675
780    -764.776067637
781    -764.776067626
782    -764.776067608
783    -764.776067511
784    -764.776067587
785    -764.77606749
786    -764.776067302
787    -764.776067341
788    -764.776067219
789    -764.776067181
790    -764.776067075
791    -764.776067013
792    -764.776066924
793    -764.776066872
794    -764.776066876
795    -764.776066866
796    -764.77606685
797    -764.776066947
798    -764.776066961
799    -764.77606698
800    -764.77606703
801    -764.776067082
802    -764.776066983
803    -764.776066978
804    -764.776066975
805    -764.776066976
806    -764.776066949
807    -764.776066883
808    -764.776066773
809    -764.776066787
810    -764.77606668
811    -764.776066623
812    -764.776066598
813    -764.776066663
814    -764.776066655
815    -764.776066539
816    -764.776066517
817    -764.776066517
818    -764.776066458
819    -764.776066491
820    -764.77606651
821    -764.7760665
822    -764.776066483
823    -764.776066484
824    -764.776066495
825    -764.776066486
826    -764.776066426
827    -764.776066393
828    -764.776066395
829    -764.776066349
830    -764.776066282
831    -764.776066259
832    -764.776066243
833    -764.776066244
834    -764.776066235
835    -764.77606621
836    -764.776066213
837    -764.776066202
838    -764.776066221
839    -764.776066229
840    -764.776066213
841    -764.776066208
842    -764.776066207
843    -764.776066196
844    -764.776066187
845    -764.776066184
846    -764.776066197
847    -764.776066195
848    -764.776066196
849    -764.776066196
850    -764.776066195
851    -764.776066194
852    -764.776066194
853    -764.776066194
854    -764.776066194
855    -764.776066194
856    -764.776066194
857    -764.776066194
858    -764.776066194
859    -764.776066194
860    -764.776066194
861    -764.776066194
862    -764.776066194
863    -764.776066194
864    -764.776066194
865    -764.776066194
866    -764.776066194
867    -764.776066194
868    -764.776066194
869    -764.776066194
870    -764.776066194
871    -764.776066194
872    -764.776066194
873    -764.776066194
874    -764.776066194
875    -764.776066194
876    -764.776066194
877    -764.776066194
878    -764.776066194
879    -764.776066194
880    -764.776066194
881    -764.776066194
882    -764.776066194
883    -764.776066194
884    -764.776066194
885    -764.776066194
886    -764.776066194
887    -764.776066194
888    -764.776066194
889    -764.776066194
890    -764.776066194
891    -764.776066194
892    -764.776066194
893    -764.776066194
894    -764.776066194
895    -764.776066194
896    -764.776066194
897    -764.776066194
898    -764.776066194
899    -764.776066194
900    -764.776066194
901    -764.776066194
902    -764.776066194
903    -764.776066194
904    -764.776066194
905    -764.776066194
906    -764.776066194
907    -764.776066194
908    -764.776066194
909    -764.776066194
910    -764.776066194
911    -764.776066194
912    -764.776066194
913    -764.776066194
914    -764.776066194
915    -764.776066194
916    -764.776066194
917    -764.776066194
918    -764.776066194
919    -764.776066194
920    -764.776066194
921    -764.776066194
922    -764.776066194
923    -764.776066194
924    -764.776066194
925    -764.776066194
926    -764.776066194
927    -764.776066194
928    -764.776066194
929    -764.776066194
930    -764.776066194
931    -764.776066194
932    -764.776066194
933    -764.776066194
934    -764.776066194
935    -764.776066194
936    -764.776066194
937    -764.776066194
938    -764.776066194
939    -764.776066194
940    -764.776066194
941    -764.776066194
942    -764.776066194
943    -764.776066194
944    -764.776066194
945    -764.776066194
946    -764.776066194
947    -764.776066194
948    -764.776066194
949    -764.776066194
950    -764.776066194
951    -764.776066194
952    -764.776066194
953    -764.776066194
954    -764.776066194
955    -764.776066194
956    -764.776066194
957    -764.776066194
958    -764.776066194
959    -764.776066194
960    -764.776066194
961    -764.776066194
962    -764.776066194
963    -764.776066194
964    -764.776066194
965    -764.776066194
966    -764.776066194
967    -764.776066194
968    -764.776066194
969    -764.776066194
970    -764.776066194
971    -764.776066194
972    -764.776066194
973    -764.776066194
974    -764.776066194
975    -764.776066194
976    -764.776066194
977    -764.776066194
978    -764.776066194
979    -764.776066194
980    -764.776066194
981    -764.776066194
982    -764.776066194
983    -764.776066194
984    -764.776066194
985    -764.776066194
986    -764.776066194
987    -764.776066194
988    -764.776066194
989    -764.776066194
990    -764.776066194
991    -764.776066194
992    -764.776066194
993    -764.776066194
994    -764.776066194
995    -764.776066194
996    -764.776066194
997    -764.776066194
998    -764.776066194
999    -764.776066194
1000    -764.776066194
1001    -764.776066194
1002    -764.776066194
1003    -764.776066194
1004    -764.776066194
1005    -764.776066194
1006    -764.776066194
1007    -764.776066194
1008    -764.776066194
1009    -764.776066194
1010    -764.776066194
1011    -764.776066194
1012    -764.776066194
1013    -764.776066194
1014    -764.776066194
1015    -764.776066194
1016    -764.776066194
1017    -764.776066194
1018    -764.776066194
1019    -764.776066194
1020    -764.776066194
1021    -764.776066194
1022    -764.776066194
1023    -764.776066194
1024    -764.776066194
