#x,Ay
1    -0
2    1.113896e-13
3    5.2752115e-14
4    -4.94678835e-13
5    -2.096830435e-12
6    1.883066565e-12
7    7.943395565e-12
8    -1.3528746935e-11
9    -1.7952196785e-11
10    8.692106215e-12
11    -1.5630113785e-11
12    -1.0588535285e-11
13    -2.6031230285e-11
14    -8.56120730285e-10
15    -6.2321230285e-11
16    -5.98358230285e-10
17    -1.80052573028e-09
18    5.32227769715e-10
19    2.03616326971e-09
20    3.23796726972e-09
21    8.49938226972e-09
22    1.00596382697e-08
23    1.03023609947e-08
24    9.70681949472e-09
25    8.88290699472e-09
26    1.40135119947e-08
27    2.26714069947e-08
28    2.60346414947e-08
29    2.66797384947e-08
30    1.81430234947e-08
31    1.47390919947e-08
32    3.81221199472e-09
33    2.23378799472e-09
34    1.26228979947e-08
35    6.44291799472e-09
36    -2.44625700528e-09
37    1.06729379947e-08
38    -5.85545700529e-09
39    -1.97851220053e-08
40    -3.41624370053e-08
41    -4.65282120053e-08
42    -1.00194612005e-07
43    -1.24809887005e-07
44    -1.09205872005e-07
45    -1.17071827005e-07
46    -1.17958418005e-07
47    -8.64059280053e-08
48    -5.97151580053e-08
49    -8.92110480053e-08
50    -8.12171880053e-08
51    -7.52755730053e-08
52    -7.84396860053e-08
53    -1.01729431005e-07
54    -5.66382510053e-08
55    -1.41632460053e-08
56    -3.37155010053e-08
57    -5.73889510053e-08
58    -3.42500010053e-08
59    -7.00450460053e-08
60    -2.80235110053e-08
61    -6.40104160053e-08
62    -1.01189126005e-07
63    -1.24353876005e-07
64    -1.57102536005e-07
65    -2.27250836005e-07
66    -2.23492268505e-07
67    -2.07100498505e-07
68    -1.86682728505e-07
69    -1.75479698505e-07
70    -1.00535098505e-07
71    -2.12961485053e-08
72    9.22586149472e-09
73    3.24981664947e-08
74    -2.56622335053e-08
75    -1.57309535053e-08
76    -1.03257903505e-07
77    -1.25721553505e-07
78    -7.99908635053e-08
79    -5.49250285053e-08
80    -8.71264735053e-08
81    -8.66730034553e-08
82    -8.19929624553e-08
83    -3.66227224553e-08
84    -3.40879414553e-08
85    -3.12973584553e-08
86    -3.42420059553e-08
87    3.09367404472e-09
88    3.23017840447e-08
89    5.05859190447e-08
90    1.00444344045e-07
91    -3.20153559553e-08
92    -2.68062659553e-08
93    -4.94681259553e-08
94    -8.81862595528e-09
95    3.50865540447e-08
96    3.90863905447e-08
97    1.14593490545e-07
98    1.99398190545e-07
99    2.88731740545e-07
100    2.27544540545e-07
101    1.98522470545e-07
102    1.64468630545e-07
103    2.37494730545e-07
104    1.69718430545e-07
105    2.84789330545e-07
106    2.13529180545e-07
107    1.45552330545e-07
108    1.18338325545e-07
109    7.20916705447e-08
110    4.19708105447e-08
111    1.26688260545e-07
112    2.04359510545e-07
113    2.83475460545e-07
114    3.14567210545e-07
115    3.12160331045e-07
116    2.78650071045e-07
117    3.23882231045e-07
118    3.36794496045e-07
119    4.78346846045e-07
120    4.40778611045e-07
121    4.58597651045e-07
122    4.30308116045e-07
123    4.64141031045e-07
124    6.04239931045e-07
125    6.25832076045e-07
126    6.95782726045e-07
127    7.44548176045e-07
128    8.95637926045e-07
129    9.13520916045e-07
130    8.57950166045e-07
131    7.53582316045e-07
132    7.46803521045e-07
133    8.71333321045e-07
134    1.01283917104e-06
135    1.06451147104e-06
136    1.02618745104e-06
137    1.06772063604e-06
138    1.13378768604e-06
139    1.06649393604e-06
140    1.04947137604e-06
141    1.16369342604e-06
142    1.09305277604e-06
143    1.19360097604e-06
144    1.22118125104e-06
145    1.17014265104e-06
146    8.37493451045e-07
147    9.47954051045e-07
148    1.11413910104e-06
149    9.34282351045e-07
150    1.01276750104e-06
151    1.01718011504e-06
152    1.06524210004e-06
153    8.95842050045e-07
154    8.47678320045e-07
155    6.54407170045e-07
156    6.03711570045e-07
157    5.72852365045e-07
158    6.30477915045e-07
159    4.87751165045e-07
160    4.93880275045e-07
161    4.43149775045e-07
162    2.49018175045e-07
163    2.92574535045e-07
164    2.74326735045e-07
165    2.56629785045e-07
166    1.34751035045e-07
167    3.45614535045e-07
168    3.65427675045e-07
169    4.15233780045e-07
170    1.94783480045e-07
171    1.11879880045e-07
172    3.44265730045e-07
173    4.61162130045e-07
174    4.19582430045e-07
175    5.94807830045e-07
176    3.82818880045e-07
177    1.54374730045e-07
178    1.51607401045e-07
179    1.09529181045e-07
180    3.92646310447e-08
181    -2.16863689553e-08
182    2.01176631045e-07
183    1.70526721045e-07
184    1.45367136045e-07
185    -1.94502713955e-07
186    -3.00114663955e-07
187    -2.52093368955e-07
188    -1.58565218955e-07
189    -3.21982689553e-08
190    5.05425310447e-08
191    6.37591044715e-10
192    7.98612604471e-09
193    2.96596560447e-08
194    -4.06630439553e-08
195    9.84126560447e-08
196    5.26470860447e-08
197    -2.77641713955e-07
198    3.30028604471e-09
199    -4.60581639553e-08
200    4.66357360447e-08
201    5.55190960447e-08
202    2.79928546045e-07
203    1.38719196045e-07
204    2.02001496045e-07
205    4.21248346045e-07
206    2.43534696045e-07
207    1.46794446045e-07
208    1.09354116045e-07
209    1.19092086045e-07
210    -2.07755013955e-07
211    -2.43939588955e-07
212    -3.12843738955e-07
213    -1.58919788955e-07
214    -3.89256288955e-07
215    -7.55822688955e-07
216    -5.24117038955e-07
217    -6.62745088955e-07
218    -9.21897288955e-07
219    -7.99692988955e-07
220    -6.47139638955e-07
221    -7.85709538955e-07
222    -6.83707888955e-07
223    -6.19547738955e-07
224    -4.92725888955e-07
225    -5.50214838955e-07
226    -6.43536588955e-07
227    -7.33788688955e-07
228    -7.25591348955e-07
229    -9.08304798955e-07
230    -7.23242598955e-07
231    -5.70132598955e-07
232    -9.47535798955e-07
233    -1.07712354896e-06
234    -1.03903789896e-06
235    -1.07815257896e-06
236    -1.22386752896e-06
237    -1.07501312896e-06
238    -7.37305978955e-07
239    -8.33802028955e-07
240    -8.15477193955e-07
241    -8.42359813955e-07
242    -1.31780151396e-06
243    -1.20396896396e-06
244    -1.24038607896e-06
245    -1.27489629396e-06
246    -1.51781659396e-06
247    -1.54907113396e-06
248    -1.63925348396e-06
249    -1.68891133896e-06
250    -1.64447129396e-06
251    -1.33780939396e-06
252    -1.22537214396e-06
253    -1.30981054396e-06
254    -1.40227769396e-06
255    -1.47057724396e-06
256    -1.31683934396e-06
257    -1.36204680396e-06
258    -1.33173409396e-06
259    -1.27358529396e-06
260    -1.39332459396e-06
261    -1.47436779396e-06
262    -1.44078776896e-06
263    -1.57599151896e-06
264    -1.60092072896e-06
265    -1.67554557896e-06
266    -1.69444596896e-06
267    -1.75974561896e-06
268    -1.95004016896e-06
269    -1.89806846896e-06
270    -1.90095207146e-06
271    -1.95425222146e-06
272    -1.79402547146e-06
273    -1.80035079646e-06
274    -2.06290984646e-06
275    -2.20789809646e-06
276    -2.04509224646e-06
277    -1.67375859646e-06
278    -1.86686699646e-06
279    -1.76282474646e-06
280    -2.03376714646e-06
281    -2.08459499646e-06
282    -2.23289709646e-06
283    -2.66048424646e-06
284    -2.61064907646e-06
285    -2.69631997646e-06
286    -2.73178800646e-06
287    -2.93308210646e-06
288    -2.69465000646e-06
289    -2.82471445646e-06
290    -2.97215030646e-06
291    -2.83269090646e-06
292    -2.89985095646e-06
293    -2.57258525646e-06
294    -2.35238495646e-06
295    -2.32876964146e-06
296    -2.27056269146e-06
297    -2.45252039146e-06
298    -2.31950259146e-06
299    -2.56838774146e-06
300    -3.11394674146e-06
301    -3.22584914146e-06
302    -3.27775399146e-06
303    -3.13964334146e-06
304    -3.16406095146e-06
305    -2.93467500146e-06
306    -3.37558720146e-06
307    -3.70868990146e-06
308    -3.92914600146e-06
309    -3.75487405146e-06
310    -3.75208346646e-06
311    -4.32219946646e-06
312    -4.77484956646e-06
313    -4.70024796646e-06
314    -4.24212131646e-06
315    -4.19405933646e-06
316    -4.46501338646e-06
317    -4.57775293646e-06
318    -4.44003763646e-06
319    -4.48069876146e-06
320    -4.30606636146e-06
321    -3.83737621146e-06
322    -3.54020231146e-06
323    -3.32509481146e-06
324    1.96867587491
325    8.54769987491
326    18.0324523749
327    31.7634833749
328    52.8894688749
329    93.1084923749
330    158.180032375
331    252.529292375
332    367.130692375
333    535.579052375
334    778.854992375
335    1051.37631237
336    1351.52668737
337    1716.42552237
338    2147.99171737
339    2632.19290237
340    3185.84520237
341    3804.87040237
342    4492.67275237
343    5258.20485237
344    6097.18515237
345    7049.00545237
346    8111.27600237
347    9331.55870237
348    10778.0550524
349    12588.3651524
350    15102.4195024
351    19543.7765524
352    36767.5665524
353    40690.0069024
354    39724.8100024
355    39938.9983824
356    39519.4303574
357    39320.8005124
358    39350.1577909
359    39650.6859209
360    39937.3243909
361    40589.0861909
362    40709.2601459
363    40042.3471959
364    39639.4406759
365    40095.3846209
366    40267.4953259
367    39961.9920509
368    39747.5096809
369    39787.8056014
370    39922.9914514
371    40047.6635414
372    39849.7991114
373    40040.1915314
374    40032.8706669
375    39930.9930619
376    39612.9199419
377    39789.8199369
378    40014.6712519
379    39994.6453859
380    39814.9924909
381    39775.0280619
382    40075.7165869
383    39817.4703419
384    39746.5843769
385    39902.6092069
386    39951.4796684
387    39839.8247884
388    39639.5576084
389    39709.1108184
390    39901.7744734
391    39806.7459334
392    39497.2237684
393    39779.4745634
394    39788.8994114
395    39793.1635493
396    39673.0563793
397    39835.1700893
398    39632.3019493
399    39738.0691493
400    39613.4676743
401    39794.1431343
402    39628.0445593
403    39359.9247593
404    39462.2503243
405    39437.6342908
406    39634.9542358
407    39507.3685458
408    39288.4576208
409    39433.4299608
410    39310.4572808
411    39226.1965158
412    39198.2267083
413    39338.4707383
414    39654.2923283
415    39647.8579193
416    39532.6393043
417    39568.3000223
418    39607.2068718
419    39737.3920968
420    39636.3747618
421    39670.7376213
422    39610.6386863
423    39456.5591363
424    39726.3078313
425    39601.4854863
426    39611.0877348
427    39637.7455778
428    39494.5217678
429    39623.8048728
430    39640.7800228
431    39417.2407228
432    39362.4817278
433    39240.2286528
434    39489.0330228
435    39514.6228493
436    39521.9291348
437    39330.5536748
438    39500.1162148
439    39657.3420748
440    39528.7624198
441    39376.2816398
442    39355.7199413
443    39473.3866963
444    39604.5667813
445    39509.5316863
446    39857.1966013
447    39791.1826363
448    39703.1466013
449    39601.7001313
450    39623.4139593
451    39670.3676103
452    39570.0812603
453    39335.5214053
454    39677.2789253
455    39698.7261433
456    39402.1449633
457    39299.1050983
458    39317.8685708
459    39486.9795308
460    39664.0470708
461    39268.2120058
462    39368.1368158
463    39627.7347608
464    39405.4186858
465    39470.8756008
466    39540.1506508
467    39561.7246388
468    39466.0752588
469    39407.5858688
470    39533.6157738
471    39524.6888838
472    39188.9366088
473    39183.0604553
474    39587.2633603
475    39543.5908408
476    39287.7880608
477    39460.6652308
478    39507.8258168
479    39466.9864083
480    39500.3916203
481    39733.0176953
482    39656.5358503
483    39485.3659553
484    39238.0706703
485    39485.8804703
486    39690.9129003
487    39522.0745003
488    39560.9744733
489    39329.8430283
490    39482.4608083
491    39438.5485753
492    39492.3419303
493    39579.4896153
494    39651.3644453
495    39638.7908758
496    39342.2405558
497    39469.4056908
498    39445.1838973
499    39446.5936294
500    39322.9695194
501    39355.1876034
502    39675.2247334
503    39452.1503084
504    39323.7800734
505    39519.0596184
506    39613.6485484
507    39278.8236884
508    39291.6318919
509    39640.3339569
510    39670.9400624
511    39287.5810024
512    39292.8220484
513    39657.9801634
514    39464.9841184
515    39242.2264334
516    39421.4876084
517    39754.6724484
518    39368.6926034
519    39261.7042934
520    39417.3802184
521    39596.4057684
522    39607.5657199
523    39269.5064349
524    39359.9105299
525    39547.9284599
526    39444.4212299
527    39423.8385404
528    39225.4584654
529    39361.3432054
530    39462.4809804
531    39690.7214054
532    39686.5560521
533    39549.1463521
534    39321.7796871
535    39276.0521121
536    39520.0539671
537    39538.4809366
538    39782.7132516
539    39562.1902416
540    39398.5510666
541    39442.4554811
542    39503.5176811
543    39505.8154517
544    39358.9014567
545    39329.6085977
546    39283.7757502
547    39427.0332152
548    39208.2826102
549    39363.9123102
550    39325.3992912
551    38984.7203062
552    39033.3474552
553    39225.5070352
554    39144.1753552
555    39297.1351602
556    39559.5064052
557    39274.5782602
558    39243.7955017
559    39486.6983767
560    39317.5010317
561    39165.2986567
562    39353.7131417
563    39377.6514737
564    39193.9278287
565    39293.9328787
566    39429.7029387
567    39386.4427887
568    39241.3218587
569    39163.4318837
570    39447.8905437
571    39280.8558387
572    39184.6951437
573    39323.4606787
574    39330.2855677
575    39557.1517427
576    39563.4346667
577    39477.5354167
578    39717.5750067
579    39758.0195377
580    39359.0043777
581    39528.4532577
582    39711.5801727
583    39680.8731312
584    39616.8837012
585    39616.82324
586    39523.50875
587    39564.5536115
588    39690.8596165
589    39686.0239762
590    39719.9227537
591    39814.4823237
592    39636.9670487
593    39627.4985622
594    39849.7943622
595    39826.2119082
596    39704.8285232
597    39729.6341217
598    39852.5961017
599    39772.0589617
600    39758.3807677
601    39820.8946727
602    39727.7581977
603    39702.5083317
604    39823.7810617
605    39640.5838367
606    39524.7481067
607    39778.0672117
608    39727.6520167
609    39712.2565517
610    39820.9293617
611    39877.9038917
612    39764.3603367
613    39751.3095297
614    39866.7784547
615    39938.6290797
616    39919.3779527
617    39949.6049862
618    39921.6393107
619    40047.6186307
620    40057.5387932
621    39878.1122632
622    40092.4856382
623    39825.8903932
624    40029.2196232
625    40103.7757382
626    39713.3274032
627    39825.3085532
628    40068.2506282
629    40192.3687682
630    40063.7036482
631    39841.7357982
632    39905.9075432
633    40164.5090982
634    40215.8078532
635    39760.4393532
636    39925.3297132
637    40077.7975982
638    39772.2079632
639    39610.7771382
640    39712.3779282
641    39886.3780582
642    39766.9173482
643    39611.6683082
644    39647.2032432
645    39749.4872132
646    39504.2554532
647    39436.8799582
648    39538.1140832
649    39559.3009492
650    39419.0792742
651    39608.7191992
652    39507.6978842
653    39318.1508942
654    39301.0199757
655    39358.2386157
656    39331.4116537
657    39590.3007687
658    39506.9416387
659    39278.5372737
660    39082.5311387
661    39202.9152837
662    39722.0269837
663    39633.7842737
664    39684.3901437
665    39517.7429387
666    39208.4061587
667    38591.4946587
668    38825.8919437
669    39056.2851837
670    39357.2410787
671    38970.4404787
672    40101.4152287
673    36146.9670787
674    18803.8425787
675    14189.4213787
676    11597.2305787
677    9734.2283787
678    8253.7725787
679    7028.9406787
680    5949.2485787
681    4994.7103287
682    4146.9444787
683    3417.2224287
684    2754.7646287
685    2148.7848787
686    1590.7070787
687    1095.6694337
688    674.384608705
689    329.460408705
690    27.9374837049
691    -229.230101295
692    -426.473821295
693    -566.046956295
694    -662.588756295
695    -725.245191295
696    -769.724167295
697    -792.757974795
698    -806.909501295
699    -810.207863545
700    -810.20786376
701    -810.207863713
702    -810.207863937
703    -810.207863943
704    -810.207864248
705    -810.207864295
706    -810.207863947
707    -810.207864053
708    -810.207863826
709    -810.207863834
710    -810.207863975
711    -810.207864256
712    -810.207864147
713    -810.207864445
714    -810.207864676
715    -810.207864537
716    -810.207864388
717    -810.207864585
718    -810.207864518
719    -810.20786436
720    -810.20786452
721    -810.207864603
722    -810.207864384
723    -810.207864106
724    -810.207864264
725    -810.207864338
726    -810.207864257
727    -810.207864139
728    -810.207863915
729    -810.207863934
730    -810.207863887
731    -810.207864027
732    -810.207863574
733    -810.207863554
734    -810.207863319
735    -810.20786357
736    -810.207863564
737    -810.207863079
738    -810.207862508
739    -810.207862417
740    -810.207862685
741    -810.207862896
742    -810.207863068
743    -810.207863215
744    -810.207863316
745    -810.20786315
746    -810.20786334
747    -810.207863518
748    -810.20786363
749    -810.207864052
750    -810.20786418
751    -810.207864433
752    -810.207864732
753    -810.207864512
754    -810.207864915
755    -810.207865006
756    -810.207865114
757    -810.207864863
758    -810.207864932
759    -810.207864994
760    -810.207865056
761    -810.207865131
762    -810.207865235
763    -810.207865641
764    -810.207865843
765    -810.207866155
766    -810.207866095
767    -810.207866213
768    -810.207866272
769    -810.207866522
770    -810.207866613
771    -810.207866561
772    -810.207866495
773    -810.207866678
774    -810.207866351
775    -810.207866657
776    -810.207866926
777    -810.207866703
778    -810.207866955
779    -810.207866966
780    -810.207866977
781    -810.207866875
782    -810.207866809
783    -810.207866582
784    -810.207866853
785    -810.207866891
786    -810.207867009
787    -810.207866728
788    -810.207866518
789    -810.207866485
790    -810.207866137
791    -810.207866064
792    -810.207866197
793    -810.207866006
794    -810.207866077
795    -810.207866136
796    -810.20786608
797    -810.207866155
798    -810.207866279
799    -810.207866124
800    -810.207865751
801    -810.207865786
802    -810.207865644
803    -810.207865647
804    -810.207865686
805    -810.207865492
806    -810.207865676
807    -810.20786565
808    -810.207865592
809    -810.207865656
810    -810.207865582
811    -810.20786587
812    -810.207865746
813    -810.207865831
814    -810.207866033
815    -810.207865955
816    -810.207866091
817    -810.207866087
818    -810.20786614
819    -810.207865899
820    -810.207866031
821    -810.207865858
822    -810.207865788
823    -810.207865671
824    -810.207865832
825    -810.207866095
826    -810.207865928
827    -810.207866158
828    -810.207866141
829    -810.207866016
830    -810.207865935
831    -810.207865722
832    -810.207865841
833    -810.207865897
834    -810.207865725
835    -810.207865878
836    -810.207865851
837    -810.207865725
838    -810.207865891
839    -810.207866136
840    -810.207866193
841    -810.207866156
842    -810.20786644
843    -810.207866451
844    -810.207866529
845    -810.207866399
846    -810.207866401
847    -810.207866475
848    -810.207866527
849    -810.207866414
850    -810.207866574
851    -810.207866537
852    -810.207866431
853    -810.207866416
854    -810.207866347
855    -810.207866572
856    -810.207866386
857    -810.207866394
858    -810.207866588
859    -810.207866592
860    -810.207866374
861    -810.207866494
862    -810.207866524
863    -810.207866455
864    -810.207866287
865    -810.207866311
866    -810.207866329
867    -810.207866368
868    -810.207866517
869    -810.20786648
870    -810.207866681
871    -810.207866724
872    -810.207866787
873    -810.207866914
874    -810.207866925
875    -810.207866898
876    -810.207866909
877    -810.207866824
878    -810.207866822
879    -810.20786692
880    -810.207866917
881    -810.207867061
882    -810.207867054
883    -810.207867042
884    -810.207867171
885    -810.207867273
886    -810.207867368
887    -810.207867445
888    -810.207867519
889    -810.207867619
890    -810.20786761
891    -810.207867582
892    -810.207867568
893    -810.207867545
894    -810.207867502
895    -810.207867465
896    -810.207867551
897    -810.207867545
898    -810.207867548
899    -810.207867666
900    -810.20786771
901    -810.207867627
902    -810.207867701
903    -810.207867632
904    -810.207867357
905    -810.207867365
906    -810.207867315
907    -810.207867406
908    -810.20786762
909    -810.207867493
910    -810.207867417
911    -810.207867363
912    -810.207867271
913    -810.207867213
914    -810.20786708
915    -810.207866979
916    -810.207866995
917    -810.207867018
918    -810.207866954
919    -810.207866967
920    -810.207866916
921    -810.207866996
922    -810.207866879
923    -810.207866909
924    -810.207866833
925    -810.207866819
926    -810.207866771
927    -810.207866854
928    -810.207866884
929    -810.207866958
930    -810.207866989
931    -810.207867043
932    -810.207867061
933    -810.207867092
934    -810.20786705
935    -810.207867051
936    -810.207867166
937    -810.207867166
938    -810.207867117
939    -810.207867243
940    -810.207867225
941    -810.207867256
942    -810.207867236
943    -810.207867306
944    -810.207867291
945    -810.207867372
946    -810.207867373
947    -810.207867393
948    -810.207867395
949    -810.207867275
950    -810.207867256
951    -810.207867254
952    -810.207867267
953    -810.207867336
954    -810.207867271
955    -810.207867245
956    -810.207867254
957    -810.207867224
958    -810.207867268
959    -810.207867255
960    -810.207867178
961    -810.207867173
962    -810.207867111
963    -810.207867088
964    -810.207867106
965    -810.207867074
966    -810.207867058
967    -810.207867081
968    -810.207867081
969    -810.207867076
970    -810.207867085
971    -810.207867079
972    -810.207867059
973    -810.207867108
974    -810.207867147
975    -810.207867172
976    -810.207867134
977    -810.207867138
978    -810.207867137
979    -810.207867127
980    -810.207867147
981    -810.207867132
982    -810.20786712
983    -810.207867084
984    -810.20786707
985    -810.207867064
986    -810.207867085
987    -810.207867059
988    -810.207867066
989    -810.207867054
990    -810.20786702
991    -810.207867019
992    -810.207867034
993    -810.207867046
994    -810.207867062
995    -810.207867058
996    -810.207867054
997    -810.207867047
998    -810.207867037
999    -810.207867044
1000    -810.207867053
1001    -810.207867053
1002    -810.207867049
1003    -810.207867048
1004    -810.207867054
1005    -810.207867053
1006    -810.207867053
1007    -810.207867052
1008    -810.207867051
1009    -810.207867053
1010    -810.207867054
1011    -810.207867054
1012    -810.207867054
1013    -810.207867054
1014    -810.207867054
1015    -810.207867054
1016    -810.207867054
1017    -810.207867054
1018    -810.207867054
1019    -810.207867054
1020    -810.207867054
1021    -810.207867054
1022    -810.207867054
1023    -810.207867054
1024    -810.207867054
