#x,Ay
1    -0
2    1.309714e-07
3    -1.640863e-07
4    -1.9893371e-07
5    -2.1967705e-07
6    -2.6951222e-07
7    -5.079732e-08
8    -4.0394567e-07
9    -3.2478612e-07
10    -3.9571347e-07
11    -5.0575547e-07
12    -4.1523592e-07
13    -5.4648637e-07
14    -5.7283413e-07
15    -4.1667773e-07
16    -5.6360198e-07
17    -6.06181635e-07
18    -6.46610215e-07
19    -9.51376815e-07
20    -9.8386386e-07
21    -1.08841771e-06
22    -1.02830391e-06
23    -1.22452846e-06
24    -1.29027431e-06
25    -1.00335001e-06
26    -8.2418291e-07
27    -7.7046416e-07
28    -5.5317071e-07
29    -4.2050171e-07
30    -2.5864786e-07
31    -2.71077585e-07
32    -3.95258535e-07
33    -3.51120805e-07
34    -2.18475055e-07
35    -1.74895445e-07
36    -3.06424945e-07
37    4.213505e-09
38    -1.99226545e-07
39    -1.5318192e-07
40    -4.0111367e-07
41    -7.1283347e-07
42    -7.7751907e-07
43    -8.1340314e-07
44    -8.32809325e-07
45    -7.21558075e-07
46    -5.05299475e-07
47    -5.28286905e-07
48    -4.51848155e-07
49    -2.58414205e-07
50    -2.4571705e-07
51    -1.905449e-07
52    1.98186e-08
53    7.90342e-08
54    7.5406442e-08
55    5.1360912e-08
56    2.20005212e-07
57    2.21051682e-07
58    1.74065232e-07
59    3.54884882e-07
60    5.45632882e-07
61    5.04890362e-07
62    3.13045012e-07
63    4.0242212e-08
64    5.68470712e-07
65    5.96702117e-07
66    5.45029817e-07
67    4.38755067e-07
68    3.68292817e-07
69    2.77299417e-07
70    3.27157842e-07
71    2.15022892e-07
72    4.55199092e-07
73    3.27111292e-07
74    4.04654642e-07
75    5.55346142e-07
76    9.93959042e-07
77    1.178170792e-06
78    1.110616142e-06
79    1.218146642e-06
80    9.84981742e-07
81    1.205763392e-06
82    1.109116192e-06
83    8.95590042e-07
84    1.031212392e-06
85    1.084047442e-06
86    1.049793027e-06
87    1.104674527e-06
88    1.014904927e-06
89    8.86817127e-07
90    8.59213607e-07
91    7.73449657e-07
92    6.02852007e-07
93    4.05894957e-07
94    4.69485407e-07
95    2.05359607e-07
96    2.45421927e-07
97    7.8917127e-08
98    1.82069877e-07
99    -9.178123e-09
100    7.2042377e-08
101    -5.10457123e-07
102    -4.87539453e-07
103    -4.90738449e-07
104    -4.60507124e-07
105    -4.71518304e-07
106    -5.60421654e-07
107    -4.50995904e-07
108    -4.56018954e-07
109    -6.30814154e-07
110    -4.82750454e-07
111    -3.31175254e-07
112    -4.45496154e-07
113    -6.60092004e-07
114    -7.38559704e-07
115    -6.76283154e-07
116    -6.10099804e-07
117    -3.66698404e-07
118    -1.82405054e-07
119    -3.23934154e-07
120    -6.05695904e-07
121    -9.54472354e-07
122    -1.123860804e-06
123    -1.251163754e-06
124    -1.010243354e-06
125    -1.300836104e-06
126    -1.292743409e-06
127    -1.153446759e-06
128    -1.250570709e-06
129    -1.032780209e-06
130    -1.067488094e-06
131    -1.063325475e-06
132    -1.374056975e-06
133    -1.209799125e-06
134    -1.492909625e-06
135    -1.769595975e-06
136    -1.949297925e-06
137    -2.145475975e-06
138    -1.981930325e-06
139    -1.846819575e-06
140    -1.938397225e-06
141    -2.194526275e-06
142    -1.957652225e-06
143    -1.663106125e-06
144    -1.814820875e-06
145    -1.902491725e-06
146    -2.147714275e-06
147    -2.455748175e-06
148    -2.564046075e-06
149    -2.823698275e-06
150    -2.84788333e-06
151    -2.68338498e-06
152    -2.90066678e-06
153    -2.58151703e-06
154    -2.41064463e-06
155    -2.50024563e-06
156    -2.66842478e-06
157    -2.90041528e-06
158    -2.76237438e-06
159    -2.68856343e-06
160    -2.44389903e-06
161    -2.62579858e-06
162    -2.17239268e-06
163    -1.78611778e-06
164    -1.30880008e-06
165    -1.57992853e-06
166    -1.71392303e-06
167    -1.60249733e-06
168    -1.74291018e-06
169    -1.82753753e-06
170    -1.86021061e-06
171    -1.84225785e-06
172    -1.9964841e-06
173    -1.71714665e-06
174    -1.82467715e-06
175    -1.8755123e-06
176    -1.888290845e-06
177    -1.621592445e-06
178    -1.564902895e-06
179    -1.576297775e-06
180    -1.657899075e-06
181    -1.850112175e-06
182    -1.756953175e-06
183    -1.795248115e-06
184    -1.941936165e-06
185    -1.98695758e-06
186    -2.12160613e-06
187    -1.92131198e-06
188    -1.63257958e-06
189    -1.74941203e-06
190    -1.729110535e-06
191    -1.962961435e-06
192    -1.728970985e-06
193    -1.782236985e-06
194    -2.005912435e-06
195    -2.056259235e-06
196    -2.369455735e-06
197    -2.463890835e-06
198    -2.386126585e-06
199    -2.293921035e-06
200    -2.407823335e-06
201    -2.39005662e-06
202    -2.20511067e-06
203    -2.254155175e-06
204    -2.327663825e-06
205    -2.280491335e-06
206    -2.370185335e-06
207    -2.713601535e-06
208    -2.541410885e-06
209    -2.274817135e-06
210    -2.468669685e-06
211    -2.747204785e-06
212    -2.823992335e-06
213    -3.219883135e-06
214    -3.318600035e-06
215    -3.481011985e-06
216    -3.543978885e-06
217    -3.760853735e-06
218    -3.816839835e-06
219    -3.710460435e-06
220    -3.290059035e-06
221    -3.192667685e-06
222    -2.895284485e-06
223    -2.842402935e-06
224    -2.740035035e-06
225    -2.666788035e-06
226    -2.946997535e-06
227    -2.835885785e-06
228    -2.416879685e-06
229    -2.698054235e-06
230    -2.864093935e-06
231    -2.710565335e-06
232    -2.801084885e-06
233    -2.490167335e-06
234    -2.674880735e-06
235    -2.873227285e-06
236    -2.866762425e-06
237    -3.016837675e-06
238    -3.133623625e-06
239    -2.808241575e-06
240    -3.162064325e-06
241    -2.899470425e-06
242    -2.955223225e-06
243    -2.814327825e-06
244    -2.446087025e-06
245    -2.379857175e-06
246    -2.218538175e-06
247    -2.318487575e-06
248    -2.028731975e-06
249    -1.738796175e-06
250    -1.660055225e-06
251    -1.742563475e-06
252    -1.708797415e-06
253    -1.658252965e-06
254    -1.727168765e-06
255    -1.584755965e-06
256    -1.457275715e-06
257    -2.041205215e-06
258    -2.142956865e-06
259    -2.291863565e-06
260    -2.368950515e-06
261    -2.215654465e-06
262    -2.106449615e-06
263    -2.394763415e-06
264    -2.822984265e-06
265    -2.913236415e-06
266    -2.307865915e-06
267    -2.438697765e-06
268    -2.431581775e-06
269    -2.483114575e-06
270    -2.694828325e-06
271    -2.850083625e-06
272    -2.884035725e-06
273    -2.807003975e-06
274    -2.961625575e-06
275    -2.886634475e-06
276    -2.851798695e-06
277    -2.724362045e-06
278    -2.757872305e-06
279    -2.587356005e-06
280    -2.781150405e-06
281    -2.857054305e-06
282    -2.978082805e-06
283    -2.627120405e-06
284    -2.911341355e-06
285    -3.250839105e-06
286    -3.26934998e-06
287    -3.18153963e-06
288    -3.26319038e-06
289    -3.05568723e-06
290    -3.039623925e-06
291    -2.868096075e-06
292    3.0275017819
293    9.7881642819
294    16.5574492819
295    23.3268597819
296    30.0972187819
297    36.8674357819
298    43.6365582819
299    53.7833812819
300    72.2573842819
301    102.202277782
302    136.066295782
303    173.758709282
304    215.244095282
305    261.808488282
306    313.755663282
307    374.132038282
308    435.060533282
309    499.087303282
310    571.344083282
311    656.804403282
312    748.122663282
313    853.132543282
314    975.255573282
315    1110.50877828
316    1261.39931328
317    1436.81233828
318    1638.34145828
319    1859.88223828
320    2091.05738828
321    2328.64654328
322    2572.13350828
323    2825.37167828
324    3082.62433828
325    3341.87207828
326    3618.36078328
327    3930.11823828
328    4258.16689828
329    4604.90632328
330    4969.55202828
331    5348.35477828
332    5748.94275828
333    6185.62010328
334    6636.22057328
335    7095.78251828
336    7574.42448828
337    8106.39773828
338    8671.81648828
339    9281.37988828
340    9935.91478828
341    10638.5231883
342    11411.5863383
343    12286.8733383
344    13261.0581383
345    14374.1684883
346    15666.5246383
347    17169.7639883
348    18987.8458383
349    21415.9146383
350    25011.1638883
351    32123.2728883
352    46422.3968883
353    49080.3497883
354    49219.0444433
355    49685.7121683
356    49321.4368683
357    49398.5878783
358    49717.7616933
359    49846.5500583
360    49994.2077683
361    50288.8614533
362    50594.7827833
363    50275.6462833
364    50374.5002233
365    50343.8792823
366    50023.6960873
367    49726.0321873
368    49673.3586923
369    49704.4341763
370    49672.8092753
371    49966.4169653
372    50384.9935553
373    50440.8172803
374    50253.8715803
375    50480.6840553
376    50081.7808403
377    50442.5242453
378    50613.5735553
379    50414.1764653
380    50397.5776543
381    50391.8644688
382    50639.8878138
383    50850.6792388
384    50624.8379638
385    50641.5298628
386    50712.4258978
387    50565.7430178
388    50675.0708378
389    50706.3268453
390    50816.0075253
391    50962.3624803
392    50873.8487603
393    50728.4580053
394    51015.4796553
395    51017.0476534
396    50923.1868734
397    50912.5551774
398    51153.2947524
399    50945.1644374
400    51203.1678724
401    51499.5470374
402    51359.3148974
403    51316.8568724
404    51322.4626164
405    51324.2973172
406    51351.8613517
407    51162.5244467
408    51169.6139302
409    51499.4681302
410    51426.0527452
411    51405.0538577
412    51376.2286392
413    51441.4701592
414    51664.2701542
415    51621.9256577
416    51813.4944327
417    51811.8420439
418    52038.4471589
419    52043.6507449
420    51814.0519249
421    51663.9985499
422    51555.6261599
423    51444.6740599
424    51705.7466299
425    51772.0352599
426    51747.3999269
427    51522.1152369
428    51658.9519069
429    51662.4596813
430    51719.5606663
431    51535.3932413
432    51487.4752383
433    51608.5160733
434    51598.4532213
435    51720.9353863
436    51825.7038463
437    51803.3039718
438    51643.0346418
439    51533.2835618
440    51560.8235733
441    51520.4996873
442    51691.6741773
443    51719.1743858
444    51647.8476458
445    51774.7771558
446    51763.3751948
447    51584.5101048
448    51696.0957348
449    51790.4114298
450    51703.9658498
451    51935.3279798
452    51566.4522148
453    51563.6828273
454    51778.0629023
455    51654.3473373
456    51652.5493066
457    51906.0400166
458    51628.7454466
459    51778.7563266
460    51699.1350216
461    51589.5548666
462    51550.6034991
463    51492.1008841
464    51643.3525541
465    51746.7825841
466    51642.7502241
467    51863.3434791
468    51719.3138541
469    51620.6345291
470    51811.3617391
471    51886.0793841
472    51624.6070691
473    51515.5896941
474    51761.6951091
475    51780.7466596
476    51730.5345196
477    51827.8965546
478    51672.1042196
479    51750.5700896
480    51729.8020946
481    51761.9214291
482    51791.0310946
483    51736.2805546
484    51892.1989496
485    52008.3437546
486    51995.6021241
487    51675.9002091
488    51710.3531446
489    51847.0770296
490    52201.1493996
491    52014.7341746
492    52223.0643346
493    52001.5794446
494    52144.8501296
495    52208.1833946
496    52294.6825096
497    52529.5871046
498    52362.4505946
499    52189.5643546
500    52137.4658346
501    52355.3584746
502    52306.2320031
503    52129.1053981
504    52170.9651281
505    52276.1338681
506    52133.7942931
507    51975.4636981
508    52020.4914356
509    52404.5313706
510    52377.0612011
511    52313.0887761
512    52623.2689861
513    52371.2916061
514    52369.4241872
515    52548.6519572
516    52392.5245122
517    52267.7387872
518    52056.9778172
519    52265.2407372
520    52117.1285172
521    52405.9095022
522    52432.7287612
523    52301.2522712
524    52273.2778712
525    52299.5146737
526    52447.5246087
527    52401.3965217
528    52404.8223703
529    52523.1908203
530    52437.0410753
531    52457.3972558
532    52433.6664348
533    52533.0585598
534    52671.9874648
535    52415.0902148
536    52486.9110398
537    52493.7825278
538    52526.0484888
539    52452.3907288
540    52546.4563188
541    52702.5780338
542    52278.2998538
543    52497.0003238
544    52251.0916988
545    52244.1599453
546    52385.4205903
547    52639.9904903
548    52403.8508903
549    52573.0570803
550    52789.3362853
551    52394.9179853
552    52283.7050953
553    52417.4062853
554    52472.4563853
555    52732.7060053
556    52846.4947403
557    52902.8077303
558    52586.9160603
559    52472.5966803
560    52436.5267488
561    52333.8540888
562    52292.0504918
563    52357.7471868
564    52135.4764768
565    52251.4452868
566    52280.0626103
567    52080.6245603
568    52270.1928053
569    52182.4367753
570    52073.0869803
571    51764.8656003
572    51875.6560703
573    52009.8457203
574    51804.1954103
575    52026.8256053
576    52163.8624053
577    52378.5776153
578    52365.0523338
579    52174.7544888
580    51853.9472488
581    52034.0718988
582    52076.2235788
583    51851.0635288
584    51612.5471838
585    51818.3592438
586    51407.9129688
587    51726.5599788
588    51710.6854368
589    51744.7243463
590    51725.0080033
591    51710.5794693
592    51671.6904428
593    51896.9213528
594    51868.6517463
595    51604.6434113
596    51671.2353463
597    51791.8089013
598    51853.4792713
599    51815.8403568
600    51882.2804418
601    51911.5819943
602    51675.9276643
603    51550.5680593
604    51884.0452093
605    51741.1621293
606    51748.4422978
607    51677.6081528
608    51712.4404318
609    51757.5354818
610    51654.0499618
611    51753.4425268
612    51609.1599868
613    51585.5313378
614    51474.8087778
615    51524.2269308
616    51705.6040358
617    51544.7721158
618    51454.7782058
619    51580.9414358
620    51354.7189658
621    51434.0686608
622    51347.3567108
623    51381.8626358
624    51376.9414016
625    51664.5884516
626    51649.5109591
627    51329.4022941
628    51563.5384191
629    51551.4207386
630    51789.1926386
631    51507.0790186
632    51666.3045986
633    51712.4763441
634    51584.4223891
635    51391.7463641
636    51650.0701691
637    51524.9937891
638    51360.2932291
639    51403.5208616
640    51790.9789116
641    51546.5740116
642    51572.3361721
643    51466.8725671
644    51651.1173221
645    51673.3157836
646    51482.5146236
647    51536.1094886
648    51531.4370998
649    51641.7294348
650    51529.7798348
651    51454.5813048
652    51589.2718548
653    51732.8639048
654    51930.2296048
655    51570.6814948
656    51139.8657698
657    51130.9408988
658    51283.4430388
659    51330.2249138
660    51516.8253638
661    51647.5752438
662    51572.8750688
663    51730.8813188
664    51698.1273808
665    51631.0586708
666    51698.1690708
667    51380.2406658
668    51417.4097178
669    51603.2369828
670    51464.0450328
671    51164.5873528
672    51258.3617628
673    48533.9322628
674    34304.8907628
675    27189.5757628
676    23701.0305628
677    21294.1587128
678    19415.3628128
679    17925.6197628
680    16692.8169128
681    15636.9542128
682    14703.4595128
683    13881.0389128
684    13172.0055128
685    12548.5954128
686    11964.9830128
687    11392.9530628
688    10845.5878628
689    10340.0627128
690    9854.59823778
691    9396.35451278
692    8954.38710278
693    8538.29576278
694    8152.25939778
695    7774.70355278
696    7411.76895278
697    7065.60403278
698    6731.05534778
699    6409.45336278
700    6102.87695778
701    5822.28717278
702    5550.65544278
703    5281.62434778
704    5022.83151278
705    4776.53077778
706    4553.25110278
707    4347.59755778
708    4167.99832278
709    4009.02147278
710    3864.97770778
711    3736.34683278
712    3620.07058778
713    3505.90400778
714    3407.59093278
715    3327.71301278
716    3268.49784778
717    3222.54710228
718    3187.51086028
719    3153.84559328
720    3128.43460828
721    3108.12610778
722    3087.81564778
723    3069.56464478
724    3055.86176478
725    3043.63541878
726    3036.38690878
727    3031.35610078
728    3031.08487264
729    3031.08487274
730    3031.08487259
731    3031.0848724
732    3031.08487225
733    3031.08487222
734    3031.08487209
735    3031.08487226
736    3031.08487232
737    3031.08487231
738    3031.08487202
739    3031.08487199
740    3031.08487208
741    3031.08487235
742    3031.08487241
743    3031.08487244
744    3031.08487256
745    3031.08487252
746    3031.08487263
747    3031.08487265
748    3031.08487265
749    3031.08487277
750    3031.08487293
751    3031.08487335
752    3031.08487341
753    3031.08487367
754    3031.08487361
755    3031.08487343
756    3031.08487338
757    3031.08487336
758    3031.08487355
759    3031.08487352
760    3031.08487351
761    3031.08487346
762    3031.08487379
763    3031.08487349
764    3031.08487362
765    3031.08487346
766    3031.08487377
767    3031.08487387
768    3031.0848741
769    3031.08487414
770    3031.08487405
771    3031.08487436
772    3031.0848739
773    3031.0848735
774    3031.08487353
775    3031.08487382
776    3031.08487376
777    3031.08487367
778    3031.08487387
779    3031.08487358
780    3031.08487343
781    3031.08487302
782    3031.08487243
783    3031.08487238
784    3031.0848725
785    3031.08487236
786    3031.08487232
787    3031.08487269
788    3031.08487244
789    3031.08487226
790    3031.08487213
791    3031.08487224
792    3031.08487216
793    3031.08487213
794    3031.08487215
795    3031.08487254
796    3031.0848727
797    3031.08487236
798    3031.08487177
799    3031.08487178
800    3031.08487177
801    3031.08487174
802    3031.08487176
803    3031.08487199
804    3031.08487205
805    3031.08487228
806    3031.08487207
807    3031.08487211
808    3031.08487225
809    3031.08487212
810    3031.08487199
811    3031.08487201
812    3031.08487222
813    3031.08487201
814    3031.08487197
815    3031.08487231
816    3031.08487186
817    3031.08487141
818    3031.08487151
819    3031.08487134
820    3031.08487108
821    3031.08487084
822    3031.08487085
823    3031.084871
824    3031.08487101
825    3031.08487093
826    3031.0848708
827    3031.08487083
828    3031.08487078
829    3031.08487077
830    3031.08487089
831    3031.08487114
832    3031.08487131
833    3031.08487118
834    3031.08487134
835    3031.08487104
836    3031.08487104
837    3031.08487108
838    3031.08487131
839    3031.08487112
840    3031.08487129
841    3031.08487129
842    3031.08487104
843    3031.08487082
844    3031.0848709
845    3031.08487107
846    3031.0848711
847    3031.08487093
848    3031.08487111
849    3031.08487096
850    3031.0848709
851    3031.08487127
852    3031.08487126
853    3031.08487089
854    3031.08487077
855    3031.08487094
856    3031.08487072
857    3031.08487058
858    3031.08487075
859    3031.08487062
860    3031.08487063
861    3031.08487112
862    3031.08487101
863    3031.08487081
864    3031.08487088
865    3031.08487097
866    3031.08487097
867    3031.08487108
868    3031.08487095
869    3031.08487094
870    3031.08487064
871    3031.08487034
872    3031.08487045
873    3031.08487046
874    3031.08487053
875    3031.08487108
876    3031.08487093
877    3031.08487076
878    3031.08487041
879    3031.08487078
880    3031.08487089
881    3031.08487065
882    3031.08487066
883    3031.08487045
884    3031.08487031
885    3031.08487042
886    3031.0848704
887    3031.08487028
888    3031.08487033
889    3031.08487049
890    3031.08487036
891    3031.08487005
892    3031.08487021
893    3031.08487032
894    3031.08487063
895    3031.08487077
896    3031.08487089
897    3031.08487091
898    3031.08487085
899    3031.08487053
900    3031.08487072
901    3031.08487087
902    3031.08487065
903    3031.08487074
904    3031.08487087
905    3031.08487064
906    3031.08487088
907    3031.08487084
908    3031.08487102
909    3031.08487113
910    3031.08487128
911    3031.08487103
912    3031.0848712
913    3031.08487112
914    3031.08487132
915    3031.08487129
916    3031.0848717
917    3031.08487155
918    3031.08487175
919    3031.08487185
920    3031.08487197
921    3031.08487197
922    3031.08487187
923    3031.08487172
924    3031.08487149
925    3031.08487129
926    3031.0848711
927    3031.08487133
928    3031.08487148
929    3031.08487157
930    3031.08487179
931    3031.08487175
932    3031.08487187
933    3031.08487185
934    3031.08487199
935    3031.08487214
936    3031.08487233
937    3031.08487253
938    3031.08487241
939    3031.08487244
940    3031.08487254
941    3031.08487256
942    3031.08487275
943    3031.08487278
944    3031.08487307
945    3031.08487341
946    3031.08487291
947    3031.08487335
948    3031.08487327
949    3031.08487359
950    3031.08487365
951    3031.08487384
952    3031.08487396
953    3031.08487391
954    3031.0848741
955    3031.08487401
956    3031.08487421
957    3031.0848746
958    3031.08487445
959    3031.08487463
960    3031.08487456
961    3031.08487471
962    3031.0848747
963    3031.08487495
964    3031.08487516
965    3031.08487518
966    3031.08487506
967    3031.08487513
968    3031.08487484
969    3031.08487462
970    3031.08487471
971    3031.08487419
972    3031.08487421
973    3031.08487451
974    3031.08487461
975    3031.08487451
976    3031.08487458
977    3031.08487478
978    3031.08487493
979    3031.084875
980    3031.08487503
981    3031.08487504
982    3031.08487483
983    3031.08487464
984    3031.0848748
985    3031.08487486
986    3031.0848746
987    3031.08487449
988    3031.08487417
989    3031.08487423
990    3031.08487405
991    3031.08487405
992    3031.0848741
993    3031.08487428
994    3031.08487426
995    3031.08487418
996    3031.08487418
997    3031.0848742
998    3031.08487438
999    3031.08487456
1000    3031.08487461
1001    3031.08487469
1002    3031.08487476
1003    3031.08487452
1004    3031.08487421
1005    3031.08487442
1006    3031.08487459
1007    3031.08487461
1008    3031.0848745
1009    3031.08487445
1010    3031.08487437
1011    3031.08487464
1012    3031.08487459
1013    3031.08487476
1014    3031.08487509
1015    3031.08487504
1016    3031.084875
1017    3031.0848748
1018    3031.08487505
1019    3031.084875
1020    3031.08487489
1021    3031.08487502
1022    3031.08487484
1023    3031.08487496
1024    3031.084875
