#x,Ay
1    -0
2    2.397577e-08
3    -1.2505295e-08
4    3.80315855e-07
5    -8.8351045e-08
6    -1.04722465e-07
7    -2.81412915e-07
8    -5.7212765e-08
9    -3.0998725e-08
10    -2.79247225e-08
11    -2.311605725e-07
12    -2.226841775e-07
13    -1.510591775e-07
14    -5.15399775e-08
15    -2.414856775e-07
16    1.64805225e-08
17    7.44816225e-08
18    3.685626225e-07
19    3.919105075e-07
20    4.455594575e-07
21    4.117003775e-07
22    3.394242775e-07
23    3.897943275e-07
24    7.373033775e-07
25    1.0680805275e-06
26    1.1759830775e-06
27    1.0815450775e-06
28    9.838979275e-07
29    1.2278298275e-06
30    1.4918277775e-06
31    1.4742936025e-06
32    1.2599709525e-06
33    1.4444353525e-06
34    1.2126308525e-06
35    1.1821320975e-06
36    9.556296975e-07
37    1.0055927725e-06
38    1.3198938725e-06
39    1.1137743725e-06
40    1.2259558225e-06
41    1.4272266725e-06
42    1.5181880725e-06
43    1.5262807675e-06
44    1.7468066675e-06
45    1.8618019675e-06
46    1.7396267175e-06
47    1.8715515675e-06
48    2.0149134175e-06
49    2.1778137175e-06
50    2.2118937175e-06
51    2.3034306675e-06
52    2.7397035175e-06
53    3.1357803175e-06
54    3.0726898675e-06
55    3.2661528675e-06
56    3.4425177675e-06
57    3.4735368475e-06
58    3.4267364325e-06
59    3.4755251375e-06
60    3.3054274375e-06
61    3.4838619875e-06
62    3.6942254875e-06
63    3.5333483375e-06
64    3.5996711875e-06
65    3.4021443875e-06
66    3.3582159575e-06
67    3.2817191075e-06
68    3.2015944575e-06
69    3.2984974575e-06
70    3.0796633575e-06
71    3.0526877075e-06
72    2.9848184075e-06
73    3.2020653575e-06
74    3.0051897075e-06
75    2.9820743725e-06
76    2.7542697225e-06
77    2.5842766725e-06
78    2.3412030225e-06
79    2.1804712225e-06
80    2.1900703475e-06
81    2.4653497975e-06
82    2.2978682975e-06
83    2.1072103975e-06
84    2.3868733975e-06
85    2.4083027575e-06
86    2.3466192075e-06
87    2.1852157575e-06
88    2.5007813575e-06
89    2.6309504575e-06
90    2.3896347575e-06
91    2.6734836075e-06
92    2.6266831975e-06
93    2.5535698975e-06
94    2.5760428175e-06
95    2.5502066625e-06
96    2.5654851025e-06
97    2.4112937525e-06
98    2.5898911025e-06
99    2.2030580525e-06
100    2.3857133525e-06
101    2.3606213525e-06
102    2.4130378025e-06
103    2.3143209025e-06
104    2.2109065525e-06
105    2.2163016825e-06
106    2.2550123125e-06
107    2.3869139125e-06
108    2.5244955125e-06
109    2.7037876125e-06
110    2.4619617625e-06
111    2.6333036125e-06
112    2.7257823625e-06
113    2.2425986125e-06
114    2.5826951625e-06
115    2.3123573625e-06
116    2.5296043125e-06
117    2.4656069125e-06
118    2.4530260325e-06
119    2.6915918825e-06
120    2.3352343325e-06
121    2.0490599825e-06
122    2.0183170525e-06
123    1.9640053025e-06
124    1.7878264525e-06
125    1.8497774025e-06
126    2.1214988525e-06
127    2.3539544525e-06
128    2.5677480525e-06
129    2.6309838525e-06
130    2.7305146525e-06
131    2.5662423025e-06
132    2.1247836025e-06
133    1.9249313025e-06
134    2.0126951525e-06
135    2.3185431025e-06
136    2.3636575375e-06
137    2.2606384875e-06
138    2.4248178375e-06
139    2.1708979875e-06
140    1.9265475375e-06
141    1.9762199325e-06
142    1.972940999e-06
143    2.015375314e-06
144    1.854381914e-06
145    1.862544369e-06
146    2.072093969e-06
147    2.197367919e-06
148    1.989446169e-06
149    1.846618419e-06
150    1.865059529e-06
151    1.828735429e-06
152    1.634301529e-06
153    1.647696334e-06
154    1.626394879e-06
155    1.403717929e-06
156    1.390253364e-06
157    1.328314014e-06
158    1.126508314e-06
159    9.58893064e-07
160    8.19735964e-07
161    8.89948214e-07
162    9.41527514e-07
163    1.085998364e-06
164    1.114404174e-06
165    1.022814874e-06
166    1.063755059e-06
167    9.44408209e-07
168    1.156573959e-06
169    1.276894609e-06
170    1.305149269e-06
171    1.386029669e-06
172    1.498908769e-06
173    1.604141369e-06
174    1.645395499e-06
175    1.669034069e-06
176    1.733108469e-06
177    1.994469869e-06
178    1.907147869e-06
179    1.724480919e-06
180    1.579440319e-06
181    1.371076769e-06
182    1.794175769e-06
183    1.729248169e-06
184    2.155474919e-06
185    2.133769419e-06
186    2.044941669e-06
187    1.794324019e-06
188    1.965712369e-06
189    1.903226569e-06
190    2.001676019e-06
191    1.815869669e-06
192    1.631830669e-06
193    1.554854169e-06
194    1.449602669e-06
195    1.425603644e-06
196    1.427590489e-06
197    1.515281689e-06
198    1.575494339e-06
199    1.388362439e-06
200    1.318830389e-06
201    1.633050089e-06
202    1.402037739e-06
203    1.764704589e-06
204    1.561643139e-06
205    1.445201539e-06
206    1.680122189e-06
207    1.626403439e-06
208    1.515338189e-06
209    1.539988349e-06
210    1.697791499e-06
211    1.376479049e-06
212    1.242879849e-06
213    1.158592599e-06
214    1.219741249e-06
215    1.305505199e-06
216    1.016063549e-06
217    1.105269199e-06
218    1.090014009e-06
219    6.76891359e-07
220    8.69069559e-07
221    9.36752859e-07
222    8.23466809e-07
223    8.58697929e-07
224    9.69798029e-07
225    9.81006869e-07
226    9.69867789e-07
227    9.08149389e-07
228    9.78495339e-07
229    1.214462439e-06
230    1.181882369e-06
231    1.046329769e-06
232    1.400664119e-06
233    1.254670069e-06
234    1.470829819e-06
235    1.491898724e-06
236    1.644334374e-06
237    1.768608374e-06
238    1.979082324e-06
239    1.880737524e-06
240    1.968036274e-06
241    1.880225924e-06
242    1.843436724e-06
243    1.690047674e-06
244    1.716488454e-06
245    1.763490164e-06
246    1.595683064e-06
247    1.686004964e-06
248    1.944040914e-06
249    2.223462614e-06
250    1.975612264e-06
251    2.139614264e-06
252    2.015133864e-06
253    2.111060164e-06
254    2.203887764e-06
255    1.987152464e-06
256    1.710652164e-06
257    3.00750796065
258    9.76545396065
259    16.5365814607
260    23.3057589607
261    30.0750894607
262    36.8454044607
263    43.6153879607
264    50.3845309607
265    57.1540854607
266    63.9244564607
267    70.6950464607
268    77.4640244607
269    84.6822524607
270    96.9419799607
271    115.825448961
272    146.595146461
273    180.444044961
274    214.607470461
275    253.594928961
276    294.213447961
277    334.831659961
278    375.450165961
279    416.068482961
280    457.478069961
281    505.318935461
282    559.085280461
283    617.497880461
284    678.426265461
285    739.354055461
286    800.282635461
287    862.410845461
288    929.555795461
289    997.251310461
290    1065.47271046
291    1138.87928046
292    1218.47575046
293    1309.12727546
294    1403.90408546
295    1498.68076546
296    1593.83796046
297    1693.88505546
298    1795.50947546
299    1902.86510546
300    2026.59986046
301    2156.77599546
302    2297.21704046
303    2446.60142546
304    2614.80110546
305    2790.68285546
306    2967.36957046
307    3152.29633046
308    3352.14054046
309    3559.55651046
310    3773.57138546
311    3993.52492546
312    4231.01432546
313    4479.21554046
314    4734.62379046
315    4995.43745046
316    5259.45969046
317    5523.48109046
318    5787.80012546
319    6059.34665546
320    6339.20915046
321    6628.07287546
322    6928.54181546
323    7234.81980546
324    7553.98281046
325    7879.14756046
326    8218.49077546
327    8580.87200546
328    8963.25539546
329    9367.08736546
330    9794.91620546
331    10236.5470905
332    10684.4362105
333    11141.1855555
334    11613.3077205
335    12101.0770155
336    12625.2070155
337    13182.9022655
338    13755.1261655
339    14356.6007655
340    15011.5661155
341    15717.1930655
342    16486.8753155
343    17354.6722155
344    18324.9093655
345    19446.0563155
346    20828.2570655
347    22519.7310655
348    24686.4875155
349    27663.9403655
350    32578.1632155
351    41791.1787155
352    50035.7932155
353    52499.0899155
354    53397.6447655
355    53302.3356355
356    53196.4270555
357    53136.5674555
358    53189.4079155
359    53368.3974855
360    53471.6343605
361    53556.3539455
362    53563.8865155
363    53725.8064955
364    53324.6651455
365    53353.8820415
366    53250.6383265
367    53060.7906715
368    53179.5681265
369    52879.0521015
370    52714.9623265
371    52726.5434695
372    52909.6772495
373    53161.6410295
374    52979.3990745
375    53404.5337695
376    53521.9504445
377    53312.5014245
378    53673.5197945
379    53454.9551245
380    52972.7978445
381    53001.390459
382    52817.880669
383    53180.996924
384    53336.521534
385    53400.001259
386    53592.967299
387    53132.662384
388    53289.766039
389    53475.361739
390    53490.5098105
391    53815.8686905
392    53877.7757455
393    53731.1981405
394    53933.0137955
395    54064.8569405
396    54091.161199
397    53947.204259
398    53825.818214
399    54117.620324
400    54105.138135
401    54246.068285
402    54367.547595
403    54529.930445
404    54641.99809
405    54585.10186
406    54441.644005
407    54499.58897
408    54360.210765
409    54209.50414
410    54342.33865
411    54110.51275
412    54189.574815
413    54500.34063
414    54578.28996
415    54393.79537
416    54523.916955
417    54294.074275
418    54520.545965
419    54360.96653
420    54222.415615
421    54330.40693
422    54399.28446
423    54423.1238125
424    54357.5489525
425    54193.6644175
426    54297.5285225
427    54014.6846075
428    54090.7170775
429    54218.3077025
430    54303.8428775
431    54403.6911525
432    54331.1422575
433    54117.6787275
434    54061.4865775
435    53612.5247125
436    53756.2814325
437    54054.1502525
438    53748.6361275
439    53526.2626475
440    53703.3286925
441    53628.9892275
442    53465.0232425
443    53502.584187
444    53775.261707
445    53593.117402
446    53359.352477
447    53300.947392
448    53437.345902
449    53672.350257
450    53560.500702
451    53316.935607
452    53317.1106235
453    53601.2092435
454    53421.6663485
455    53240.5701485
456    53151.4189385
457    53157.8745335
458    53066.5621185
459    53112.2157095
460    52895.7435445
461    53069.3486145
462    53271.3711145
463    53287.0176935
464    53050.3870035
465    53079.5164855
466    53043.344607
467    52972.616637
468    52986.3738415
469    53136.7275365
470    53125.468732
471    53236.502077
472    53448.232242
473    53306.074437
474    53123.665447
475    53242.773347
476    53247.5989371
477    53411.4734971
478    53260.6238571
479    53267.1898806
480    53541.1596056
481    53213.5874756
482    53347.4097056
483    53564.7755556
484    53481.3486406
485    53303.0726756
486    53242.9242656
487    53297.9030006
488    53342.7587316
489    53223.1820116
490    53288.6242616
491    53391.2429166
492    53538.5086866
493    53588.7944566
494    53735.0664566
495    53327.1215266
496    53466.6804916
497    53568.1069016
498    53364.8588766
499    53609.9168016
500    53466.9707716
501    53065.4670466
502    53235.0240066
503    53336.6578616
504    53331.8949573
505    53237.8612223
506    53102.8930773
507    53321.7861823
508    53622.4715573
509    53694.6379273
510    53677.8866683
511    53583.9438133
512    53546.5380918
513    53462.8392968
514    53339.9346068
515    53410.1797468
516    53431.7801208
517    53533.1636458
518    53331.3520858
519    53149.3554408
520    53106.4376908
521    53035.6985258
522    53019.9690103
523    53317.0143503
524    53034.8960003
525    52838.5264903
526    52981.7226503
527    53011.4935073
528    53228.6017223
529    52953.8394223
530    52903.1720673
531    53154.0024023
532    53109.0732808
533    53188.9930808
534    53179.2695478
535    53176.8545325
536    53157.956308
537    53032.195273
538    53280.521643
539    53139.262768
540    52931.123563
541    53273.942318
542    53550.649298
543    53206.159028
544    53253.7593505
545    53305.0000355
546    53407.0747305
547    53378.829677
548    53211.477642
549    53342.016282
550    53512.710397
551    53183.988212
552    53209.661287
553    53274.772152
554    53594.821672
555    53692.467772
556    53219.011377
557    53412.362032
558    53400.115678
559    53229.964263
560    53313.752838
561    53316.0943077
562    53342.3628132
563    53214.0110182
564    53079.9100282
565    52926.7885132
566    52709.0155982
567    52734.5612007
568    52955.5575007
569    52923.3703417
570    52796.3331167
571    52873.3970117
572    53307.2320217
573    53140.7747517
574    53209.3485617
575    53321.1744017
576    53101.7844717
577    53058.5716817
578    53041.0599042
579    52997.2562767
580    53051.9199067
581    53102.9603567
582    53123.0659657
583    53072.6159057
584    53148.0799507
585    53079.7274757
586    53074.7824159
587    53016.8937159
588    52928.0223959
589    52563.8950009
590    52715.2955509
591    53105.9327509
592    52835.9583259
593    52848.0771279
594    52991.3925929
595    52806.5939979
596    53085.4821779
597    53179.9675079
598    53169.9813864
599    52890.7716664
600    52832.2895914
601    52857.2303529
602    53056.9681279
603    52719.0832729
604    52840.8664879
605    52908.4306929
606    53124.9922729
607    52949.8135829
608    52783.0299929
609    52907.3001029
610    52860.9957599
611    53073.4751449
612    52989.7362349
613    53224.8600699
614    52957.3146749
615    53014.9505149
616    52900.3396299
617    52807.7601699
618    52712.7594799
619    52682.8180529
620    52672.2995939
621    52762.9863939
622    52745.7893839
623    52656.1449639
624    52682.9617499
625    52716.0960424
626    52668.0595674
627    52651.8977499
628    52858.0298099
629    52961.7888949
630    52887.0534849
631    53073.5806749
632    53000.1030149
633    52927.2814199
634    53057.6560749
635    52924.7252799
636    52949.2750474
637    52677.5538224
638    52669.8095884
639    52772.6799334
640    52710.5812484
641    52626.1826534
642    52672.0669924
643    52662.6995709
644    52690.2313804
645    52949.6406854
646    52962.9008289
647    53198.9112239
648    53266.0644889
649    53350.3575339
650    53443.9375539
651    53269.0937539
652    53229.6520129
653    53257.4880859
654    53046.0563359
655    53052.8166174
656    52930.5935424
657    53070.6758224
658    53080.8826609
659    53221.2488759
660    52991.9413209
661    52849.7326159
662    53166.2069209
663    53232.0835859
664    53127.7908559
665    53106.9355829
666    53035.4842429
667    52993.2823999
668    53046.3178249
669    53145.0328899
670    53092.7996499
671    53221.6252399
672    52116.3872899
673    49997.8664399
674    41818.8299399
675    32497.8279399
676    27332.4654399
677    24217.0786399
678    21927.4351399
679    20111.1738899
680    18606.9101899
681    17331.9697399
682    16239.5820399
683    15283.3517399
684    14436.1564899
685    13698.7688399
686    13027.4213399
687    12393.0384899
688    11792.4348899
689    11229.4613399
690    10700.5623399
691    10211.1550999
692    9754.44499489
693    9327.80120989
694    8927.25901989
695    8548.99759989
696    8182.91550989
697    7824.70056489
698    7475.96724989
699    7130.70803489
700    6786.93730989
701    6453.69098989
702    6137.47263989
703    5847.08755989
704    5569.28682489
705    5296.74764989
706    5025.95502989
707    4755.16519489
708    4484.37082989
709    4213.92519989
710    3948.32560989
711    3690.27340989
712    3441.94998989
713    3198.69770489
714    2961.40747489
715    2730.34099489
716    2503.86958989
717    2289.01808989
718    2084.05373989
719    1884.13051989
720    1708.92825489
721    1548.60114989
722    1402.59657989
723    1264.92898489
724    1129.53351489
725    998.346324891
726    881.933724891
727    766.846284891
728    655.126214891
729    551.813709891
730    450.263259891
731    348.718894891
732    247.171059891
733    147.700449891
734    56.6259898907
735    -31.3819051093
736    -114.490515109
737    -178.237920109
738    -230.230835109
739    -276.430305109
740    -314.395499109
741    -344.167835609
742    -370.856450109
743    -392.641312609
744    -412.950162609
745    -433.260268109
746    -453.567862109
747    -473.878842109
748    -494.187701109
749    -514.445886109
750    -530.587680609
751    -544.126929109
752    -557.667374609
753    -570.872551109
754    -579.234360609
755    -586.003850109
756    -592.774193609
757    -599.517048109
758    -602.324324259
759    -602.324324354
760    -602.324324272
761    -602.324324471
762    -602.324324599
763    -602.324324577
764    -602.324324726
765    -602.324324527
766    -602.324324484
767    -602.324324453
768    -602.324324434
769    -602.324324481
770    -602.324324339
771    -602.324324267
772    -602.324323809
773    -602.324323897
774    -602.324324037
775    -602.324324141
776    -602.324323962
777    -602.324324141
778    -602.32432426
779    -602.324324397
780    -602.324324247
781    -602.324324355
782    -602.324324394
783    -602.324324593
784    -602.324324565
785    -602.324324963
786    -602.324325131
787    -602.324324861
788    -602.324324781
789    -602.324324837
790    -602.324325097
791    -602.324325259
792    -602.324325348
793    -602.324325169
794    -602.324325154
795    -602.324324898
796    -602.324324721
797    -602.324324584
798    -602.324324421
799    -602.324324521
800    -602.32432429
801    -602.324324685
802    -602.324324448
803    -602.324324517
804    -602.324324461
805    -602.324324776
806    -602.324324735
807    -602.32432485
808    -602.324324726
809    -602.32432475
810    -602.324324735
811    -602.324324489
812    -602.32432442
813    -602.324324509
814    -602.324324262
815    -602.324324232
816    -602.324324192
817    -602.324324151
818    -602.324323829
819    -602.324323842
820    -602.324323723
821    -602.324323921
822    -602.324324074
823    -602.32432383
824    -602.324324067
825    -602.32432387
826    -602.324323769
827    -602.324323836
828    -602.324323865
829    -602.32432383
830    -602.324323793
831    -602.324323784
832    -602.324323946
833    -602.32432393
834    -602.324324115
835    -602.324323952
836    -602.324324011
837    -602.324323996
838    -602.324323857
839    -602.324323831
840    -602.324323717
841    -602.324323578
842    -602.324323334
843    -602.32432337
844    -602.324323379
845    -602.324323749
846    -602.324323858
847    -602.324324071
848    -602.324323941
849    -602.324323802
850    -602.32432387
851    -602.324323686
852    -602.324323787
853    -602.324323976
854    -602.324323952
855    -602.324323635
856    -602.324323552
857    -602.32432361
858    -602.324323857
859    -602.324323806
860    -602.324323637
861    -602.324323557
862    -602.324323623
863    -602.324323509
864    -602.324323198
865    -602.324323106
866    -602.324323
867    -602.324323022
868    -602.324323262
869    -602.324323181
870    -602.324322961
871    -602.324323028
872    -602.324323237
873    -602.324323304
874    -602.324323006
875    -602.324323128
876    -602.32432304
877    -602.324322855
878    -602.324322735
879    -602.324322931
880    -602.32432298
881    -602.324323035
882    -602.324322883
883    -602.324322762
884    -602.324322977
885    -602.324323155
886    -602.324323294
887    -602.324323407
888    -602.324323304
889    -602.324323158
890    -602.324322992
891    -602.324323329
892    -602.324323111
893    -602.324323022
894    -602.324322955
895    -602.324323034
896    -602.32432309
897    -602.324323324
898    -602.324323144
899    -602.324323301
900    -602.324323118
901    -602.324323018
902    -602.32432295
903    -602.324322969
904    -602.324323129
905    -602.324323068
906    -602.324322904
907    -602.324322984
908    -602.324323098
909    -602.32432311
910    -602.324322957
911    -602.324323416
912    -602.324323589
913    -602.324323501
914    -602.324323299
915    -602.324323299
916    -602.324323371
917    -602.324323513
918    -602.324323717
919    -602.324323807
920    -602.32432383
921    -602.324323977
922    -602.324324158
923    -602.324324233
924    -602.324324268
925    -602.324324342
926    -602.324324229
927    -602.32432421
928    -602.32432433
929    -602.324324227
930    -602.324324261
931    -602.324324137
932    -602.324323845
933    -602.324324045
934    -602.324323776
935    -602.324323473
936    -602.324323306
937    -602.324323619
938    -602.324323413
939    -602.324323709
940    -602.324323537
941    -602.324323318
942    -602.324323321
943    -602.32432344
944    -602.324323321
945    -602.324323494
946    -602.324323466
947    -602.324323633
948    -602.324323628
949    -602.324323566
950    -602.324323648
951    -602.324323682
952    -602.324324025
953    -602.324324068
954    -602.324324075
955    -602.324324171
956    -602.324324318
957    -602.32432413
958    -602.324324022
959    -602.324323772
960    -602.324323858
961    -602.324323809
962    -602.324323777
963    -602.324323955
964    -602.324323825
965    -602.324323495
966    -602.324323381
967    -602.324323466
968    -602.32432358
969    -602.32432415
970    -602.324324236
971    -602.324324487
972    -602.324324726
973    -602.324324551
974    -602.32432482
975    -602.324324539
976    -602.324324807
977    -602.324324687
978    -602.324324777
979    -602.324324911
980    -602.324325119
981    -602.324325563
982    -602.324325635
983    -602.324325631
984    -602.32432592
985    -602.324325965
986    -602.324326013
987    -602.324325985
988    -602.324326195
989    -602.324326161
990    -602.324325681
991    -602.324325848
992    -602.32432619
993    -602.324326285
994    -602.324326053
995    -602.324325989
996    -602.324326275
997    -602.32432632
998    -602.324326378
999    -602.324326178
1000    -602.324326194
1001    -602.324326406
1002    -602.324326802
1003    -602.32432696
1004    -602.324326916
1005    -602.324326847
1006    -602.324326602
1007    -602.324326626
1008    -602.324326624
1009    -602.324326564
1010    -602.324326504
1011    -602.324326661
1012    -602.324326195
1013    -602.324326151
1014    -602.324326192
1015    -602.324326601
1016    -602.324326558
1017    -602.324326297
1018    -602.324326408
1019    -602.324326146
1020    -602.324326175
1021    -602.324326411
1022    -602.324326476
1023    -602.324326384
1024    -602.3243266
