#x,Ay
1    -0
2    2.2557215e-08
3    1.19181165e-07
4    1.69574465e-07
5    4.83282565e-07
6    7.41187715e-07
7    6.18564815e-07
8    5.9079851e-07
9    3.1164711e-07
10    3.14879539e-07
11    2.74834669e-07
12    2.18720669e-07
13    6.3517719e-08
14    3.28082469e-07
15    3.78580419e-07
16    4.73460269e-07
17    4.68483729e-07
18    4.731812085e-07
19    5.766682585e-07
20    3.703976085e-07
21    4.851138585e-07
22    4.260930085e-07
23    6.75960585e-08
24    -4.48237415e-08
25    -2.19525815e-08
26    -5.686860815e-07
27    -4.792943815e-07
28    -4.357612765e-07
29    -4.708761215e-07
30    -1.902538715e-07
31    -4.30971215e-08
32    -2.56559715e-08
33    -1.386746215e-07
34    -3.601394215e-07
35    -6.983016715e-07
36    -7.980069215e-07
37    -1.0205094715e-06
38    -1.0081378915e-06
39    -9.017003915e-07
40    -1.0270440915e-06
41    -1.2046705415e-06
42    -1.0409795415e-06
43    -8.571730915e-07
44    -1.0653273915e-06
45    -1.0008067915e-06
46    -1.1274992915e-06
47    -1.3083290915e-06
48    -1.2902745965e-06
49    -1.4431927465e-06
50    -1.4224028965e-06
51    -1.3127329465e-06
52    -1.31062257e-06
53    -1.04296202e-06
54    -5.3370952e-07
55    -4.868287e-08
56    -2.5453492e-07
57    -5.2131472e-07
58    -5.3187243e-07
59    -2.9374263e-07
60    -4.8897303e-07
61    -5.7069063e-07
62    -6.5217568e-07
63    -6.503734235e-07
64    -6.46327076e-07
65    -5.43354526e-07
66    -4.75264276e-07
67    -5.71306876e-07
68    -7.00037076e-07
69    -5.55554626e-07
70    -7.00444076e-07
71    -7.30594001e-07
72    -5.68647151e-07
73    -7.14455151e-07
74    -7.19792141e-07
75    -9.85525441e-07
76    -8.44519591e-07
77    -9.50282691e-07
78    -1.156762641e-06
79    -1.270618441e-06
80    -1.256781796e-06
81    -1.576214396e-06
82    -1.397605446e-06
83    -1.268633996e-06
84    -1.2640295295e-06
85    -1.2650440245e-06
86    -9.691200745e-07
87    -6.310176245e-07
88    -6.133090445e-07
89    -4.506180445e-07
90    -6.449821945e-07
91    -9.455164445e-07
92    -1.1629377945e-06
93    -1.3724175945e-06
94    -1.5211556945e-06
95    -1.6460342945e-06
96    -1.6443832025e-06
97    -1.8116321525e-06
98    -1.6385069525e-06
99    -1.1885718525e-06
100    -1.3193136025e-06
101    -1.3066164525e-06
102    -7.836554525e-07
103    -8.820874525e-07
104    -1.1482161025e-06
105    -9.486893525e-07
106    -6.615296025e-07
107    -5.441739525e-07
108    -3.522457525e-07
109    -3.965462725e-07
110    -5.369475225e-07
111    -3.351534725e-07
112    -2.142746725e-07
113    -8.10243225e-08
114    -2.510638725e-07
115    -1.928351725e-07
116    -1.200009225e-07
117    8.27669275e-08
118    -3.82368225e-08
119    -4.22831715e-08
120    -2.0755115e-09
121    1.449300885e-07
122    1.343258685e-07
123    1.560459135e-07
124    4.170585135e-07
125    6.403720635e-07
126    8.038072635e-07
127    5.890718635e-07
128    4.812623135e-07
129    5.260976835e-07
130    3.918357335e-07
131    1.277767835e-07
132    -1.86016500001e-10
133    -2.002534165e-07
134    -2.819303165e-07
135    -6.127307665e-07
136    -4.450050665e-07
137    -5.574539665e-07
138    -1.982361165e-07
139    -3.369630165e-07
140    -7.646664665e-07
141    -7.164823865e-07
142    -4.147505365e-07
143    -1.470870365e-07
144    9.46007635e-08
145    1.219484835e-07
146    2.046195335e-07
147    2.771746835e-07
148    2.191189335e-07
149    4.96723835e-08
150    -1.741324165e-07
151    2.14177335e-08
152    3.038247835e-07
153    1.910851835e-07
154    3.069234835e-07
155    2.203223835e-07
156    2.395076485e-07
157    8.07699485e-08
158    2.645531485e-07
159    1.037341485e-07
160    1.924979485e-07
161    4.958808985e-07
162    6.644088985e-07
163    6.678041055e-07
164    6.067106555e-07
165    4.937850555e-07
166    4.520193205e-07
167    5.333183205e-07
168    6.088501205e-07
169    7.379887205e-07
170    7.512207355e-07
171    1.1232985855e-06
172    1.4434482855e-06
173    1.3437314355e-06
174    1.1072294855e-06
175    1.1911330355e-06
176    1.0136519355e-06
177    1.2895825355e-06
178    1.2532933155e-06
179    1.2737808505e-06
180    1.1862960505e-06
181    1.3381968005e-06
182    1.2238991505e-06
183    1.1645295005e-06
184    1.4301378505e-06
185    1.4386782055e-06
186    1.6325423555e-06
187    1.7888383055e-06
188    1.6866048555e-06
189    2.0747750055e-06
190    2.2120891555e-06
191    2.0303291055e-06
192    1.8625685055e-06
193    1.7459918555e-06
194    1.7213649505e-06
195    1.5759755505e-06
196    1.2842665505e-06
197    1.2540352305e-06
198    1.1497139305e-06
199    1.2644534305e-06
200    1.1181919805e-06
201    9.232697305e-07
202    9.124823755e-07
203    1.0018740755e-06
204    1.2507708755e-06
205    1.5542700755e-06
206    1.3794632755e-06
207    1.5152186255e-06
208    1.4992207255e-06
209    1.4571759355e-06
210    1.2951127855e-06
211    1.2263481355e-06
212    1.2446816855e-06
213    1.3477007355e-06
214    1.4911832355e-06
215    1.4773989105e-06
216    1.3520319605e-06
217    1.4806865605e-06
218    1.4544318205e-06
219    1.5053716205e-06
220    1.3657494205e-06
221    1.4150439205e-06
222    1.6268724705e-06
223    1.5735258205e-06
224    1.5148305705e-06
225    1.3358088205e-06
226    1.3443201055e-06
227    1.3169491255e-06
228    1.2082093755e-06
229    8.090396255e-07
230    8.793855755e-07
231    1.0269435255e-06
232    1.3287800255e-06
233    1.0213507255e-06
234    8.291841755e-07
235    7.287929255e-07
236    8.671361255e-07
237    1.1354681755e-06
238    1.0868073705e-06
239    1.0357280705e-06
240    1.0943070705e-06
241    9.067798705e-07
242    1.1071437705e-06
243    1.0615642305e-06
244    1.3463200305e-06
245    1.0049037305e-06
246    1.0132754905e-06
247    1.1085739405e-06
248    1.2330339405e-06
249    1.3835394405e-06
250    -0.000209451060559
251    0.000279366239441
252    0.00080450973944
253    0.00383533573944
254    -0.00253292926056
255    0.00357991073944
256    -0.00608307926056
257    0.000795800739441
258    0.00356189523944
259    -0.00110071726056
260    0.000356551739441
261    -0.00228409126056
262    0.00386684873944
263    -0.00201805126056
264    -0.00282856926056
265    3.21127958074
266    11.8345305807
267    39.2985610807
268    73.1518345807
269    107.008728081
270    140.786673581
271    178.556603581
272    229.467758581
273    284.137423581
274    345.755083581
275    418.797228581
276    493.343638581
277    567.562478581
278    645.386023581
279    730.911963581
280    833.958648581
281    944.172903581
282    1075.54582858
283    1217.77493358
284    1365.38545358
285    1524.86705358
286    1708.61183358
287    1915.38813358
288    2140.61134358
289    2374.55817358
290    2619.74555358
291    2870.10060858
292    3120.61145858
293    3371.12201858
294    3621.57951858
295    3872.05032858
296    4122.53477858
297    4373.02379358
298    4623.49787858
299    4873.96803358
300    5124.47677358
301    5374.94696858
302    5625.43473358
303    5875.91266858
304    6126.39402358
305    6376.87550358
306    6627.35657358
307    6877.83825858
308    7128.32108858
309    7378.80289358
310    7629.28586858
311    7879.76595358
312    8130.24778358
313    8380.73264358
314    8631.21303858
315    8881.69412858
316    9132.17652858
317    9382.65935858
318    9633.14483358
319    9883.62235858
320    10134.1035086
321    10384.5921986
322    10635.0719586
323    10885.5530286
324    11136.0268686
325    11386.5203086
326    11637.0008686
327    11887.5019486
328    12137.9458086
329    12388.4549786
330    12638.9231236
331    12889.4048486
332    13139.8907086
333    13390.4042986
334    13640.8635386
335    13895.3521336
336    14152.6194586
337    14409.8256486
338    14667.1111986
339    14924.7864236
340    15187.4689886
341    15451.4112136
342    15715.4914536
343    15979.4875636
344    16243.5962086
345    16507.7212386
346    16802.8940936
347    17302.7784936
348    18627.5323936
349    22599.9200436
350    32047.3015436
351    40952.4510436
352    28518.7330436
353    -1256.61245642
354    -25811.8059564
355    -39040.1989564
356    -42162.8818564
357    -40584.9786064
358    -40857.7132014
359    -43180.1730514
360    -46498.9190514
361    -48170.9413014
362    -48592.1920064
363    -48137.7436314
364    -47939.4547164
365    -47808.5825314
366    -47824.0661024
367    -48315.7396624
368    -48717.5881874
369    -49332.1491874
370    -49430.9298474
371    -49358.8554874
372    -49380.0986889
373    -49594.4108889
374    -49437.3686539
375    -49664.1382039
376    -49264.4850139
377    -49465.7050489
378    -49538.5577289
379    -49512.9995234
380    -49786.8232284
381    -49932.1759734
382    -49994.5506784
383    -50042.8471314
384    -50083.8273119
385    -50145.3746669
386    -50135.2161129
387    -50076.4970429
388    -50249.2351929
389    -50348.2675829
390    -50143.1985379
391    -50494.5011529
392    -50718.1311429
393    -50648.7525729
394    -50651.7696827
395    -50567.9522877
396    -50202.3646277
397    -50572.9816827
398    -50802.4172977
399    -50889.2777827
400    -50707.2379227
401    -50475.8746277
402    -50238.1109227
403    -50351.3213227
404    -50447.6597727
405    -50342.2841327
406    -50360.9586492
407    -50500.3427342
408    -50673.2670492
409    -50846.2181692
410    -50903.9749392
411    -50644.5780442
412    -50763.2900492
413    -50559.4734392
414    -50596.4057812
415    -50497.5637812
416    -50794.6003162
417    -50521.5140362
418    -50775.0290562
419    -50521.1573162
420    -50480.7583147
421    -50623.1758747
422    -50597.6565967
423    -50817.9809067
424    -50826.2901117
425    -50950.4099417
426    -50926.1834457
427    -50955.9890187
428    -50961.2547127
429    -50719.2635877
430    -50852.5074627
431    -50920.1324377
432    -50831.0185927
433    -50852.5090042
434    -51039.1010542
435    -51187.5757392
436    -51209.8680987
437    -51166.1013967
438    -51094.0034217
439    -51000.6752817
440    -51041.4430972
441    -51027.6833852
442    -50884.7368052
443    -50826.4197102
444    -50924.7190902
445    -50738.6855102
446    -50779.1583142
447    -50828.1231167
448    -50686.7664067
449    -50690.6102608
450    -50690.6596779
451    -50462.7342329
452    -50401.2111779
453    -50313.7860429
454    -50606.6545679
455    -50677.8776679
456    -50641.3822104
457    -50905.6480804
458    -50912.2959299
459    -50676.7176049
460    -50560.3890749
461    -50621.4359849
462    -50846.6288199
463    -50940.5130699
464    -50889.7210749
465    -51007.1739899
466    -50966.8853449
467    -50902.1502549
468    -50921.0823994
469    -50907.4922209
470    -50892.9397154
471    -50922.4799674
472    -50820.8805924
473    -51188.5516024
474    -50949.5633574
475    -51049.9330924
476    -50971.7568474
477    -51195.5717074
478    -51034.7076974
479    -51307.7340724
480    -51195.6458124
481    -51182.6963559
482    -51351.4076459
483    -51142.5558409
484    -51397.1136809
485    -51493.2252359
486    -51495.3174166
487    -51414.6110316
488    -51545.9796116
489    -51869.8423666
490    -51917.6567306
491    -51902.4595221
492    -51945.0232061
493    -52024.5364211
494    -51921.6336661
495    -52080.6071761
496    -52013.3357011
497    -51953.6567061
498    -51855.9804811
499    -51942.2555961
500    -52387.7520811
501    -52335.7655111
502    -52376.9701061
503    -52473.1554411
504    -52305.3503161
505    -52418.1124061
506    -52394.1300061
507    -52316.9733261
508    -52478.5665261
509    -52171.7920611
510    -52093.6020161
511    -51967.7603511
512    -52313.7771611
513    -52311.0772414
514    -52410.5551664
515    -52414.6395248
516    -52431.0432663
517    -52800.5428113
518    -52663.0641163
519    -52923.0063513
520    -52787.2219013
521    -52650.0867263
522    -52827.8937563
523    -52774.5019963
524    -52801.3448788
525    -52604.0300738
526    -52736.2824288
527    -52836.4288938
528    -52661.8440438
529    -52901.3609638
530    -53060.1195388
531    -52858.0954788
532    -52808.1625713
533    -52660.5538413
534    -52766.1695063
535    -53020.3241163
536    -53161.9158613
537    -53154.8335533
538    -53067.3943883
539    -52959.5167033
540    -52885.7286933
541    -52821.1736483
542    -52917.4185283
543    -52832.8536383
544    -52668.4107483
545    -52802.2350033
546    -52697.8652083
547    -53012.8827333
548    -52947.0497133
549    -53073.8692233
550    -52772.4328083
551    -52621.9745933
552    -52483.1251683
553    -52379.6570333
554    -52493.9407883
555    -52354.6407033
556    -52716.4221983
557    -52866.3310983
558    -52761.9154283
559    -52603.4571433
560    -52596.2345243
561    -52568.0929693
562    -52587.8617503
563    -52504.4786103
564    -52584.2546403
565    -52441.9900353
566    -52455.7347468
567    -52565.8817168
568    -52318.4571618
569    -52276.9095623
570    -52321.4144043
571    -52398.3062393
572    -52512.9535143
573    -52514.173708
574    -52438.799673
575    -52443.8707585
576    -52592.1161085
577    -52419.5766985
578    -52431.284902
579    -52395.2959895
580    -52314.9543295
581    -52321.0594605
582    -52418.4387455
583    -52206.5379805
584    -52380.1718055
585    -52570.6415805
586    -52274.1930905
587    -52423.5956955
588    -52252.9577805
589    -52260.0939545
590    -52334.0180545
591    -52384.0540695
592    -52344.367439
593    -52138.883774
594    -52051.645024
595    -52193.071649
596    -52272.929214
597    -52164.495599
598    -52094.655349
599    -52164.288819
600    -52301.221089
601    -52247.672514
602    -52506.459964
603    -52374.772744
604    -52426.185594
605    -52595.466259
606    -52494.222314
607    -52193.747269
608    -51912.987604
609    -51899.16466
610    -51907.54996
611    -52120.379655
612    -51726.14162
613    -51645.342665
614    -52003.71043
615    -52118.034325
616    -52115.6624573
617    -52062.4846273
618    -52040.0165648
619    -52172.4864598
620    -52212.5961223
621    -52183.7957308
622    -52306.8277758
623    -52226.8623808
624    -52151.6308008
625    -52176.7263503
626    -52199.9557313
627    -52060.4231463
628    -52152.0623813
629    -52162.3241568
630    -52439.3999818
631    -52283.5110868
632    -52251.0067413
633    -52552.8074563
634    -52680.0409613
635    -52540.9251763
636    -52544.0235504
637    -52463.2134554
638    -52403.1282704
639    -52591.4699054
640    -52502.1863304
641    -52761.4267354
642    -52631.8740054
643    -52710.5124254
644    -52673.3359184
645    -52803.1264634
646    -52446.2784784
647    -52280.5379534
648    -52125.1693084
649    -51891.9218734
650    -51812.4209534
651    -51922.8879734
652    -52105.4107934
653    -52170.2671184
654    -51857.6708634
655    -52191.9712084
656    -52019.6694434
657    -51959.2775534
658    -52089.4204684
659    -52006.9434134
660    -52026.8479354
661    -51805.9201604
662    -51652.3790604
663    -51714.6166704
664    -51599.4522354
665    -51462.7640754
666    -51217.3455204
667    -51343.8969904
668    -51469.9609654
669    -51456.6739154
670    -51412.0785464
671    -51475.2956414
672    -52474.5550414
673    -54978.8068414
674    -59837.7454914
675    -67682.0094914
676    -74836.0764914
677    -79075.3149414
678    -81842.9657414
679    -83924.1955914
680    -85588.4385414
681    -86968.2139914
682    -88202.9956914
683    -89322.6919914
684    -90321.1431914
685    -91220.8875914
686    -92050.0954914
687    -92812.5819414
688    -93511.4733414
689    -94174.5864914
690    -94792.5105914
691    -95382.0429414
692    -95931.7913914
693    -96430.0349764
694    -96881.8632214
695    -97299.2092914
696    -97698.3848064
697    -98085.8916764
698    -98462.2756964
699    -98827.4787814
700    -99183.0308714
701    -99532.6885714
702    -99863.5988014
703    -100178.927846
704    -100484.467801
705    -100780.745696
706    -101069.642946
707    -101348.452566
708    -101624.406026
709    -101894.869721
710    -102159.963476
711    -102423.981906
712    -102684.880846
713    -102935.323596
714    -103175.480041
715    -103412.145691
716    -103644.038151
717    -103874.211681
718    -104104.385766
719    -104333.893986
720    -104557.104726
721    -104774.259101
722    -104986.973391
723    -105180.608291
724    -105370.161831
725    -105554.309696
726    -105722.901641
727    -105879.600971
728    -106035.123971
729    -106182.771571
730    -106324.941406
731    -106463.774591
732    -106592.930881
733    -106713.284511
734    -106823.533616
735    -106925.797416
736    -107027.343471
737    -107128.891321
738    -107230.436986
739    -107331.984391
740    -107433.531676
741    -107535.077506
742    -107636.624461
743    -107738.171756
744    -107839.718456
745    -107941.265251
746    -108042.811061
747    -108144.358131
748    -108244.712631
749    -108340.046981
750    -108434.824356
751    -108529.528986
752    -108609.354181
753    -108670.320451
754    -108725.700201
755    -108779.858706
756    -108833.691306
757    -108878.159054
758    -108907.721287
759    -108934.162917
760    -108955.557728
761    -108975.867045
762    -108996.175555
763    -109016.485434
764    -109036.795114
765    -109057.104136
766    -109077.413905
767    -109097.722573
768    -109118.032402
769    -109138.342291
770    -109158.65057
771    -109178.960294
772    -109198.467851
773    -109212.898432
774    -109226.438075
775    -109239.551531
776    -109247.729928
777    -109254.499942
778    -109261.269604
779    -109268.03938
780    -109274.8088
781    -109281.579207
782    -109287.895614
783    -109289.256656
784    -109289.256656
785    -109289.256656
786    -109289.256655
787    -109289.256655
788    -109289.256655
789    -109289.256655
790    -109289.256655
791    -109289.256655
792    -109289.256655
793    -109289.256655
794    -109289.256656
795    -109289.256656
796    -109289.256655
797    -109289.256655
798    -109289.256655
799    -109289.256655
800    -109289.256655
801    -109289.256655
802    -109289.256655
803    -109289.256655
804    -109289.256655
805    -109289.256655
806    -109289.256655
807    -109289.256655
808    -109289.256654
809    -109289.256654
810    -109289.256655
811    -109289.256654
812    -109289.256654
813    -109289.256654
814    -109289.256654
815    -109289.256654
816    -109289.256654
817    -109289.256654
818    -109289.256654
819    -109289.256654
820    -109289.256654
821    -109289.256654
822    -109289.256654
823    -109289.256653
824    -109289.256653
825    -109289.256654
826    -109289.256654
827    -109289.256654
828    -109289.256654
829    -109289.256654
830    -109289.256654
831    -109289.256654
832    -109289.256654
833    -109289.256654
834    -109289.256655
835    -109289.256655
836    -109289.256655
837    -109289.256655
838    -109289.256655
839    -109289.256655
840    -109289.256655
841    -109289.256655
842    -109289.256655
843    -109289.256655
844    -109289.256655
845    -109289.256655
846    -109289.256655
847    -109289.256654
848    -109289.256655
849    -109289.256654
850    -109289.256655
851    -109289.256654
852    -109289.256654
853    -109289.256654
854    -109289.256655
855    -109289.256655
856    -109289.256655
857    -109289.256655
858    -109289.256655
859    -109289.256655
860    -109289.256655
861    -109289.256655
862    -109289.256655
863    -109289.256655
864    -109289.256655
865    -109289.256655
866    -109289.256655
867    -109289.256655
868    -109289.256655
869    -109289.256655
870    -109289.256655
871    -109289.256655
872    -109289.256654
873    -109289.256654
874    -109289.256654
875    -109289.256654
876    -109289.256654
877    -109289.256654
878    -109289.256655
879    -109289.256655
880    -109289.256655
881    -109289.256654
882    -109289.256654
883    -109289.256654
884    -109289.256654
885    -109289.256654
886    -109289.256654
887    -109289.256654
888    -109289.256654
889    -109289.256654
890    -109289.256654
891    -109289.256654
892    -109289.256654
893    -109289.256654
894    -109289.256654
895    -109289.256654
896    -109289.256654
897    -109289.256653
898    -109289.256653
899    -109289.256653
900    -109289.256654
901    -109289.256653
902    -109289.256654
903    -109289.256654
904    -109289.256654
905    -109289.256653
906    -109289.256653
907    -109289.256653
908    -109289.256653
909    -109289.256654
910    -109289.256654
911    -109289.256654
912    -109289.256654
913    -109289.256654
914    -109289.256653
915    -109289.256653
916    -109289.256653
917    -109289.256653
918    -109289.256653
919    -109289.256653
920    -109289.256654
921    -109289.256654
922    -109289.256654
923    -109289.256654
924    -109289.256654
925    -109289.256654
926    -109289.256654
927    -109289.256654
928    -109289.256654
929    -109289.256653
930    -109289.256653
931    -109289.256653
932    -109289.256654
933    -109289.256654
934    -109289.256654
935    -109289.256654
936    -109289.256654
937    -109289.256654
938    -109289.256655
939    -109289.256655
940    -109289.256654
941    -109289.256654
942    -109289.256655
943    -109289.256655
944    -109289.256655
945    -109289.256655
946    -109289.256655
947    -109289.256655
948    -109289.256654
949    -109289.256654
950    -109289.256654
951    -109289.256654
952    -109289.256654
953    -109289.256654
954    -109289.256654
955    -109289.256653
956    -109289.256653
957    -109289.256653
958    -109289.256653
959    -109289.256653
960    -109289.256654
961    -109289.256654
962    -109289.256654
963    -109289.256654
964    -109289.256654
965    -109289.256654
966    -109289.256654
967    -109289.256654
968    -109289.256654
969    -109289.256654
970    -109289.256654
971    -109289.256654
972    -109289.256654
973    -109289.256654
974    -109289.256654
975    -109289.256654
976    -109289.256654
977    -109289.256654
978    -109289.256654
979    -109289.256654
980    -109289.256654
981    -109289.256654
982    -109289.256654
983    -109289.256654
984    -109289.256654
985    -109289.256654
986    -109289.256654
987    -109289.256654
988    -109289.256654
989    -109289.256654
990    -109289.256654
991    -109289.256654
992    -109289.256654
993    -109289.256654
994    -109289.256654
995    -109289.256654
996    -109289.256654
997    -109289.256654
998    -109289.256654
999    -109289.256654
1000    -109289.256653
1001    -109289.256653
1002    -109289.256654
1003    -109289.256654
1004    -109289.256654
1005    -109289.256654
1006    -109289.256654
1007    -109289.256654
1008    -109289.256655
1009    -109289.256655
1010    -109289.256655
1011    -109289.256654
1012    -109289.256654
1013    -109289.256655
1014    -109289.256655
1015    -109289.256655
1016    -109289.256655
1017    -109289.256655
1018    -109289.256655
1019    -109289.256655
1020    -109289.256655
1021    -109289.256655
1022    -109289.256656
1023    -109289.256656
1024    -109289.256656
