#x,Ay
1    -0
2    1.965966e-07
3    1.5216818e-07
4    4.4171158e-07
5    3.5445933e-07
6    7.0844483e-07
7    2.5494013e-07
8    3.7081913e-07
9    2.3424333e-07
10    2.1431391e-07
11    1.66031e-07
12    1.56566265e-07
13    1.89681195e-07
14    -6.9238455e-08
15    8.118845e-09
16    1.52252495e-07
17    2.0467195e-08
18    -3.9762905e-08
19    1.3031445e-08
20    1.70722645e-07
21    2.70974345e-07
22    4.74640445e-07
23    3.80388495e-07
24    3.65447245e-07
25    2.53847145e-07
26    -1.55996555e-07
27    -2.51574055e-07
28    -3.74359705e-07
29    -2.65201355e-07
30    -5.05540355e-07
31    -4.8525194e-07
32    -3.3021179e-07
33    -3.15085955e-07
34    -5.01496955e-07
35    -5.06240949e-07
36    -6.01734149e-07
37    -5.12667999e-07
38    -3.77603749e-07
39    -2.28220299e-07
40    1.07585751e-07
41    3.45271151e-07
42    3.62498646e-07
43    2.94443296e-07
44    4.16973196e-07
45    2.92606196e-07
46    4.46227846e-07
47    5.84908246e-07
48    6.71050046e-07
49    7.07075461e-07
50    8.72324511e-07
51    8.77138263e-07
52    8.04629613e-07
53    7.44283263e-07
54    8.54976413e-07
55    6.78870263e-07
56    6.20500563e-07
57    5.89711118e-07
58    6.14128728e-07
59    5.85990348e-07
60    6.57894398e-07
61    5.04798898e-07
62    3.56456148e-07
63    1.72719498e-07
64    2.96063298e-07
65    3.46386798e-07
66    4.26290498e-07
67    6.23724298e-07
68    7.90880248e-07
69    5.97981148e-07
70    7.01697848e-07
71    6.08213298e-07
72    6.46627428e-07
73    3.35500628e-07
74    3.43032298e-07
75    1.27971298e-07
76    4.43725848e-07
77    4.82828898e-07
78    6.90581998e-07
79    6.27840398e-07
80    6.59246088e-07
81    5.55901488e-07
82    4.49772088e-07
83    1.85509638e-07
84    -1.1959062e-08
85    -3.44631512e-07
86    -3.44631511274e-07
87    -3.82095096274e-07
88    -1.81409627357e-09
89    -1.73715962736e-08
90    -3.93086646274e-07
91    -3.80289566274e-07
92    -4.31679916274e-07
93    -3.49729766274e-07
94    -2.18595566274e-07
95    -2.90653666274e-07
96    -3.27291701274e-07
97    -3.05420501274e-07
98    -2.66073281274e-07
99    -4.57786381274e-07
100    -4.37949976274e-07
101    -4.48042586274e-07
102    -3.34337936274e-07
103    -4.46286836274e-07
104    -2.08334336274e-07
105    -2.74645586274e-07
106    -3.73897336274e-07
107    -5.28681686274e-07
108    -2.76598986274e-07
109    -3.74711236274e-07
110    -3.09062736274e-07
111    -3.63438436274e-07
112    -4.60364686274e-07
113    -3.58554886274e-07
114    -4.43382836274e-07
115    -1.85339586274e-07
116    -3.16566786274e-07
117    -3.28519781274e-07
118    -2.65917681274e-07
119    -2.40058266274e-07
120    -5.68858766274e-07
121    -9.59287566274e-07
122    -8.03479966274e-07
123    -7.91811836274e-07
124    -9.69060386274e-07
125    -9.68920855584e-07
126    -1.10474090558e-06
127    -9.29957355584e-07
128    -1.09297395558e-06
129    -9.60432855584e-07
130    -7.35535055584e-07
131    -1.16452915558e-06
132    -1.04967335558e-06
133    -1.04574328058e-06
134    -1.38100863058e-06
135    -1.14755303058e-06
136    -1.17313338058e-06
137    -1.17593486408e-06
138    -1.03855676408e-06
139    -1.12794846408e-06
140    -1.05049811408e-06
141    -1.01436005408e-06
142    -1.11928020408e-06
143    -1.31575035408e-06
144    -1.03245960408e-06
145    -1.38480570408e-06
146    -1.33601699908e-06
147    -1.18305004908e-06
148    -1.12410479908e-06
149    -9.77261949084e-07
150    -1.28458804908e-06
151    -1.19012679908e-06
152    -1.02941244908e-06
153    -6.70171299084e-07
154    -7.42586949084e-07
155    -9.36020899084e-07
156    -9.89762899084e-07
157    -1.06396914908e-06
158    -1.30335469908e-06
159    -1.36981709908e-06
160    -1.57306459908e-06
161    -1.65836344908e-06
162    -1.83597244908e-06
163    -1.91968414908e-06
164    -1.78331764908e-06
165    -2.17176689908e-06
166    -2.54247264908e-06
167    -2.50752058908e-06
168    -2.33219053908e-06
169    -2.50416023908e-06
170    -2.45276698908e-06
171    -2.29144798908e-06
172    -2.92348048908e-06
173    -3.00822118908e-06
174    -2.96515317908e-06
175    -2.88605902908e-06
176    -3.12076307908e-06
177    -3.26524552908e-06
178    -3.14734337908e-06
179    -2.90781537908e-06
180    -3.13425377908e-06
181    -2.84233547908e-06
182    -2.95133102908e-06
183    -3.04006902908e-06
184    -3.24620012908e-06
185    -3.26658301908e-06
186    -2.73241901908e-06
187    -2.62253106908e-06
188    -2.61720571408e-06
189    -2.43646891408e-06
190    -1.94181471408e-06
191    -1.67232861408e-06
192    -1.90955146408e-06
193    -2.05911511408e-06
194    -2.18094731408e-06
195    -2.36784666408e-06
196    -2.23457306408e-06
197    -2.12874601408e-06
198    -2.12418806058e-06
199    -2.18483676058e-06
200    -2.25178751058e-06
201    -2.22276544058e-06
202    -2.31122594058e-06
203    -2.16974334058e-06
204    -2.28361079058e-06
205    -2.31021435558e-06
206    -2.48807335558e-06
207    -2.50663074058e-06
208    -2.35694789058e-06
209    -2.13667784058e-06
210    -2.26318429058e-06
211    -2.05709969058e-06
212    -2.21429674058e-06
213    -2.09963864058e-06
214    -2.54169324058e-06
215    -2.51474085558e-06
216    -2.59581895558e-06
217    -2.77892190558e-06
218    -2.88128980558e-06
219    -2.79313645558e-06
220    -2.62100395558e-06
221    -2.34199210558e-06
222    -2.26673935558e-06
223    -2.46519635558e-06
224    -2.50110186058e-06
225    -2.31827211058e-06
226    -2.25618161058e-06
227    -2.24583320058e-06
228    -1.82478065058e-06
229    -1.78819093558e-06
230    -1.45470458558e-06
231    -1.59479188558e-06
232    -1.54061098558e-06
233    -1.51213541058e-06
234    -1.73403331058e-06
235    -2.00630126058e-06
236    -1.99304599558e-06
237    -2.33502909558e-06
238    -2.41597924558e-06
239    -2.63398194558e-06
240    -2.44785004558e-06
241    -2.51137654558e-06
242    -2.62230224558e-06
243    -2.52851539558e-06
244    -2.69446354558e-06
245    -2.46231894558e-06
246    -2.27721024558e-06
247    -2.25664131558e-06
248    -2.33426606558e-06
249    -2.61007311558e-06
250    -2.88130331558e-06
251    -2.67132351558e-06
252    -2.57649016558e-06
253    -2.63913296558e-06
254    -2.78917336558e-06
255    -2.59124786558e-06
256    -2.56438850558e-06
257    -2.63941160558e-06
258    -2.51391675558e-06
259    -2.36309155558e-06
260    -2.24828230558e-06
261    -1.84525225558e-06
262    -2.14077505558e-06
263    -2.31165180558e-06
264    -2.51392260558e-06
265    -2.51531790058e-06
266    -3.19922040058e-06
267    -3.08857375058e-06
268    2.30576281143
269    8.97216781143
270    15.7413558114
271    22.5128093114
272    29.2816193114
273    36.0514568114
274    42.8208723114
275    49.5911323114
276    56.3610863114
277    63.1302743114
278    69.9002118114
279    79.8206318114
280    97.6712828114
281    127.536240311
282    161.383543811
283    195.974806311
284    235.636504811
285    276.255100811
286    316.873891311
287    357.492589311
288    399.176395811
289    450.615885811
290    507.611160811
291    568.513040811
292    629.444110811
293    690.370435811
294    751.753800811
295    818.094675811
296    887.723490811
297    963.023330811
298    1047.44996581
299    1138.49786081
300    1233.26868081
301    1329.84977081
302    1431.15004581
303    1537.76715581
304    1659.36665581
305    1793.96636581
306    1935.53544081
307    2088.02934581
308    2262.53303581
309    2446.40071581
310    2638.03732081
311    2841.60194581
312    3057.19429081
313    3274.68232581
314    3500.38220581
315    3735.51181581
316    3973.75006581
317    4216.96755581
318    4461.02622081
319    4713.71182081
320    4986.05764581
321    5269.49755081
322    5554.56792581
323    5850.26484081
324    6159.66586581
325    6476.03777081
326    6811.25039581
327    7171.90622581
328    7547.20751081
329    7932.52126081
330    8334.21233581
331    8758.17680081
332    9193.10617581
333    9635.14711081
334    10088.0044358
335    10570.7615358
336    11099.1400858
337    11655.9649358
338    12255.1762858
339    12917.1224358
340    13620.3137858
341    14363.3989858
342    15172.1118358
343    16060.5057858
344    17049.4316358
345    18197.5210358
346    19523.0225358
347    21137.3387358
348    23250.2996358
349    26115.7874858
350    30711.7006858
351    39973.4086858
352    49974.0916858
353    52152.5903858
354    52567.6476508
355    52453.5266508
356    52737.4795358
357    52909.7857008
358    53013.0028108
359    53120.1863058
360    53151.6453038
361    53511.8783888
362    53714.0133038
363    53710.2437659
364    53458.5101809
365    53578.3745209
366    53737.8591009
367    53400.0058859
368    53284.5137059
369    53275.1056399
370    52902.1851149
371    53103.7876549
372    53059.5976979
373    53251.9450579
374    53221.2986299
375    53762.4038799
376    53953.2949299
377    53873.3708399
378    53702.0027499
379    53776.4853849
380    53456.7141249
381    53739.2841799
382    53827.6145099
383    53925.1800499
384    53988.0068349
385    54064.7936699
386    54090.0036259
387    53916.9413409
388    54212.0395459
389    54198.3142774
390    54371.3404574
391    54183.8158924
392    54479.0556124
393    54397.5849474
394    54613.5564824
395    54487.8865524
396    54445.1635954
397    54648.2514454
398    54545.9637354
399    54650.7821754
400    54844.8465804
401    55035.4380704
402    54908.9907904
403    55093.4437254
404    55176.7983654
405    55029.7740404
406    55042.0423374
407    55021.6708714
408    55108.2882664
409    55007.7858214
410    55002.0625414
411    55040.2985069
412    55196.0783669
413    55211.3774044
414    55249.9761064
415    55147.0668714
416    55668.2050714
417    55413.4471214
418    55096.3038564
419    55322.0690064
420    55432.6738364
421    55314.4860614
422    55345.8211524
423    55370.9279324
424    55508.7969274
425    55441.2512474
426    55233.9866424
427    55363.8838174
428    55302.1968474
429    55379.2402424
430    55480.5925974
431    55687.9899724
432    55473.7877074
433    55469.6564876
434    55471.2353716
435    55357.0275466
436    55152.1714916
437    55234.4464116
438    55384.1141266
439    55259.7776716
440    55317.9201666
441    55298.9478771
442    55236.2466221
443    55159.5399921
444    55132.4443096
445    54978.5555196
446    55197.0970446
447    55178.0699161
448    55066.4738111
449    55024.8927731
450    54969.5854231
451    55271.2149031
452    55111.7301481
453    54985.7129931
454    55121.6617331
455    55051.0836281
456    54929.1575981
457    54834.8142031
458    54820.0679556
459    54958.7862456
460    55150.3348656
461    55052.9433806
462    55162.2331706
463    55134.3699411
464    55358.4010711
465    55506.3829061
466    55174.8177911
467    55182.3552681
468    55345.4035431
469    55262.0877331
470    55115.4320081
471    55591.4160031
472    55429.8865581
473    55408.4774046
474    55464.3950946
475    55403.8029296
476    55274.3799296
477    55228.3791616
478    55445.7219116
479    55434.5654331
480    55560.7847881
481    55883.9837631
482    55678.5776381
483    55541.7104731
484    55560.7385616
485    55445.2392466
486    55623.1383166
487    55699.1501916
488    55570.2364866
489    55659.3941066
490    55935.7396366
491    56033.3803716
492    56019.6003536
493    55992.2038196
494    56047.0528896
495    56113.3774246
496    56089.8435571
497    56253.4052321
498    56090.1621521
499    56015.0024971
500    55909.7773421
501    56181.2018521
502    56280.6874771
503    56003.5288721
504    56016.5284996
505    56046.5913476
506    56127.6906626
507    56346.1080626
508    56447.4033226
509    56517.4546176
510    56406.9712726
511    56315.9744776
512    56476.8762326
513    56240.7338226
514    56373.5624926
515    56387.3582981
516    56386.9851238
517    56371.7301988
518    56168.9375688
519    56393.1602088
520    56410.1359963
521    56159.9306063
522    56064.7849913
523    56170.8161663
524    56133.1365988
525    56216.4140788
526    56119.6389188
527    56107.5149148
528    56127.9417693
529    56421.9320443
530    56245.3041093
531    56454.1785643
532    56315.9597943
533    56319.2903568
534    56350.9195433
535    56429.0469483
536    56317.2128483
537    56182.2130083
538    56453.9435933
539    56363.7079633
540    56307.4260783
541    56305.9200142
542    56306.7781786
543    56444.1582736
544    56735.4252036
545    56674.4700436
546    56431.3145036
547    56282.6685736
548    56243.6770216
549    56333.8993866
550    56049.8704166
551    56185.9850116
552    56364.1301266
553    56400.7809066
554    56445.9958416
555    56324.3940516
556    56329.5848076
557    56297.5741656
558    56223.7789206
559    56097.7452056
560    56153.7795256
561    56330.3748606
562    56065.2330406
563    55801.2631656
564    55621.4282056
565    55445.4078706
566    55417.7437886
567    55265.8180986
568    55333.2576336
569    55372.3116751
570    55355.0609361
571    55390.9920951
572    55540.6368351
573    55429.5038051
574    55268.5443501
575    55562.7619151
576    55542.4603456
577    55287.0090656
578    55248.6294636
579    55307.8462336
580    55549.1144986
581    55302.6804836
582    55358.1694686
583    55453.4604286
584    55493.2703511
585    55259.3459061
586    55265.4247091
587    55096.6441141
588    55196.9561591
589    55240.2511251
590    54939.2591651
591    54935.3516758
592    54878.0630008
593    55195.2802608
594    55359.5869708
595    55361.4806122
596    55264.2300822
597    55199.1010522
598    55411.8504672
599    55597.2835572
600    55290.9226422
601    55079.9198222
602    55266.7900122
603    55240.3110337
604    55285.1027547
605    55191.9524047
606    55086.4545797
607    55207.0233297
608    55280.5357097
609    55082.4461247
610    55366.2358897
611    55218.2392897
612    55236.0742592
613    55354.1163792
614    55488.2832342
615    55392.1091942
616    55227.4115742
617    55103.6900492
618    54885.1063142
619    55161.0104592
620    55064.5217842
621    55077.6148312
622    55167.7451212
623    55262.5163612
624    55037.5149312
625    54944.9060912
626    55149.6636962
627    55036.6171462
628    55185.5483012
629    55115.9219862
630    55265.9251362
631    55256.3078007
632    55316.0155507
633    55323.4234292
634    55407.8478492
635    55451.1465732
636    55534.4302282
637    55562.7620322
638    55516.8133242
639    55436.2076892
640    55302.9595892
641    55344.7121037
642    55599.7369087
643    55564.0534782
644    55579.1562647
645    55461.4163647
646    55508.4681252
647    55852.9459052
648    55696.7337102
649    56039.9700102
650    55990.0750417
651    55800.9049067
652    55592.7469217
653    55299.3792567
654    55277.1919877
655    55350.1729777
656    55355.2659857
657    55346.7213407
658    55423.4355807
659    55597.9187107
660    55510.5795607
661    55562.1089307
662    55339.6949407
663    55276.2991357
664    55273.2669594
665    55313.1864139
666    55144.1423439
667    55077.2085739
668    55212.7518989
669    55500.6391139
670    55286.7761189
671    55335.7247934
672    54646.6741434
673    52028.9762434
674    41849.7237434
675    32604.5142434
676    28001.0758934
677    25033.7322934
678    22876.3707434
679    21198.4775934
680    19816.2147434
681    18639.1699934
682    17582.8135434
683    16630.2849934
684    15785.5728934
685    15017.5822434
686    14320.9221934
687    13682.1209934
688    13100.0780434
689    12560.4137934
690    12065.1092934
691    11612.6201184
692    11190.2017284
693    10785.7295934
694    10392.4728384
695    10011.5231284
696    9638.98095343
697    9278.66156843
698    8931.15061843
699    8597.04604343
700    8267.64260843
701    7948.24529343
702    7637.89667843
703    7347.34099843
704    7070.05766843
705    6798.09444843
706    6527.30182843
707    6256.51199343
708    5985.73628843
709    5720.13505843
710    5465.66159843
711    5219.27163343
712    4979.69614343
713    4747.55235343
714    4529.26025343
715    4327.03868343
716    4135.79674843
717    3961.67515343
718    3805.14655343
719    3660.17743843
720    3523.32610343
721    3390.90756343
722    3273.67672343
723    3158.59156343
724    3043.50636343
725    2932.49136843
726    2831.04387343
727    2735.77145843
728    2643.68294343
729    2558.02555343
730    2484.40512343
731    2431.39843343
732    2385.31776793
733    2349.03344643
734    2316.12933643
735    2288.45679643
736    2266.07372843
737    2245.76296643
738    2225.45454793
739    2205.14436193
740    2184.83521243
741    2165.99367793
742    2152.05915243
743    2138.51887343
744    2125.05610343
745    2115.84261593
746    2109.07361643
747    2102.30273243
748    2097.85389753
749    2097.75371561
750    2097.75371542
751    2097.75371523
752    2097.75371525
753    2097.75371516
754    2097.75371493
755    2097.7537151
756    2097.75371515
757    2097.75371518
758    2097.75371532
759    2097.75371553
760    2097.75371519
761    2097.75371512
762    2097.75371519
763    2097.75371535
764    2097.75371545
765    2097.75371576
766    2097.75371568
767    2097.75371565
768    2097.75371577
769    2097.7537159
770    2097.7537161
771    2097.75371571
772    2097.7537156
773    2097.75371592
774    2097.75371617
775    2097.75371566
776    2097.75371609
777    2097.75371611
778    2097.75371633
779    2097.7537161
780    2097.75371636
781    2097.75371652
782    2097.75371649
783    2097.7537165
784    2097.75371659
785    2097.75371661
786    2097.75371654
787    2097.75371606
788    2097.75371612
789    2097.75371611
790    2097.75371602
791    2097.75371603
792    2097.75371599
793    2097.75371566
794    2097.75371547
795    2097.75371556
796    2097.75371541
797    2097.75371544
798    2097.75371555
799    2097.75371514
800    2097.75371515
801    2097.75371514
802    2097.75371483
803    2097.75371496
804    2097.75371503
805    2097.75371495
806    2097.75371498
807    2097.75371523
808    2097.75371539
809    2097.75371543
810    2097.75371569
811    2097.75371558
812    2097.75371557
813    2097.75371577
814    2097.75371581
815    2097.75371568
816    2097.75371572
817    2097.75371573
818    2097.75371586
819    2097.75371566
820    2097.75371564
821    2097.75371593
822    2097.75371585
823    2097.75371589
824    2097.75371587
825    2097.75371551
826    2097.75371541
827    2097.75371577
828    2097.75371577
829    2097.75371591
830    2097.75371594
831    2097.75371596
832    2097.75371591
833    2097.75371597
834    2097.75371586
835    2097.75371582
836    2097.75371585
837    2097.75371602
838    2097.75371598
839    2097.75371593
840    2097.75371604
841    2097.75371599
842    2097.75371599
843    2097.75371612
844    2097.75371613
845    2097.75371631
846    2097.75371637
847    2097.75371649
848    2097.75371626
849    2097.7537162
850    2097.7537163
851    2097.75371614
852    2097.75371644
853    2097.75371628
854    2097.75371656
855    2097.75371675
856    2097.75371672
857    2097.7537168
858    2097.75371679
859    2097.75371656
860    2097.75371645
861    2097.7537162
862    2097.75371603
863    2097.75371581
864    2097.75371585
865    2097.75371599
866    2097.75371632
867    2097.75371602
868    2097.753716
869    2097.75371624
870    2097.75371616
871    2097.75371637
872    2097.7537163
873    2097.75371619
874    2097.75371605
875    2097.75371603
876    2097.7537158
877    2097.75371585
878    2097.75371569
879    2097.75371572
880    2097.75371542
881    2097.75371498
882    2097.75371509
883    2097.75371507
884    2097.75371483
885    2097.75371485
886    2097.75371495
887    2097.75371517
888    2097.75371531
889    2097.75371577
890    2097.75371591
891    2097.75371603
892    2097.75371579
893    2097.75371583
894    2097.75371593
895    2097.75371616
896    2097.75371619
897    2097.75371615
898    2097.75371607
899    2097.75371614
900    2097.75371617
901    2097.75371618
902    2097.75371646
903    2097.75371636
904    2097.75371668
905    2097.75371645
906    2097.75371661
907    2097.75371647
908    2097.75371661
909    2097.75371688
910    2097.75371675
911    2097.75371705
912    2097.75371704
913    2097.75371675
914    2097.75371691
915    2097.75371706
916    2097.75371735
917    2097.75371746
918    2097.75371727
919    2097.7537173
920    2097.75371721
921    2097.75371728
922    2097.75371734
923    2097.75371755
924    2097.7537176
925    2097.75371756
926    2097.75371753
927    2097.75371763
928    2097.75371727
929    2097.75371739
930    2097.75371748
931    2097.75371766
932    2097.75371763
933    2097.75371799
934    2097.75371805
935    2097.7537179
936    2097.75371766
937    2097.75371747
938    2097.75371737
939    2097.75371723
940    2097.75371727
941    2097.75371722
942    2097.753717
943    2097.75371647
944    2097.75371669
945    2097.75371676
946    2097.75371685
947    2097.75371672
948    2097.75371696
949    2097.75371669
950    2097.75371672
951    2097.75371675
952    2097.7537166
953    2097.75371655
954    2097.75371662
955    2097.75371648
956    2097.7537166
957    2097.75371639
958    2097.75371622
959    2097.75371637
960    2097.75371638
961    2097.75371623
962    2097.75371652
963    2097.75371665
964    2097.75371657
965    2097.75371646
966    2097.75371655
967    2097.75371667
968    2097.75371651
969    2097.75371634
970    2097.75371629
971    2097.7537162
972    2097.75371591
973    2097.75371562
974    2097.75371531
975    2097.75371512
976    2097.75371506
977    2097.75371513
978    2097.75371518
979    2097.75371523
980    2097.75371514
981    2097.75371517
982    2097.75371503
983    2097.7537151
984    2097.75371527
985    2097.75371508
986    2097.75371522
987    2097.75371537
988    2097.75371556
989    2097.75371565
990    2097.75371528
991    2097.75371566
992    2097.75371562
993    2097.75371545
994    2097.7537154
995    2097.75371548
996    2097.75371594
997    2097.75371586
998    2097.7537158
999    2097.75371587
1000    2097.75371583
1001    2097.75371557
1002    2097.75371576
1003    2097.75371571
1004    2097.75371545
1005    2097.75371535
1006    2097.75371525
1007    2097.75371557
1008    2097.7537155
1009    2097.75371574
1010    2097.75371579
1011    2097.75371584
1012    2097.75371576
1013    2097.75371565
1014    2097.75371542
1015    2097.75371549
1016    2097.75371533
1017    2097.75371508
1018    2097.75371478
1019    2097.75371481
1020    2097.75371496
1021    2097.75371533
1022    2097.75371539
1023    2097.75371563
1024    2097.75371573
