#x,Ay
1    -0
2    1.145767e-07
3    -2.060846e-07
4    -3.4128835e-07
5    -2.9954587e-07
6    -4.0811122e-07
7    -7.2553432e-07
8    -6.75768915e-07
9    -7.59125965e-07
10    -6.42433065e-07
11    -8.32128815e-07
12    -7.13529015e-07
13    -9.24008765e-07
14    -5.12211665e-07
15    -1.46831265e-07
16    -5.97510515e-07
17    -6.31067285e-07
18    -3.81984435e-07
19    -3.852168615e-07
20    -2.248716615e-07
21    -2.309411815e-07
22    -3.550640315e-07
23    -5.014766315e-07
24    -4.864082065e-07
25    -3.965746565e-07
26    -4.509445065e-07
27    -5.680792565e-07
28    -4.900359565e-07
29    -5.153837565e-07
30    -3.987257565e-07
31    -6.722727065e-07
32    -5.081486065e-07
33    -6.374340065e-07
34    -5.204155565e-07
35    -4.291518565e-07
36    -6.094235565e-07
37    -7.690740065e-07
38    -7.232851865e-07
39    -6.933794315e-07
40    -9.364392815e-07
41    -7.759807315e-07
42    -8.416466315e-07
43    -1.1809786815e-06
44    -1.2616846815e-06
45    -1.3444487315e-06
46    -1.4024448815e-06
47    -1.5922045815e-06
48    -1.5832282015e-06
49    -1.6117037815e-06
50    -1.2698689315e-06
51    -9.650441815e-07
52    -1.1494087315e-06
53    -1.1310664565e-06
54    -1.0780526565e-06
55    -1.0014046065e-06
56    -8.129472065e-07
57    -6.952311065e-07
58    -5.390049565e-07
59    -6.218853065e-07
60    -5.166803065e-07
61    -9.41394565e-08
62    -2.920848565e-07
63    -3.149211315e-07
64    -3.803835815e-07
65    -1.968096815e-07
66    -2.346453415e-07
67    -3.391991915e-07
68    -2.422961915e-07
69    -1.764035415e-07
70    -3.973479915e-07
71    -4.249050065e-07
72    1.338104935e-07
73    3.231864435e-07
74    2.006798435e-07
75    4.814590935e-07
76    4.80203333e-07
77    5.10254428e-07
78    3.56712728e-07
79    6.90396778e-07
80    7.88067228e-07
81    8.48962978e-07
82    8.27987088e-07
83    8.55892923e-07
84    8.90612433e-07
85    1.022653533e-06
86    1.183856233e-06
87    1.340919583e-06
88    1.324722568e-06
89    1.152590068e-06
90    1.176612343e-06
91    1.240249293e-06
92    1.628000893e-06
93    2.034670343e-06
94    1.949929643e-06
95    2.202936743e-06
96    2.132614043e-06
97    2.295095793e-06
98    2.154752693e-06
99    2.351099343e-06
100    2.090575093e-06
101    1.967638243e-06
102    1.918843723e-06
103    1.764254123e-06
104    1.632962973e-06
105    1.664915153e-06
106    1.668263852e-06
107    1.386374202e-06
108    1.190986852e-06
109    1.343678302e-06
110    1.332957807e-06
111    1.125059307e-06
112    7.97661357e-07
113    1.108578907e-06
114    8.23753357e-07
115    5.57171207e-07
116    5.73170552e-07
117    4.55884652e-07
118    4.524661865e-07
119    7.502301865e-07
120    6.100963865e-07
121    8.901314365e-07
122    1.0000339365e-06
123    9.391061865e-07
124    5.742082865e-07
125    7.061447365e-07
126    8.040477365e-07
127    1.0630138865e-06
128    8.146286865e-07
129    9.511754365e-07
130    9.723606165e-07
131    9.205255165e-07
132    9.835578165e-07
133    7.385678165e-07
134    8.107974165e-07
135    1.0645312665e-06
136    8.671905165e-07
137    7.345062665e-07
138    8.561175665e-07
139    9.452650665e-07
140    7.237508665e-07
141    7.429826365e-07
142    6.156389865e-07
143    6.464981965e-07
144    6.789852415e-07
145    5.447537915e-07
146    2.976882915e-07
147    1.309974415e-07
148    -7.06687585e-08
149    -1.731645585e-07
150    -6.61689585e-08
151    5.16866915e-08
152    -1.061731085e-07
153    1.865125915e-07
154    3.777896415e-07
155    5.194001415e-07
156    4.774948765e-07
157    4.411707815e-07
158    2.097267315e-07
159    1.472641815e-07
160    3.306985315e-07
161    4.434613815e-07
162    4.814133215e-07
163    1.659145715e-07
164    1.022892715e-07
165    -7.57594285e-08
166    -1.228737885e-07
167    -2.792976385e-07
168    -3.155287185e-07
169    -2.434851685e-07
170    -4.391050685e-07
171    -2.162595185e-07
172    2.09865815e-08
173    2.8942965e-09
174    3.28465565e-08
175    -1.004735935e-07
176    1.685154065e-07
177    2.314198065e-07
178    2.483493465e-07
179    4.313127965e-07
180    4.212608815e-07
181    5.431496315e-07
182    5.278246765e-07
183    6.664265765e-07
184    4.665682765e-07
185    4.487114465e-07
186    3.472330465e-07
187    5.339928465e-07
188    6.457789965e-07
189    2.553763465e-07
190    8.28949965e-08
191    -3.7061035e-09
192    1.75953565e-08
193    1.761237565e-07
194    -1.05430435e-08
195    -1.425841435e-07
196    -2.193716935e-07
197    3.78736065e-08
198    -8.83261935e-08
199    -1.5390435e-09
200    -1.700728435e-07
201    -2.879517435e-07
202    -2.440011435e-07
203    1.617380565e-07
204    2.718731065e-07
205    -2.415708935e-07
206    -2.150952235e-07
207    -7.21359735e-08
208    -2.455474735e-07
209    -1.417610235e-07
210    7.36139265e-08
211    1.013802315e-07
212    -1.29988185e-08
213    -2.541721185e-07
214    5.19548815e-08
215    1.143709315e-07
216    3.110140315e-07
217    1.564389815e-07
218    2.553797315e-07
219    1.590642815e-07
220    -1.278077185e-07
221    -5.014203685e-07
222    -6.982960185e-07
223    -6.346561685e-07
224    -6.283308485e-07
225    -6.340747935e-07
226    -7.763131435e-07
227    -5.798560435e-07
228    -5.880766385e-07
229    -6.190986285e-07
230    -3.823059785e-07
231    -3.542838635e-07
232    -3.214247385e-07
233    -3.111257435e-07
234    -4.818861935e-07
235    -5.859749435e-07
236    -5.188148935e-07
237    -7.133418435e-07
238    -3.983081935e-07
239    -6.475072935e-07
240    -6.434376945e-07
241    -5.740684445e-07
242    -5.278813845e-07
243    -3.265872845e-07
244    -2.000226845e-07
245    -2.282773395e-07
246    -1.069101895e-07
247    -5.64006395e-08
248    -8.65999845e-08
249    4.61387655e-08
250    2.163411155e-07
251    1.94691811634
252    8.51897711634
253    15.2888151163
254    22.0592841163
255    28.8281691163
256    35.5984756163
257    42.3684941163
258    49.1372466163
259    55.9083741163
260    62.6775521163
261    69.4468826163
262    76.2171976163
263    82.9871811163
264    91.1171761163
265    106.279292116
266    133.420954616
267    167.173389616
268    201.022398116
269    236.342201116
270    276.566434116
271    317.186842616
272    357.804903616
273    398.423404616
274    439.508432616
275    485.561716616
276    534.996852616
277    590.636642616
278    651.256137616
279    712.184292616
280    773.112422616
281    834.508657616
282    900.869817616
283    968.567062616
284    1036.26534762
285    1104.16837762
286    1176.76953762
287    1256.78876262
288    1347.39887762
289    1442.16502762
290    1536.94429762
291    1631.71873262
292    1727.74356262
293    1828.76393762
294    1930.34863762
295    2038.66858762
296    2161.62393262
297    2296.42397762
298    2432.92964762
299    2574.54544762
300    2729.12824262
301    2900.12068762
302    3076.01472262
303    3252.02942762
304    3431.05559262
305    3627.96911262
306    3837.40041762
307    4057.16718262
308    4287.37385262
309    4526.44883262
310    4775.82672762
311    5026.30681262
312    5276.78864262
313    5529.33790762
314    5791.51152262
315    6055.53200262
316    6319.55424262
317    6583.57564262
318    6847.59968762
319    7115.10844262
320    7390.76674262
321    7668.69955262
322    7956.44684762
323    8257.76191762
324    8563.93386262
325    8882.71079762
326    9219.67931762
327    9564.42915262
328    9920.23568762
329    10294.4004126
330    10685.9291076
331    11090.9026326
332    11515.8219176
333    11959.7047826
334    12425.8085276
335    12919.4871626
336    13426.8573126
337    13946.6676626
338    14492.0165626
339    15055.5965626
340    15635.8522126
341    16239.6261126
342    16907.5772626
343    17673.6306126
344    18570.9217626
345    19592.9323126
346    20831.9040126
347    22381.9962126
348    24411.4420126
349    27416.4763626
350    32889.1178626
351    42377.6308626
352    49739.7148626
353    52578.0361126
354    53933.7874626
355    53975.5618471
356    53800.6837021
357    53726.6298521
358    54077.6579921
359    54196.5318471
360    54030.8020221
361    53996.4293781
362    54261.2133331
363    54415.8312081
364    54477.5338281
365    54545.3414581
366    54626.7788431
367    54717.8160681
368    54798.5121481
369    54687.6619031
370    54728.6000586
371    54626.9220386
372    54770.7808286
373    54502.3945236
374    54271.2139886
375    54405.4664186
376    54422.6571681
377    54273.2071931
378    54475.0955531
379    54522.6907046
380    54609.2958946
381    54748.8864396
382    54779.8707726
383    54705.8306526
384    54594.0586976
385    54607.1134341
386    54742.3814891
387    54717.4182456
388    55009.2891106
389    54932.5578906
390    54958.2249601
391    54624.7445951
392    54500.8640951
393    54661.3210051
394    54949.6439351
395    54814.9128551
396    54664.1656451
397    54654.6932831
398    54730.3671131
399    54832.7782031
400    54662.3175131
401    54455.6919281
402    54365.6460181
403    54610.8091281
404    54435.9812581
405    54388.2073011
406    54384.566297
407    54499.632112
408    54552.740722
409    54694.211862
410    54702.1416775
411    54725.097996
412    54568.815886
413    54630.291426
414    54608.168756
415    54354.849056
416    54428.433576
417    54514.242876
418    54652.670626
419    54702.559138
420    54637.855598
421    54784.203068
422    54942.827568
423    54900.302653
424    54867.0074285
425    54898.1433005
426    55005.2983155
427    55020.7169805
428    55257.3256555
429    55180.9415155
430    55120.9173155
431    55041.5651105
432    55075.704336
433    55259.389621
434    55476.972666
435    55104.368926
436    55219.741216
437    55433.950586
438    55176.207861
439    55229.225191
440    55377.698331
441    55289.737261
442    55236.667586
443    55044.010156
444    55158.947366
445    54993.195406
446    55094.263726
447    54865.664511
448    54836.439802
449    54826.8949305
450    54839.06952
451    54510.48545
452    54858.11973
453    55035.43553
454    54975.03742
455    54721.808505
456    54542.818795
457    54821.000295
458    54852.8453205
459    54874.886744
460    54796.814659
461    54811.332222
462    54883.367022
463    54932.6083505
464    55022.8915955
465    55165.6618455
466    55229.0406955
467    55236.4629855
468    55072.5182005
469    55222.2219605
470    55128.4387155
471    54937.8958655
472    54971.674569
473    54799.522064
474    55032.025054
475    55047.948459
476    55236.274144
477    55125.251819
478    55023.160504
479    55073.325939
480    55159.210804
481    55059.868169
482    55109.1644095
483    55027.1742395
484    55094.7972645
485    55223.1307895
486    55427.3678545
487    55561.8840895
488    55787.9056895
489    55499.3765895
490    55637.4051345
491    55765.2467195
492    55844.8901245
493    55687.7408195
494    55844.7882795
495    55687.1403995
496    56028.5250645
497    55954.7535545
498    55927.2841045
499    55989.9550745
500    55823.9071245
501    56175.0370945
502    56257.6817245
503    56154.5299845
504    56306.2141095
505    56362.3034445
506    56023.0768795
507    56172.1259895
508    56055.4086795
509    55854.5786245
510    55750.0980395
511    55801.7566245
512    56005.6245995
513    56254.4170095
514    56240.9663715
515    56206.3575985
516    56061.8138135
517    56192.9135035
518    56509.1860635
519    56598.9702835
520    56627.1939355
521    56649.1343005
522    56567.0405205
523    56622.0425105
524    56553.6611605
525    56562.9030835
526    56435.6172835
527    56446.0085765
528    56368.1364515
529    56508.8525965
530    56498.445862
531    56627.820817
532    56620.964906
533    56768.727391
534    56661.006811
535    56642.88106
536    56462.400835
537    56455.226355
538    56592.613435
539    56507.432145
540    56444.3358
541    56718.3419
542    56785.05345
543    56382.692105
544    56314.256025
545    56683.85998
546    56502.567295
547    56315.84102
548    56310.832719
549    56060.577419
550    56411.380324
551    56434.72074
552    56265.45186
553    56246.6151035
554    56255.957511
555    56044.121401
556    56122.594151
557    56318.579376
558    56200.915296
559    56133.594256
560    56029.112946
561    56023.5303475
562    55764.9205175
563    55951.0573825
564    55991.400968
565    55915.510388
566    55636.277898
567    55746.845803
568    55805.214623
569    55846.771195
570    55693.15004
571    55836.406505
572    55869.2005735
573    56023.5022085
574    55712.7635935
575    55941.5958085
576    55882.0643385
577    55919.839243
578    55764.022183
579    55848.394903
580    55649.383923
581    55790.202888
582    55823.168274
583    55889.871729
584    55764.422759
585    55899.493214
586    55822.630884
587    55828.247305
588    55726.97389
589    55887.993845
590    55665.761595
591    55499.70281
592    55523.241488
593    55577.564863
594    55739.378758
595    55807.698308
596    55607.998218
597    55483.093133
598    55700.642403
599    55888.938863
600    56105.191688
601    56139.5368145
602    55910.1949945
603    55988.6106995
604    55994.474643
605    56135.827718
606    55897.259333
607    55906.507708
608    55835.828288
609    56148.507508
610    55944.847628
611    55863.942873
612    55840.026073
613    55665.909948
614    55864.467008
615    55945.737868
616    56140.861458
617    56335.372368
618    56290.438142
619    56253.905219
620    56276.069095
621    56366.402975
622    56069.12621
623    56216.60315
624    56073.327835
625    56226.830075
626    56247.8167705
627    56071.4350655
628    56182.1131005
629    56123.0572555
630    56100.2966205
631    56174.9832755
632    56245.9648355
633    56146.2411805
634    56558.0177105
635    56588.210737
636    56715.272272
637    56731.420317
638    56678.960082
639    56584.965892
640    56399.617447
641    56618.334897
642    56800.328982
643    56747.639922
644    56811.009712
645    56587.934097
646    56469.387827
647    56360.379002
648    56346.942468
649    56351.7123665
650    56113.5841965
651    55642.2851265
652    55606.5785615
653    55774.8780915
654    55695.6213215
655    55916.9525515
656    55828.2683465
657    55814.133953
658    55886.374793
659    55846.1636185
660    55642.7423335
661    55669.3222655
662    55496.3196955
663    55392.9275105
664    55369.673049
665    55363.4429875
666    55297.4171125
667    55036.5200975
668    55162.0967175
669    55335.4817925
670    55502.2672975
671    55422.6936575
672    54262.4401575
673    51827.6732075
674    44713.9247075
675    35465.5552075
676    29807.7322075
677    26414.6539575
678    23970.4760575
679    22100.0280075
680    20486.9065575
681    19098.7674075
682    17900.6777575
683    16858.4735575
684    15956.3010575
685    15159.0460575
686    14428.7306575
687    13759.6654575
688    13145.5252075
689    12573.1418575
690    12036.1933075
691    11533.4685575
692    11062.4280675
693    10634.2843275
694    10228.2851225
695    9842.28828252
696    9469.09738252
697    9102.63584252
698    8737.21566752
699    8380.82295252
700    8035.81208252
701    7705.80211252
702    7390.49772752
703    7092.69522252
704    6803.98591752
705    6526.89278752
706    6256.10016752
707    5985.31033252
708    5714.51596752
709    5444.03707752
710    5181.19552752
711    4923.92216252
712    4669.23415252
713    4419.55428252
714    4176.69799752
715    3941.36741752
716    3710.98593252
717    3481.25994752
718    3260.23892752
719    3048.06950752
720    2844.67640252
721    2648.59615252
722    2473.36333252
723    2306.38314252
724    2155.48638752
725    2017.23370252
726    1881.83874252
727    1747.11952252
728    1623.40969252
729    1509.10186252
730    1400.22605752
731    1297.03741252
732    1195.48957752
733    1093.94376752
734    992.396697516
735    890.849302516
736    789.303247516
737    687.755397516
738    588.630917516
739    498.544897516
740    410.537257516
741    329.857562516
742    270.454197516
743    216.872672516
744    168.766627016
745    128.255674016
746    99.0579445163
747    72.1512695163
748    49.8191530163
749    29.5096465163
750    9.20069151634
751    -11.1081929837
752    -31.4190204837
753    -51.7276349837
754    -72.0365384837
755    -92.3461194837
756    -111.504210984
757    -125.631660484
758    -139.170687484
759    -152.710006484
760    -164.402213984
761    -171.401788484
762    -178.171374484
763    -184.941135984
764    -191.711581484
765    -196.248353334
766    -196.367563864
767    -196.367563743
768    -196.367563986
769    -196.367564207
770    -196.367564257
771    -196.367564228
772    -196.367563958
773    -196.367564054
774    -196.367564052
775    -196.367564184
776    -196.367564473
777    -196.367564637
778    -196.367564507
779    -196.367564883
780    -196.367564697
781    -196.36756456
782    -196.367564667
783    -196.367564436
784    -196.367564274
785    -196.367564368
786    -196.367564665
787    -196.36756462
788    -196.367564707
789    -196.36756451
790    -196.367564428
791    -196.367564316
792    -196.367564141
793    -196.3675643
794    -196.367564256
795    -196.367564318
796    -196.367564603
797    -196.367564371
798    -196.367564348
799    -196.367564443
800    -196.367564254
801    -196.367564062
802    -196.367564048
803    -196.367564091
804    -196.367564006
805    -196.367564049
806    -196.367564284
807    -196.367564615
808    -196.367564715
809    -196.367564865
810    -196.367565077
811    -196.367564899
812    -196.367564824
813    -196.367564854
814    -196.367564783
815    -196.367564653
816    -196.367564741
817    -196.36756453
818    -196.367564522
819    -196.367564386
820    -196.36756448
821    -196.367564527
822    -196.367564773
823    -196.367564619
824    -196.367564687
825    -196.367564665
826    -196.367564506
827    -196.367564438
828    -196.367564434
829    -196.367564535
830    -196.367564679
831    -196.367564245
832    -196.367564348
833    -196.367564167
834    -196.367563959
835    -196.367563935
836    -196.367563846
837    -196.367563692
838    -196.367563751
839    -196.367563758
840    -196.367563911
841    -196.367563904
842    -196.367563871
843    -196.367563959
844    -196.367564101
845    -196.367564195
846    -196.367564122
847    -196.367564295
848    -196.367564152
849    -196.367564426
850    -196.367564535
851    -196.367564627
852    -196.36756462
853    -196.367564539
854    -196.367564611
855    -196.367564856
856    -196.367564769
857    -196.367564469
858    -196.367564375
859    -196.367564321
860    -196.367564691
861    -196.367564683
862    -196.367564835
863    -196.367564863
864    -196.367565002
865    -196.367564976
866    -196.367565175
867    -196.367565267
868    -196.367565253
869    -196.367565212
870    -196.367565207
871    -196.36756534
872    -196.367565124
873    -196.367565099
874    -196.367564997
875    -196.367565479
876    -196.367565615
877    -196.367566082
878    -196.367566346
879    -196.367566628
880    -196.367566536
881    -196.367566782
882    -196.367566758
883    -196.367566983
884    -196.367566783
885    -196.367566625
886    -196.36756668
887    -196.367566859
888    -196.367566616
889    -196.367566461
890    -196.367566546
891    -196.367566824
892    -196.367567127
893    -196.36756696
894    -196.367567073
895    -196.367566803
896    -196.367567109
897    -196.367567301
898    -196.367567477
899    -196.36756741
900    -196.367567327
901    -196.367567197
902    -196.367567398
903    -196.367567528
904    -196.367567518
905    -196.367567508
906    -196.367567696
907    -196.367568017
908    -196.367567974
909    -196.367567983
910    -196.367568009
911    -196.367568042
912    -196.36756789
913    -196.367568129
914    -196.367567732
915    -196.367567914
916    -196.367568053
917    -196.367568012
918    -196.367568209
919    -196.367568379
920    -196.367568405
921    -196.367568522
922    -196.367568379
923    -196.367568352
924    -196.367568078
925    -196.367568156
926    -196.367567975
927    -196.367567817
928    -196.367567957
929    -196.367568055
930    -196.367568495
931    -196.367568505
932    -196.367568484
933    -196.367568223
934    -196.367568334
935    -196.367568564
936    -196.367569062
937    -196.36756904
938    -196.367568694
939    -196.367569039
940    -196.367569187
941    -196.3675693
942    -196.367569234
943    -196.367569255
944    -196.367569235
945    -196.367568964
946    -196.367568962
947    -196.367569061
948    -196.367569376
949    -196.367569043
950    -196.367568876
951    -196.367568966
952    -196.36756902
953    -196.367569212
954    -196.367569206
955    -196.367569464
956    -196.367569276
957    -196.367568812
958    -196.36756874
959    -196.367568613
960    -196.367568756
961    -196.367568504
962    -196.367568666
963    -196.367568683
964    -196.36756886
965    -196.367568956
966    -196.367568554
967    -196.367568794
968    -196.367568812
969    -196.367569018
970    -196.367568954
971    -196.367569127
972    -196.367569329
973    -196.367569417
974    -196.36756956
975    -196.367569398
976    -196.367569367
977    -196.3675695
978    -196.367569635
979    -196.367569381
980    -196.367569372
981    -196.367569179
982    -196.367569208
983    -196.367569396
984    -196.367569272
985    -196.36756954
986    -196.367569159
987    -196.367569219
988    -196.367569241
989    -196.367569191
990    -196.367569317
991    -196.367569447
992    -196.367569538
993    -196.367569467
994    -196.367569575
995    -196.367569677
996    -196.367569781
997    -196.367569626
998    -196.367569777
999    -196.367569806
1000    -196.367569603
1001    -196.367569944
1002    -196.367570202
1003    -196.367570244
1004    -196.367570138
1005    -196.367569956
1006    -196.367569953
1007    -196.367569966
1008    -196.367569965
1009    -196.367570109
1010    -196.367570273
1011    -196.367570539
1012    -196.367570571
1013    -196.367571119
1014    -196.367571034
1015    -196.36757097
1016    -196.367570833
1017    -196.367570928
1018    -196.36757124
1019    -196.367571062
1020    -196.367571308
1021    -196.367571588
1022    -196.367571631
1023    -196.367571413
1024    -196.367571426
