#x,Ay
1    -0
2    2.364322e-07
3    2.51850175e-07
4    5.17932325e-07
5    4.13843575e-07
6    2.61012625e-07
7    1.50993875e-07
8    3.1556875e-08
9    -2.6042525e-08
10    2.17598675e-07
11    3.63582175e-07
12    3.52396585e-07
13    4.57276035e-07
14    2.90910735e-07
15    1.96914585e-07
16    3.81883785e-07
17    6.07316435e-07
18    7.70774885e-07
19    7.96448255e-07
20    9.74813055e-07
21    9.9067287e-07
22    1.16258447e-06
23    1.11987691e-06
24    1.34712341e-06
25    1.25233656e-06
26    1.18447886e-06
27    1.05081571e-06
28    1.21412296e-06
29    1.23136499e-06
30    1.32301239e-06
31    1.23012084e-06
32    1.15986789e-06
33    1.166155425e-06
34    1.258488875e-06
35    1.328323225e-06
36    1.239884975e-06
37    1.212211685e-06
38    1.452480935e-06
39    1.653298335e-06
40    1.656333094e-06
41    1.738445994e-06
42    1.893788494e-06
43    2.010202344e-06
44    2.075763644e-06
45    2.149388544e-06
46    2.074275344e-06
47    2.245559044e-06
48    2.155981294e-06
49    2.072868394e-06
50    2.235466394e-06
51    2.159888094e-06
52    2.046131094e-06
53    1.920973444e-06
54    2.084129594e-06
55    2.231867744e-06
56    2.316817744e-06
57    2.361903114e-06
58    2.335270479e-06
59    2.324922064e-06
60    2.407686114e-06
61    2.586260214e-06
62    2.685279414e-06
63    2.784903264e-06
64    2.709511014e-06
65    2.808487114e-06
66    2.584263714e-06
67    2.241091714e-06
68    2.388812414e-06
69    2.230170664e-06
70    1.910456964e-06
71    1.920037969e-06
72    1.555104819e-06
73    1.754794319e-06
74    1.886370319e-06
75    1.713290169e-06
76    1.601736619e-06
77    1.550075919e-06
78    1.373472319e-06
79    1.527210219e-06
80    1.688767569e-06
81    1.660036189e-06
82    1.858751889e-06
83    1.780220239e-06
84    1.616116489e-06
85    1.505411689e-06
86    1.607965639e-06
87    1.472389789e-06
88    1.618798789e-06
89    1.441108389e-06
90    1.387215239e-06
91    1.652878789e-06
92    1.641483904e-06
93    1.466014354e-06
94    1.499175794e-06
95    1.518384314e-06
96    1.873968614e-06
97    1.758903564e-06
98    1.726090949e-06
99    1.820148149e-06
100    1.534857499e-06
101    1.435466199e-06
102    1.344737349e-06
103    1.818729599e-06
104    1.963156849e-06
105    1.801209999e-06
106    1.824476484e-06
107    1.720410984e-06
108    1.589177984e-06
109    1.439160834e-06
110    1.728869934e-06
111    1.711829934e-06
112    1.696624159e-06
113    1.635998709e-06
114    1.859989559e-06
115    2.096817109e-06
116    2.024747409e-06
117    2.008643414e-06
118    2.066841614e-06
119    2.151367214e-06
120    1.586274214e-06
121    1.242125514e-06
122    1.446582264e-06
123    1.607796614e-06
124    1.572728279e-06
125    1.533985684e-06
126    1.594994834e-06
127    1.686991084e-06
128    1.432164284e-06
129    1.509486684e-06
130    1.267403534e-06
131    1.393456534e-06
132    1.619679834e-06
133    2.104450734e-06
134    2.033395484e-06
135    2.142088734e-06
136    2.078991034e-06
137    1.966228184e-06
138    2.431650984e-06
139    2.589946834e-06
140    2.239705334e-06
141    2.309795484e-06
142    2.485689434e-06
143    2.666772134e-06
144    2.917761884e-06
145    2.757954484e-06
146    2.778744329e-06
147    2.863682729e-06
148    2.554741879e-06
149    2.664086229e-06
150    2.637366394e-06
151    2.615506819e-06
152    3.083569069e-06
153    3.342302669e-06
154    3.077476269e-06
155    2.811022069e-06
156    2.648005469e-06
157    2.738350619e-06
158    2.702654409e-06
159    2.549265359e-06
160    2.500848734e-06
161    2.448571784e-06
162    2.621215884e-06
163    2.549218834e-06
164    2.587252159e-06
165    2.161098059e-06
166    1.864982259e-06
167    1.853831554e-06
168    2.076848604e-06
169    2.029652854e-06
170    1.670737304e-06
171    1.832881854e-06
172    2.251190354e-06
173    2.409230404e-06
174    2.430438839e-06
175    2.652615789e-06
176    2.536039139e-06
177    2.130148389e-06
178    2.098905474e-06
179    1.822660924e-06
180    1.779895219e-06
181    1.949934769e-06
182    2.231783719e-06
183    1.961283519e-06
184    1.911285559e-06
185    2.031199259e-06
186    2.253748309e-06
187    2.308445209e-06
188    2.129754809e-06
189    2.248773209e-06
190    2.364396409e-06
191    2.226274159e-06
192    2.211205009e-06
193    2.556615309e-06
194    2.490687759e-06
195    2.514686779e-06
196    2.575655229e-06
197    2.817499979e-06
198    2.997576929e-06
199    3.088433679e-06
200    3.318749829e-06
201    3.397019879e-06
202    3.458587129e-06
203    3.732017829e-06
204    3.570117479e-06
205    3.524910024e-06
206    3.369009424e-06
207    3.273455174e-06
208    3.006210274e-06
209    3.341950874e-06
210    3.130837424e-06
211    3.366060374e-06
212    3.496165524e-06
213    3.295202824e-06
214    3.312548039e-06
215    3.240132389e-06
216    3.274758879e-06
217    3.266683629e-06
218    3.236870889e-06
219    3.076970439e-06
220    2.808109339e-06
221    3.163908739e-06
222    3.096004539e-06
223    3.321995289e-06
224    3.496473639e-06
225    3.351677239e-06
226    3.230519389e-06
227    3.349188939e-06
228    3.084734639e-06
229    3.045997844e-06
230    3.112413744e-06
231    3.100902589e-06
232    3.085531114e-06
233    2.871818914e-06
234    2.686512514e-06
235    2.873305764e-06
236    2.731055764e-06
237    2.496902564e-06
238    2.503286029e-06
239    2.460543589e-06
240    2.341664739e-06
241    2.312433374e-06
242    2.080001024e-06
243    2.021701074e-06
244    2.291131924e-06
245    2.340827569e-06
246    2.565888169e-06
247    2.679557969e-06
248    2.914955319e-06
249    2.553179419e-06
250    2.604543619e-06
251    2.422876619e-06
252    2.262022719e-06
253    2.369878769e-06
254    2.302346669e-06
255    2.266984739e-06
256    2.243171759e-06
257    2.026692259e-06
258    1.587221859e-06
259    1.897866159e-06
260    2.285280559e-06
261    2.224469109e-06
262    2.084521359e-06
263    1.996641209e-06
264    1.785580059e-06
265    1.954044109e-06
266    2.418315859e-06
267    0.874618568316
268    6.82620856832
269    13.5958230683
270    20.3650110683
271    27.1364650683
272    33.9052750683
273    40.6751125683
274    47.4445280683
275    54.2147880683
276    60.9847415683
277    67.7539295683
278    75.5011345683
279    89.5677805683
280    113.392046568
281    146.830636068
282    180.677939568
283    217.921093568
284    258.540073568
285    299.158669568
286    339.777460068
287    380.396158068
288    425.728039068
289    479.993364068
290    539.367869068
291    600.294064068
292    661.225134068
293    722.151459068
294    785.218174068
295    852.793789068
296    924.382319068
297    1001.99031407
298    1088.96415407
299    1182.16959907
300    1276.94941907
301    1375.09234407
302    1476.70776407
303    1586.64597907
304    1712.27899407
305    1848.30267907
306    1991.37790407
307    2148.21182907
308    2325.86659407
309    2510.51664907
310    2704.05727907
311    2909.88850907
312    3125.99828407
313    3343.76337407
314    3571.00267407
315    3806.55300407
316    4046.13959407
317    4289.80440907
318    4533.74099407
319    4790.67488407
320    5066.31745907
321    5350.10760907
322    5635.51643907
323    5932.07986407
324    6241.63854407
325    6558.36884907
326    6896.96149407
327    7258.02905407
328    7634.02518407
329    8022.14948907
330    8426.93668907
331    8850.80043407
332    9286.27162907
333    9730.37170407
334    10183.5231591
335    10664.7765741
336    11192.6127741
337    11747.9170241
338    12343.8985241
339    13004.5754741
340    13711.8767741
341    14460.2158241
342    15266.9461241
343    16149.5805241
344    17139.8637241
345    18291.2359741
346    19616.4571241
347    21238.1311741
348    23339.3976741
349    26211.6803241
350    30862.3039741
351    40202.9619741
352    50076.5999741
353    52523.3788241
354    53085.6880241
355    52945.3351741
356    52737.7792841
357    52732.0127861
358    52562.6998861
359    52645.9407061
360    52307.2238511
361    52272.5962721
362    51866.9612821
363    51734.8795771
364    52033.0742121
365    51989.5010666
366    51714.6557166
367    51595.8943866
368    51960.6135716
369    51909.2802616
370    52047.2593666
371    52278.2710416
372    52100.6452166
373    52410.2182366
374    52299.7202816
375    51977.3664116
376    51848.1796966
377    51714.7638816
378    51739.5279621
379    51852.4252421
380    51731.0187771
381    52075.8938671
382    52044.6228606
383    51693.9424706
384    51587.8347606
385    51487.1498806
386    51455.7507536
387    51733.0268336
388    51637.6350886
389    51478.5078136
390    51338.9542186
391    51605.7440236
392    51759.2355186
393    51418.4657486
394    51329.0288086
395    51410.9176886
396    51453.9967591
397    51706.6996241
398    51513.2295691
399    51583.4953891
400    51511.8221191
401    51569.0002441
402    51497.1044891
403    51520.5951951
404    51558.6302721
405    51630.5718921
406    51726.6371721
407    51569.3975371
408    51470.7870971
409    51747.9084471
410    51529.4075321
411    51506.5825621
412    51356.1229771
413    51418.8817671
414    51359.2131721
415    51581.1462671
416    51526.3352321
417    51521.3540442
418    51550.4029402
419    51547.1003921
420    51459.1010271
421    51288.0716371
422    51251.5133011
423    50995.1147011
424    51056.1558811
425    51227.3126361
426    51330.3521661
427    51318.3010466
428    51401.1261816
429    51445.6374291
430    51181.3773741
431    51019.3000141
432    51077.6588641
433    51101.9272981
434    51426.4870281
435    51377.2277386
436    51236.3577386
437    51129.0841636
438    51119.2468256
439    51294.9538406
440    51177.3333606
441    51310.8020406
442    51365.3271356
443    50941.5592756
444    51307.9264856
445    51669.1358106
446    51621.7702811
447    51547.8875961
448    51755.8711911
449    51696.9466461
450    51794.0754011
451    51785.7549786
452    51471.8260686
453    51679.0443686
454    51528.7555636
455    51595.3324486
456    51623.8293576
457    51619.9188677
458    51786.4654927
459    51611.5137827
460    51440.7144227
461    51325.4675827
462    51153.7284377
463    51193.9394817
464    51221.1394562
465    50874.8144212
466    51259.0166012
467    51222.8590637
468    51175.7936482
469    51291.1642882
470    50961.6247432
471    51220.3925332
472    51352.6015232
473    51283.7421182
474    51228.2833832
475    51040.0870732
476    51234.6985782
477    51356.4612282
478    51045.9210032
479    51100.6003882
480    51292.7441182
481    51159.9096182
482    51034.6409332
483    51069.2551437
484    50972.6530737
485    51064.7151887
486    50902.8803437
487    50853.7840802
488    51042.6557602
489    50777.2367002
490    50709.3304702
491    50494.5389152
492    50482.8647662
493    50583.1575562
494    50593.5372892
495    50516.0295142
496    50497.3677837
497    50234.3233787
498    50195.6114607
499    50440.6383607
500    50354.0276707
501    50332.1160137
502    50082.7804537
503    50161.4837137
504    50062.9338637
505    50234.5592337
506    50294.2737387
507    50214.4976987
508    50063.6758437
509    49922.6258937
510    50187.8489987
511    50425.8021037
512    50470.5671752
513    50254.9897002
514    50368.3657102
515    50450.4188152
516    50326.7665552
517    50209.6439152
518    50074.1918352
519    50198.7796302
520    50285.0270552
521    50267.6114917
522    50130.0001467
523    50361.6554267
524    50302.9389117
525    50420.7843767
526    50439.2343287
527    50456.6420662
528    50520.3037312
529    50381.6999762
530    50188.9902612
531    50351.6213762
532    49946.5771112
533    50228.0268312
534    50077.9537312
535    50301.4224612
536    50377.4414912
537    50472.8985962
538    50480.0509532
539    50294.6585582
540    50221.6797882
541    50086.8324632
542    50023.5063432
543    50064.8803897
544    49847.4221947
545    50156.5951947
546    50226.9635247
547    50386.6330497
548    50255.0583247
549    50553.0148197
550    50524.9130852
551    50554.6866402
552    50295.8242302
553    50452.7663502
554    50514.0971602
555    50337.1357452
556    50379.8962957
557    50389.5418242
558    50571.5659542
559    50732.2789642
560    50594.8888342
561    50263.4168392
562    50440.9297992
563    50510.2094642
564    50631.8150142
565    51071.6806442
566    51227.0188842
567    51075.4975942
568    51360.7320142
569    51246.0308742
570    51100.6435392
571    50966.9559692
572    51110.2604692
573    50915.3703542
574    50976.0360442
575    51149.7131392
576    51269.3976842
577    51307.3630782
578    51410.4315032
579    51498.6804182
580    51470.1864737
581    51178.5272087
582    51193.2782527
583    51355.4143577
584    51199.6277677
585    51137.9422877
586    51269.8417827
587    51585.1300127
588    51694.3917627
589    51506.9439127
590    51492.0021502
591    51826.7301602
592    51643.1429952
593    51504.8626902
594    51681.6644402
595    51574.6011352
596    51439.5667352
597    51440.3490177
598    51212.9721327
599    51089.8783027
600    50979.1770927
601    51370.5213427
602    51519.4483377
603    51279.1567627
604    51046.0010127
605    51069.0609962
606    51415.0006362
607    51262.7107212
608    51048.0480262
609    51169.6219562
610    51199.6614492
611    51294.3754692
612    51217.6145192
613    51113.4474242
614    50855.8983592
615    50844.1776552
616    51047.1052502
617    50866.8712352
618    50805.9046052
619    51110.4703852
620    51002.8766552
621    50949.7424352
622    51014.8912352
623    50995.5972167
624    51131.9858567
625    51197.0867017
626    51182.6378542
627    51113.0202192
628    51290.7688242
629    51022.6380092
630    51221.6506292
631    51119.5865192
632    51052.6177592
633    50848.8428242
634    50842.2223967
635    51024.3806717
636    51015.1897077
637    50940.9151877
638    50848.4705777
639    50886.9100732
640    50932.9296162
641    50972.8157907
642    51003.2780962
643    50954.7135137
644    50966.2197702
645    50944.0007112
646    51104.8615662
647    50823.3652762
648    50622.2004362
649    50840.7897862
650    51374.5960862
651    51361.7180472
652    51485.5927922
653    51648.5425672
654    51678.1012772
655    51424.9831622
656    51240.2764172
657    51338.3457472
658    51246.1623672
659    51309.1221472
660    51242.9386222
661    51296.8670722
662    51480.7610472
663    51686.5862972
664    51400.1290772
665    51656.4083822
666    51819.1610272
667    51798.3074502
668    51839.7734882
669    51649.1441532
670    51349.6966732
671    51639.5565832
672    51065.7527332
673    48490.2637832
674    38391.7172832
675    29118.7992832
676    24472.2470832
677    21536.8571832
678    19387.2665332
679    17698.0605832
680    16312.0331832
681    15133.3904332
682    14084.1457832
683    13135.1928832
684    12291.5418332
685    11521.1027332
686    10821.8115832
687    10184.0563332
688    9599.83128317
689    9057.28913317
690    8561.99794817
691    8106.07722817
692    7679.48472817
693    7274.27338817
694    6881.92193317
695    6501.63090317
696    6130.25157817
697    5771.32749317
698    5423.80478817
699    5087.61338317
700    4757.24054817
701    4437.33323817
702    4127.00508317
703    3836.47154317
704    3559.12876317
705    3287.04403817
706    3016.25141817
707    2745.46158317
708    2474.66734317
709    2208.18078317
710    1952.43702817
711    1705.47053317
712    1465.07379317
713    1231.53635817
714    1010.71540817
715    805.147223168
716    611.419633168
717    433.418818168
718    274.131113168
719    126.789188168
720    -11.1139968317
721    -145.609076832
722    -265.717486832
723    -380.802656832
724    -495.889001832
725    -608.774456832
726    -712.408466832
727    -809.081471832
728    -902.862976832
729    -991.019791832
730    -1070.83738183
731    -1131.60202183
732    -1179.39429333
733    -1220.11767533
734    -1253.98642683
735    -1283.54274033
736    -1308.45504483
737    -1328.90105083
738    -1349.20946833
739    -1369.51965433
740    -1389.82880383
741    -1410.04852883
742    -1425.96377083
743    -1439.50404983
744    -1453.04319233
745    -1465.24943983
746    -1472.48741983
747    -1479.25830383
748    -1485.81559933
749    -1487.71848763
750    -1487.71848776
751    -1487.71848793
752    -1487.71848807
753    -1487.71848797
754    -1487.71848844
755    -1487.71848841
756    -1487.7184884
757    -1487.71848862
758    -1487.71848885
759    -1487.71848869
760    -1487.71848852
761    -1487.71848819
762    -1487.71848831
763    -1487.7184885
764    -1487.71848854
765    -1487.71848845
766    -1487.71848822
767    -1487.71848837
768    -1487.71848821
769    -1487.71848798
770    -1487.71848791
771    -1487.71848796
772    -1487.71848803
773    -1487.71848782
774    -1487.71848743
775    -1487.7184873
776    -1487.7184873
777    -1487.71848736
778    -1487.71848735
779    -1487.71848745
780    -1487.7184874
781    -1487.71848765
782    -1487.71848767
783    -1487.71848788
784    -1487.71848799
785    -1487.71848795
786    -1487.71848802
787    -1487.71848776
788    -1487.71848752
789    -1487.71848761
790    -1487.71848757
791    -1487.71848739
792    -1487.71848735
793    -1487.71848729
794    -1487.71848699
795    -1487.7184869
796    -1487.71848691
797    -1487.71848703
798    -1487.71848688
799    -1487.7184868
800    -1487.71848699
801    -1487.71848671
802    -1487.71848681
803    -1487.7184867
804    -1487.71848661
805    -1487.71848666
806    -1487.71848663
807    -1487.71848647
808    -1487.71848658
809    -1487.71848651
810    -1487.71848663
811    -1487.71848669
812    -1487.71848672
813    -1487.7184868
814    -1487.71848664
815    -1487.71848664
816    -1487.71848632
817    -1487.71848619
818    -1487.71848613
819    -1487.71848598
820    -1487.71848595
821    -1487.7184859
822    -1487.71848587
823    -1487.71848627
824    -1487.71848633
825    -1487.71848647
826    -1487.71848641
827    -1487.71848658
828    -1487.71848662
829    -1487.71848649
830    -1487.71848649
831    -1487.71848632
832    -1487.71848632
833    -1487.7184861
834    -1487.71848603
835    -1487.7184861
836    -1487.71848605
837    -1487.71848636
838    -1487.7184862
839    -1487.7184865
840    -1487.71848628
841    -1487.71848632
842    -1487.71848586
843    -1487.71848614
844    -1487.71848577
845    -1487.7184857
846    -1487.71848579
847    -1487.71848559
848    -1487.71848543
849    -1487.71848574
850    -1487.71848563
851    -1487.71848577
852    -1487.71848596
853    -1487.71848597
854    -1487.71848619
855    -1487.71848612
856    -1487.71848632
857    -1487.71848612
858    -1487.71848639
859    -1487.71848619
860    -1487.71848636
861    -1487.71848631
862    -1487.71848616
863    -1487.71848595
864    -1487.71848593
865    -1487.71848591
866    -1487.71848604
867    -1487.71848612
868    -1487.71848598
869    -1487.71848597
870    -1487.71848607
871    -1487.7184858
872    -1487.71848563
873    -1487.7184855
874    -1487.71848551
875    -1487.71848564
876    -1487.71848601
877    -1487.71848578
878    -1487.71848589
879    -1487.71848557
880    -1487.71848528
881    -1487.7184853
882    -1487.71848507
883    -1487.718485
884    -1487.71848532
885    -1487.71848549
886    -1487.71848538
887    -1487.71848528
888    -1487.71848506
889    -1487.71848514
890    -1487.71848547
891    -1487.71848559
892    -1487.71848545
893    -1487.71848534
894    -1487.71848492
895    -1487.71848499
896    -1487.71848498
897    -1487.7184852
898    -1487.71848512
899    -1487.71848495
900    -1487.71848464
901    -1487.7184846
902    -1487.71848484
903    -1487.71848543
904    -1487.71848546
905    -1487.7184853
906    -1487.71848566
907    -1487.71848557
908    -1487.71848578
909    -1487.71848565
910    -1487.7184855
911    -1487.71848564
912    -1487.71848562
913    -1487.71848575
914    -1487.71848563
915    -1487.71848561
916    -1487.71848564
917    -1487.71848545
918    -1487.71848573
919    -1487.71848531
920    -1487.71848555
921    -1487.71848526
922    -1487.71848528
923    -1487.71848509
924    -1487.71848477
925    -1487.71848478
926    -1487.71848458
927    -1487.71848447
928    -1487.71848472
929    -1487.71848467
930    -1487.71848485
931    -1487.7184847
932    -1487.71848454
933    -1487.71848412
934    -1487.71848434
935    -1487.71848463
936    -1487.71848434
937    -1487.71848436
938    -1487.71848453
939    -1487.71848453
940    -1487.71848477
941    -1487.71848502
942    -1487.71848483
943    -1487.7184848
944    -1487.71848479
945    -1487.71848484
946    -1487.71848446
947    -1487.71848436
948    -1487.71848437
949    -1487.71848457
950    -1487.7184845
951    -1487.71848442
952    -1487.71848449
953    -1487.7184847
954    -1487.7184847
955    -1487.71848501
956    -1487.71848499
957    -1487.71848502
958    -1487.71848507
959    -1487.71848485
960    -1487.71848445
961    -1487.71848463
962    -1487.71848466
963    -1487.71848457
964    -1487.71848441
965    -1487.71848405
966    -1487.71848413
967    -1487.71848408
968    -1487.71848406
969    -1487.71848378
970    -1487.71848362
971    -1487.71848376
972    -1487.7184837
973    -1487.71848379
974    -1487.71848385
975    -1487.71848389
976    -1487.71848395
977    -1487.71848379
978    -1487.71848417
979    -1487.71848389
980    -1487.71848421
981    -1487.71848449
982    -1487.71848416
983    -1487.718484
984    -1487.71848416
985    -1487.71848434
986    -1487.71848387
987    -1487.71848395
988    -1487.71848377
989    -1487.71848356
990    -1487.71848346
991    -1487.71848328
992    -1487.71848323
993    -1487.71848323
994    -1487.71848316
995    -1487.7184833
996    -1487.71848349
997    -1487.7184835
998    -1487.71848349
999    -1487.7184835
1000    -1487.71848321
1001    -1487.71848304
1002    -1487.71848346
1003    -1487.71848378
1004    -1487.71848374
1005    -1487.71848359
1006    -1487.71848347
1007    -1487.71848327
1008    -1487.71848324
1009    -1487.71848322
1010    -1487.71848338
1011    -1487.71848363
1012    -1487.71848367
1013    -1487.71848389
1014    -1487.71848363
1015    -1487.71848395
1016    -1487.71848381
1017    -1487.71848387
1018    -1487.71848373
1019    -1487.71848382
1020    -1487.71848383
1021    -1487.71848375
1022    -1487.71848376
1023    -1487.71848386
1024    -1487.71848402
