#x,Ay
1    -0
2    -7.57876e-08
3    -1.5664475e-07
4    8.288035e-08
5    -5.73232e-08
6    -5.696277e-07
7    -1.1102567e-06
8    -1.2036017e-06
9    -1.16276616e-06
10    -1.29759786e-06
11    -1.15383631e-06
12    -1.30535336e-06
13    -1.03778146e-06
14    -1.24088941e-06
15    -1.245206093e-06
16    -1.369201043e-06
17    -1.223834893e-06
18    -1.112351093e-06
19    -1.049562943e-06
20    -1.078782678e-06
21    -1.058161428e-06
22    -9.80327378e-07
23    -1.084369628e-06
24    -9.66141928e-07
25    -1.011506358e-06
26    -1.259054408e-06
27    -1.251967483e-06
28    -1.087102133e-06
29    -1.035104233e-06
30    -8.67766583e-07
31    -1.030132033e-06
32    -1.305423133e-06
33    -1.371373933e-06
34    -1.225426433e-06
35    -1.065020183e-06
36    -1.179178283e-06
37    -1.639426933e-06
38    -1.264930633e-06
39    -1.665728233e-06
40    -1.737806683e-06
41    -1.274290733e-06
42    -1.013743233e-06
43    -8.40657283e-07
44    -1.111018333e-06
45    -1.233803983e-06
46    -1.248780113e-06
47    -1.396285713e-06
48    -1.653717063e-06
49    -1.838104863e-06
50    -1.730248813e-06
51    -1.652717113e-06
52    -1.767677513e-06
53    -1.843279063e-06
54    -1.441062963e-06
55    -1.517152863e-06
56    -1.509990363e-06
57    -1.873481313e-06
58    -1.970175063e-06
59    -2.138179813e-06
60    -2.316881813e-06
61    -2.240140763e-06
62    -2.172492363e-06
63    -1.834075963e-06
64    -1.966628663e-06
65    -1.920624728e-06
66    -1.563430028e-06
67    -1.803193478e-06
68    -2.041416328e-06
69    -1.721484628e-06
70    -1.661824278e-06
71    -1.460797628e-06
72    -1.545817428e-06
73    -1.248367378e-06
74    -1.345712228e-06
75    -1.501961678e-06
76    -1.563866128e-06
77    -1.414726878e-06
78    -1.434865583e-06
79    -1.399401918e-06
80    -1.309498618e-06
81    -1.495258468e-06
82    -1.379077168e-06
83    -1.268477018e-06
84    -1.275779043e-06
85    -1.298615318e-06
86    -1.247640668e-06
87    -1.252692788e-06
88    -1.408244588e-06
89    -1.597975238e-06
90    -1.558488478e-06
91    -1.752980528e-06
92    -1.693889928e-06
93    -1.623299778e-06
94    -1.636371923e-06
95    -1.517307023e-06
96    -1.275840173e-06
97    -1.187843773e-06
98    -9.68689973e-07
99    -7.82592923e-07
100    -5.22045423e-07
101    -6.19785623e-07
102    -7.67814473e-07
103    -5.71031823e-07
104    -5.08476223e-07
105    -2.75369473e-07
106    -6.1843323e-08
107    -2.02628273e-07
108    -2.944573e-09
109    2.11232727e-07
110    1.09015277e-07
111    3.8501827e-08
112    -2.7800673e-08
113    -2.64424723e-07
114    -3.74373723e-07
115    1.6848677e-08
116    4.9765942e-08
117    1.40204092e-07
118    1.64784482e-07
119    -1.97212368e-07
120    4.3614982e-08
121    -9.592168e-09
122    2.65405332e-07
123    5.24464532e-07
124    5.06883857e-07
125    4.21788507e-07
126    6.72801507e-07
127    4.96087807e-07
128    7.76587957e-07
129    5.93464657e-07
130    6.92344357e-07
131    1.110048207e-06
132    9.89681057e-07
133    7.27296457e-07
134    7.35761232e-07
135    4.69539532e-07
136    5.29217332e-07
137    1.27512832e-07
138    3.77816582e-07
139    4.47209082e-07
140    4.5174378e-07
141    3.6458458e-07
142    2.3961293e-07
143    2.84994795e-07
144    2.859947535e-07
145    3.524106535e-07
146    4.066293535e-07
147    3.526490035e-07
148    4.029027535e-07
149    3.828105535e-07
150    3.622067435e-07
151    4.649815935e-07
152    4.119604935e-07
153    5.527803435e-07
154    6.692871935e-07
155    4.796205435e-07
156    3.176881935e-07
157    2.611149435e-07
158    3.656048435e-07
159    5.130406935e-07
160    5.563877585e-07
161    5.944792285e-07
162    7.974593285e-07
163    4.671472285e-07
164    3.263157785e-07
165    3.841506285e-07
166    4.031498535e-07
167    4.112948685e-07
168    6.541163185e-07
169    7.230088685e-07
170    1.0312753185e-06
171    1.2384296685e-06
172    1.0974565185e-06
173    8.470481685e-07
174    1.2563105185e-06
175    1.5004865685e-06
176    1.7752660185e-06
177    1.9151818185e-06
178    2.2436175185e-06
179    2.0486952685e-06
180    2.2161767685e-06
181    2.0369747685e-06
182    2.1312499685e-06
183    2.3339393685e-06
184    2.4134710185e-06
185    2.2082468685e-06
186    2.1757365735e-06
187    2.1095532235e-06
188    1.7969032235e-06
189    1.5264491735e-06
190    1.3972451735e-06
191    1.5239841735e-06
192    1.5675172735e-06
193    1.5612849785e-06
194    1.6442699785e-06
195    2.0153710785e-06
196    1.9403043785e-06
197    1.9550014535e-06
198    2.2197348035e-06
199    2.1284420035e-06
200    2.4864470035e-06
201    2.7378088035e-06
202    2.7052752485e-06
203    2.4638432485e-06
204    2.4494717385e-06
205    2.5066089385e-06
206    1.9652589385e-06
207    1.9887260085e-06
208    1.9520298335e-06
209    2.0823733335e-06
210    1.9582156335e-06
211    2.0485375335e-06
212    2.0458399695e-06
213    1.9248216695e-06
214    1.8405344195e-06
215    1.7986291595e-06
216    1.799640745e-06
217    1.923193845e-06
218    1.632146145e-06
219    1.530801445e-06
220    1.311496445e-06
221    1.314007965e-06
222    1.238673815e-06
223    1.331658365e-06
224    1.577634515e-06
225    1.570890605e-06
226    1.61097036e-06
227    1.77632841e-06
228    1.806699265e-06
229    1.615678015e-06
230    1.600697525e-06
231    1.454622125e-06
232    1.287130425e-06
233    1.142211925e-06
234    8.22783125e-07
235    8.014119e-07
236    6.796843e-07
237    6.9410232e-07
238    1.06469182e-06
239    9.5762642e-07
240    9.0534947e-07
241    1.11711987e-06
242    1.32092547e-06
243    1.33911077e-06
244    1.10308552e-06
245    1.055180515e-06
246    9.97531715e-07
247    1.266916065e-06
248    1.099108965e-06
249    1.038355615e-06
250    1.213278715e-06
251    1.276671465e-06
252    1.225752015e-06
253    1.21268278e-06
254    1.31466698e-06
255    1.312475203e-06
256    1.541628603e-06
257    1.527617558e-06
258    1.688180758e-06
259    0.182378388181
260    4.95656268818
261    11.7258931882
262    18.4962081882
263    25.2661921882
264    32.0353351882
265    38.8048891882
266    45.5752611882
267    52.3458511882
268    59.1148291882
269    65.8844431882
270    72.6536301882
271    79.4411256882
272    90.1340331882
273    109.013944688
274    139.684534188
275    173.535150688
276    207.525929688
277    246.005008188
278    286.623514188
279    327.241831188
280    367.861420188
281    408.480586688
282    449.785027188
283    499.418998188
284    554.360918188
285    614.378148188
286    675.306728188
287    736.234748188
288    797.163618188
289    860.470518188
290    928.082693188
291    995.785078188
292    1067.16678819
293    1143.97683819
294    1229.97879819
295    1324.41487319
296    1419.19319819
297    1514.13467819
298    1613.62885319
299    1715.22290319
300    1822.36848819
301    1946.39995819
302    2077.16692819
303    2217.18061819
304    2369.30821819
305    2539.38187819
306    2715.39629819
307    2894.40618319
308    3087.95068319
309    3291.32253319
310    3502.71207319
311    3719.18262319
312    3939.54129819
313    4173.42920819
314    4427.41850319
315    4684.66925819
316    4941.92228819
317    5200.19388819
318    5463.94667319
319    5734.75574319
320    6018.27054319
321    6309.47238819
322    6608.24976319
323    6914.61440319
324    7232.53248819
325    7558.18148819
326    7898.24394319
327    8260.48054319
328    8649.07473819
329    9051.65394819
330    9473.22794819
331    9911.87559319
332    10357.1359432
333    10814.9069932
334    11284.3357882
335    11773.6401782
336    12279.4249282
337    12828.5063282
338    13418.2401782
339    14050.4310282
340    14728.3830782
341    15456.7970282
342    16243.5527782
343    17119.0712282
344    18097.0073782
345    19231.1283282
346    20562.8562782
347    22219.0006282
348    24347.2563282
349    27354.8842282
350    32395.0412282
351    41901.0182282
352    50271.7702282
353    52580.7896282
354    53010.8436582
355    52923.2192832
356    52945.9314907
357    53359.5827607
358    53005.4937207
359    52923.2559057
360    52897.2756717
361    52846.5669417
362    52867.9989812
363    52942.2878112
364    53116.1932612
365    53291.6903962
366    53461.6680962
367    53282.7547362
368    53566.8587662
369    53789.1796112
370    53826.5130587
371    53663.9401987
372    53532.2556537
373    53505.9253397
374    53037.6339197
375    53149.1488997
376    53178.6240562
377    53166.0009792
378    53289.0108242
379    53584.8275292
380    53435.6108842
381    53484.2636382
382    53520.1806482
383    53351.9171832
384    53064.8872382
385    53087.6892837
386    53572.5953887
387    53507.9954437
388    53341.4069437
389    53214.6745037
390    53012.2848987
391    53154.5048587
392    53197.6554812
393    52964.7138912
394    52937.2396872
395    52965.6264752
396    52923.9196897
397    53132.9237197
398    52989.6848297
399    52722.4933497
400    52702.3279902
401    52691.9528772
402    52266.0544422
403    52417.1054522
404    52542.0475222
405    52667.0099922
406    52434.3426322
407    52581.0649972
408    52574.2309072
409    52657.5321172
410    52803.3161622
411    52841.5787952
412    52599.2964202
413    52676.0913552
414    52338.0888202
415    52328.1085887
416    52513.8099637
417    52414.5825737
418    52419.6543832
419    52519.7372032
420    52596.2757582
421    52803.0683182
422    52575.3349382
423    52576.1144771
424    52637.3053371
425    52575.1055671
426    52715.0913321
427    52665.3283421
428    52818.4527971
429    52766.3386221
430    52796.7260731
431    52753.7336736
432    52625.1139086
433    52778.3253636
434    53231.8601636
435    53262.7577481
436    53064.7606531
437    53033.6778936
438    53055.0363821
439    53266.0244121
440    53353.8757371
441    53237.0801421
442    53271.2370011
443    53179.0951161
444    53206.7916076
445    53249.7716421
446    53366.0052171
447    53072.8042371
448    52880.0763571
449    52989.8273071
450    53093.8668971
451    53137.9673516
452    53145.5350706
453    52829.5897606
454    53114.2723306
455    53077.4588316
456    53235.1291066
457    53271.1953131
458    53319.8220111
459    53328.4564571
460    53310.3694941
461    53407.8309691
462    53403.5709493
463    53433.7977473
464    53700.3839023
465    53537.7705023
466    53437.2112573
467    53682.2311923
468    53867.1542273
469    53562.7897673
470    53382.2626623
471    53378.4668312
472    53127.1017412
473    53271.3448712
474    53169.4549362
475    53346.8047912
476    53231.1725612
477    53409.7668262
478    53615.8494262
479    53293.9097062
480    53331.8290762
481    53265.2394262
482    53369.9502362
483    53474.8474562
484    53460.4774122
485    53617.2709622
486    53807.0008972
487    53536.8750422
488    53703.4271072
489    53791.8473572
490    53764.1865957
491    53612.8867257
492    53542.2918957
493    53525.7408877
494    53859.6967577
495    53692.8651227
496    53625.9684277
497    53569.9834327
498    53665.4262227
499    53633.6608647
500    53676.5240507
501    53965.4307407
502    53921.6045492
503    53666.5092542
504    53955.3399242
505    54153.9961492
506    54103.3265442
507    53842.2674742
508    53369.2584442
509    53434.7393392
510    53609.2315792
511    53681.1209842
512    53755.0200392
513    53807.6852142
514    53612.8828942
515    53757.6919042
516    53890.1443492
517    53881.8396192
518    53740.1701942
519    54007.4519292
520    54228.1668742
521    54115.1266842
522    53963.8893492
523    54100.1227792
524    54182.3811342
525    54025.4364442
526    54095.4145592
527    54061.9904387
528    54069.3791967
529    53988.7470317
530    53904.0614317
531    54202.6278817
532    54135.6721467
533    54049.2638317
534    54201.0397417
535    54223.0402972
536    54154.4588422
537    54076.7361622
538    54013.1607622
539    54136.3998872
540    54177.9750372
541    54237.5565122
542    54193.4798502
543    54265.3085802
544    54036.5279152
545    53956.9150952
546    54013.8773302
547    53850.3815052
548    54092.4487952
549    54232.0882552
550    54122.3688052
551    54030.3239752
552    54143.9258802
553    53960.1072702
554    54018.2232102
555    54034.1764952
556    53873.4487302
557    54055.5230152
558    54058.8173845
559    54001.6794345
560    54139.7714445
561    54079.3042345
562    54006.5760745
563    54139.0941245
564    54290.3695945
565    54350.5731245
566    54220.5133395
567    53984.9144695
568    54277.4197395
569    54154.3130345
570    54211.1791345
571    54122.9235045
572    54317.9145245
573    54106.1888445
574    53982.0777495
575    54170.3292145
576    54104.2136145
577    54107.4167486
578    54013.5195936
579    54161.8703336
580    54229.2858436
581    53987.6746186
582    54047.1097936
583    54393.8646186
584    54258.7670686
585    54339.2208436
586    54347.0757001
587    54309.6287751
588    54451.5931051
589    54437.3097436
590    54346.3626386
591    54287.1042586
592    54387.3889486
593    54422.9235126
594    54463.5167386
595    54093.1557236
596    54299.2227386
597    54365.2378086
598    54294.8452436
599    54378.2840986
600    54353.8997481
601    54524.6574531
602    54703.2534581
603    54598.4782681
604    54517.7984881
605    54382.8211181
606    54598.4533181
607    54737.5530181
608    54647.6999281
609    54370.1742831
610    54587.3669781
611    54687.5417431
612    54517.9992531
613    54329.7758081
614    54489.3491081
615    54586.5720281
616    54664.2001081
617    54659.516704
618    54842.708849
619    54830.4980675
620    54902.2876525
621    54739.1826175
622    54750.4576395
623    54675.1559545
624    54680.2627455
625    54682.4501512
626    54835.2112812
627    54693.4676362
628    54585.5680812
629    54375.3772962
630    54372.1183049
631    54557.4260949
632    54489.5667749
633    54220.4659449
634    54675.0375649
635    54425.4005149
636    54453.3655889
637    54606.5770739
638    54467.1559389
639    54694.6427189
640    54628.5976139
641    54541.3328139
642    54644.3129489
643    54381.5247489
644    54446.0549289
645    54395.1985839
646    54607.9650589
647    54380.8266639
648    54063.1641489
649    53888.3012589
650    53868.6502279
651    53842.0936174
652    53831.6243144
653    53927.4019544
654    54137.0061094
655    54207.4749644
656    54289.7966344
657    54248.6591344
658    53932.4172744
659    54286.6404194
660    53970.3271694
661    54153.1548344
662    54090.0467294
663    53893.0966294
664    53765.3870244
665    53719.6247819
666    53934.1618769
667    53819.6725619
668    53872.2821219
669    53771.9266919
670    53599.0079469
671    53947.7008369
672    53428.4102369
673    51312.7511869
674    42575.1581869
675    33178.9681869
676    28192.9434369
677    25155.7715369
678    22939.6435369
679    21181.0355869
680    19727.2308369
681    18500.3897869
682    17416.7798869
683    16444.7285369
684    15601.6715369
685    14878.7271869
686    14217.5164869
687    13577.8769869
688    12968.3238869
689    12398.0444369
690    11887.6203369
691    11407.0964169
692    10955.0262219
693    10527.3019519
694    10127.5773669
695    9744.11549689
696    9379.40212689
697    9033.60105189
698    8688.34401189
699    8343.08479689
700    7998.95800689
701    7666.40495689
702    7352.32672689
703    7064.80540689
704    6787.46242189
705    6514.78678689
706    6243.99416689
707    5973.20433189
708    5702.40996689
709    5432.27815189
710    5167.46392689
711    4910.72441689
712    4664.98545189
713    4423.11794189
714    4188.04258189
715    3958.28645189
716    3738.61315689
717    3529.90903189
718    3327.87274689
719    3145.26006189
720    2982.56966689
721    2832.04355189
722    2692.21358689
723    2556.75935689
724    2423.96500689
725    2306.39012689
726    2191.30437689
727    2077.10609689
728    1971.10485189
729    1869.55483189
730    1768.00438189
731    1667.16852189
732    1571.98884689
733    1482.84121689
734    1395.70492189
735    1321.99315189
736    1265.79667189
737    1218.07658239
738    1176.92734439
739    1143.92326139
740    1116.30655239
741    1092.26442239
742    1071.94520339
743    1051.63522339
744    1031.32637339
745    1011.01626789
746    990.708673888
747    970.455866388
748    954.361924388
749    940.822106388
750    927.282810388
751    914.211256888
752    906.105711388
753    899.336143388
754    892.566458888
755    886.215996888
756    884.794842488
757    884.794842236
758    884.794842006
759    884.794842061
760    884.794841832
761    884.794841705
762    884.794841853
763    884.794841812
764    884.794841832
765    884.794841606
766    884.794841374
767    884.794841357
768    884.794841575
769    884.794841496
770    884.79484118
771    884.794841477
772    884.794841512
773    884.794841436
774    884.794841543
775    884.794841387
776    884.794841404
777    884.794841202
778    884.794840957
779    884.79484077
780    884.794840959
781    884.794840948
782    884.794840888
783    884.794840942
784    884.794840744
785    884.794840688
786    884.794840631
787    884.7948406
788    884.794840771
789    884.794841004
790    884.794840976
791    884.794841133
792    884.794841353
793    884.794841361
794    884.794841474
795    884.794841542
796    884.79484146
797    884.794841701
798    884.794841746
799    884.794841892
800    884.794841707
801    884.794841947
802    884.794842002
803    884.794842053
804    884.794841831
805    884.794841783
806    884.794841805
807    884.794841991
808    884.794842138
809    884.794842105
810    884.794842019
811    884.794842073
812    884.794841791
813    884.794841742
814    884.794841471
815    884.794841499
816    884.794841547
817    884.794841453
818    884.794841115
819    884.794840927
820    884.794840918
821    884.794841224
822    884.794841357
823    884.794841391
824    884.794841467
825    884.794841456
826    884.794841443
827    884.794841217
828    884.794841393
829    884.794841497
830    884.794841652
831    884.794841557
832    884.794841587
833    884.794841578
834    884.794841934
835    884.794841811
836    884.794841866
837    884.79484198
838    884.794842121
839    884.794842366
840    884.794842061
841    884.794842138
842    884.794842338
843    884.794842251
844    884.794842583
845    884.794842494
846    884.794842597
847    884.794842561
848    884.794842926
849    884.794842745
850    884.794842842
851    884.794843176
852    884.794842832
853    884.794842656
854    884.794842812
855    884.794842965
856    884.794842599
857    884.794842528
858    884.794842502
859    884.794842277
860    884.794842061
861    884.794842157
862    884.794842372
863    884.794842199
864    884.794842225
865    884.794842359
866    884.794842229
867    884.794842203
868    884.794842014
869    884.794842149
870    884.794842107
871    884.79484219
872    884.794842019
873    884.794841948
874    884.794841818
875    884.794841523
876    884.794841613
877    884.794841735
878    884.794841707
879    884.794841853
880    884.794841643
881    884.794841413
882    884.794840919
883    884.794840799
884    884.794840662
885    884.794840542
886    884.794840461
887    884.79484076
888    884.794840705
889    884.794840639
890    884.794840315
891    884.794840169
892    884.794840019
893    884.794840123
894    884.794839791
895    884.794840112
896    884.7948398
897    884.794839475
898    884.794839504
899    884.794839814
900    884.794840032
901    884.794840216
902    884.794840287
903    884.794840142
904    884.794840253
905    884.794840419
906    884.79484041
907    884.794840316
908    884.794840565
909    884.794840574
910    884.794840691
911    884.794840843
912    884.794840798
913    884.794840945
914    884.794841447
915    884.79484141
916    884.794841209
917    884.794841427
918    884.794841489
919    884.79484154
920    884.794841623
921    884.794841681
922    884.794841999
923    884.79484229
924    884.794842349
925    884.794842162
926    884.794842045
927    884.794842335
928    884.794842434
929    884.794842631
930    884.794842289
931    884.794842419
932    884.794842465
933    884.794842717
934    884.794842599
935    884.794842406
936    884.794842449
937    884.79484261
938    884.794842583
939    884.794842329
940    884.794842479
941    884.794842211
942    884.794842464
943    884.794842761
944    884.794842641
945    884.79484283
946    884.794842871
947    884.794843227
948    884.794843297
949    884.794843341
950    884.794843376
951    884.794843278
952    884.794843035
953    884.7948432
954    884.79484327
955    884.794843278
956    884.794843073
957    884.794843302
958    884.794843184
959    884.794843387
960    884.794843195
961    884.794843309
962    884.794843483
963    884.794843564
964    884.794843353
965    884.794843289
966    884.794843214
967    884.794843117
968    884.794843091
969    884.794842748
970    884.794842721
971    884.79484266
972    884.794842644
973    884.794842642
974    884.794842475
975    884.7948424
976    884.794842571
977    884.794842703
978    884.794842549
979    884.794842565
980    884.794842416
981    884.79484268
982    884.794842554
983    884.79484274
984    884.794842882
985    884.794842391
986    884.794842656
987    884.794842549
988    884.794842774
989    884.794842693
990    884.794842726
991    884.794842774
992    884.794842917
993    884.794842804
994    884.794842963
995    884.794842836
996    884.794842725
997    884.79484273
998    884.79484253
999    884.794842591
1000    884.794842717
1001    884.794842421
1002    884.794842343
1003    884.794842659
1004    884.794842525
1005    884.794842578
1006    884.794842459
1007    884.794842191
1008    884.794842035
1009    884.794842309
1010    884.794842255
1011    884.794842061
1012    884.794842073
1013    884.794842179
1014    884.794841834
1015    884.794841883
1016    884.794841914
1017    884.794842199
1018    884.79484218
1019    884.79484226
1020    884.794842282
1021    884.79484281
1022    884.794842663
1023    884.794842629
1024    884.794842368
