#x,Ay
1    -0
2    3.584738e-08
3    2.0092203e-07
4    2.4294066e-07
5    2.05291035e-07
6    3.16357735e-07
7    5.9158935e-08
8    1.60201335e-07
9    4.0757785e-08
10    3.91066905e-08
11    2.777480905e-07
12    1.998907905e-07
13    -1.164451095e-07
14    -2.29140595e-08
15    -2.14955135e-08
16    4.66877365e-08
17    3.32231715e-08
18    -9.35739785e-08
19    1.093189215e-07
20    -2.243883785e-07
21    -1.861341285e-07
22    -2.921297785e-07
23    -4.039159285e-07
24    -3.882654085e-07
25    -5.405847585e-07
26    -3.586852085e-07
27    -1.459322585e-07
28    -1.615478985e-07
29    -1.409324635e-07
30    8.38955365e-08
31    -2.9846135e-09
32    1.875221365e-07
33    2.454383865e-07
34    -2.955426135e-07
35    -4.077240635e-07
36    -2.367892135e-07
37    -4.358508135e-07
38    -2.644392135e-07
39    -4.956972135e-07
40    -1.514089635e-07
41    6.9551865e-09
42    2.79543315e-08
43    7.86150315e-08
44    1.558676815e-07
45    3.878232815e-07
46    3.107682815e-07
47    3.026755915e-07
48    3.301163315e-07
49    2.363062315e-07
50    2.696537065e-07
51    4.881099065e-07
52    5.550723065e-07
53    7.388089565e-07
54    9.608231565e-07
55    1.2829960565e-06
56    1.1891394065e-06
57    1.2588342065e-06
58    1.2027202065e-06
59    1.1321417065e-06
60    1.3507374065e-06
61    1.5535082065e-06
62    1.5765072665e-06
63    1.5336020465e-06
64    1.5268116265e-06
65    1.4022934765e-06
66    1.3610858565e-06
67    1.1772794065e-06
68    1.5202886065e-06
69    1.4800576865e-06
70    1.3478770365e-06
71    1.1003173865e-06
72    1.2265040865e-06
73    1.1011603865e-06
74    1.1812501365e-06
75    1.2021330065e-06
76    1.4337514565e-06
77    1.1484608065e-06
78    1.3607486565e-06
79    1.3923171315e-06
80    1.3400634315e-06
81    1.4535006315e-06
82    1.7607089815e-06
83    1.6855957815e-06
84    1.6755961915e-06
85    2.0231459415e-06
86    2.1090028915e-06
87    1.8965929915e-06
88    1.6638495915e-06
89    1.9415671415e-06
90    1.945392571e-06
91    1.890952921e-06
92    1.933468626e-06
93    1.751016776e-06
94    1.990309326e-06
95    1.600232226e-06
96    1.699309576e-06
97    1.725634081e-06
98    1.596027481e-06
99    1.855598281e-06
100    2.235030431e-06
101    2.111349431e-06
102    2.142383051e-06
103    2.251959951e-06
104    1.850441451e-06
105    1.921694351e-06
106    2.023317851e-06
107    2.122549251e-06
108    2.407560851e-06
109    2.584821051e-06
110    2.444175651e-06
111    2.286879751e-06
112    2.315715781e-06
113    2.416223281e-06
114    2.592634681e-06
115    2.509184581e-06
116    2.439408381e-06
117    2.324575881e-06
118    2.402875031e-06
119    2.807370131e-06
120    2.561098231e-06
121    2.731463331e-06
122    2.971313981e-06
123    2.880236331e-06
124    2.858684886e-06
125    2.643344836e-06
126    2.499420486e-06
127    2.571510586e-06
128    2.803408086e-06
129    2.744805836e-06
130    3.260273336e-06
131    3.195415536e-06
132    2.810594086e-06
133    2.865141286e-06
134    2.966581886e-06
135    3.213246236e-06
136    3.057020036e-06
137    3.131063536e-06
138    3.247849486e-06
139    3.346915186e-06
140    3.248872686e-06
141    3.436087386e-06
142    3.562140386e-06
143    2.984791886e-06
144    3.051765886e-06
145    3.177900286e-06
146    3.134425316e-06
147    3.193838566e-06
148    3.156305216e-06
149    3.036868216e-06
150    2.472914716e-06
151    2.410452166e-06
152    2.438730081e-06
153    2.304712281e-06
154    2.384848531e-06
155    2.192844731e-06
156    2.120847681e-06
157    2.042653181e-06
158    2.233808181e-06
159    2.052350481e-06
160    1.967516731e-06
161    1.999247991e-06
162    2.080826041e-06
163    2.105220391e-06
164    2.360023941e-06
165    2.374348936e-06
166    2.419440116e-06
167    2.624989866e-06
168    2.681402516e-06
169    2.375426666e-06
170    2.269803066e-06
171    2.236316071e-06
172    2.460516221e-06
173    2.548605621e-06
174    2.916608721e-06
175    2.666200371e-06
176    2.705431321e-06
177    2.818775521e-06
178    2.610574721e-06
179    2.289704121e-06
180    2.139675371e-06
181    2.470580471e-06
182    2.499718811e-06
183    2.322810361e-06
184    2.079913311e-06
185    2.000311911e-06
186    2.319252361e-06
187    2.350832471e-06
188    2.780280021e-06
189    2.568521221e-06
190    2.944622121e-06
191    2.864997471e-06
192    2.961733971e-06
193    3.360758371e-06
194    2.882824421e-06
195    2.226478921e-06
196    2.2248859635e-06
197    2.5509191135e-06
198    2.5264549935e-06
199    2.6277764435e-06
200    2.3393696435e-06
201    2.6355668435e-06
202    3.0489917935e-06
203    2.8851845435e-06
204    2.9486702935e-06
205    3.2429373435e-06
206    3.0176790935e-06
207    2.7177494935e-06
208    2.6865312885e-06
209    2.5918839885e-06
210    2.6958797385e-06
211    2.5854481885e-06
212    2.6518466385e-06
213    2.7614700385e-06
214    3.0231569885e-06
215    3.3682009885e-06
216    3.2360639385e-06
217    3.1599740385e-06
218    3.1044414385e-06
219    2.7270149885e-06
220    2.9258673385e-06
221    2.7536251385e-06
222    2.7965071035e-06
223    2.9011772535e-06
224    2.7725546035e-06
225    3.0048707035e-06
226    3.0870534035e-06
227    3.3654606035e-06
228    3.5124197035e-06
229    3.3661001035e-06
230    3.5165242035e-06
231    3.5940530035e-06
232    3.5751497085e-06
233    3.8145585085e-06
234    3.8846486585e-06
235    3.8958109885e-06
236    3.898927141e-06
237    3.968784741e-06
238    4.205751791e-06
239    4.196664951e-06
240    3.884305601e-06
241    3.929513056e-06
242    3.668523756e-06
243    3.534110656e-06
244    3.353141306e-06
245    2.914992106e-06
246    2.822158706e-06
247    2.837437151e-06
248    2.772416551e-06
249    3.174446601e-06
250    3.229235051e-06
251    3.216537901e-06
252    3.205329051e-06
253    3.650520151e-06
254    3.740779551e-06
255    3.856612051e-06
256    3.997071401e-06
257    4.155460251e-06
258    3.917981551e-06
259    3.938910926e-06
260    4.273733376e-06
261    4.497352126e-06
262    4.635613926e-06
263    4.489468726e-06
264    4.523013866e-06
265    4.903323866e-06
266    4.617415516e-06
267    4.439283266e-06
268    4.758526016e-06
269    4.917914866e-06
270    4.949099636e-06
271    4.651588536e-06
272    4.561255036e-06
273    4.665622886e-06
274    5.024422186e-06
275    5.081489636e-06
276    5.015527236e-06
277    0.750503315527
278    6.57324881553
279    13.3435188155
280    20.1131258155
281    26.8827928155
282    33.6526608155
283    40.4223108155
284    47.1916608155
285    53.9622318155
286    60.7857948155
287    72.3997288155
288    94.0537808155
289    126.743977316
290    160.594066316
291    197.781345816
292    238.402030816
293    279.019536316
294    320.368968816
295    367.467024316
296    423.827049316
297    484.752109316
298    545.681529316
299    606.606689316
300    667.721374316
301    736.750759316
302    814.400074316
303    901.739164316
304    991.219819316
305    1087.20756432
306    1190.80065932
307    1302.54691432
308    1430.85733932
309    1572.44404932
310    1721.97417932
311    1892.52516932
312    2078.16954932
313    2274.29659932
314    2487.71243432
315    2708.86571432
316    2934.84143932
317    3169.91536432
318    3408.11113932
319    3651.30663432
320    3899.90092432
321    4161.64459932
322    4427.34937432
323    4697.85031932
324    4977.21726432
325    5281.63931432
326    5608.26829932
327    5951.85284432
328    6312.91131432
329    6681.24652932
330    7059.27935432
331    7439.78370432
332    7834.20290432
333    8259.03236432
334    8720.95523932
335    9229.58218932
336    9766.31938932
337    10329.5507893
338    10936.0225893
339    11578.9004393
340    12266.3149393
341    13004.2987893
342    13812.6588893
343    14687.7936893
344    15677.0082393
345    16812.0803893
346    18122.6638893
347    19676.2404893
348    21644.6093393
349    24298.8602893
350    28390.8989893
351    36835.0919893
352    48795.3399893
353    51257.9631393
354    51920.1951393
355    51758.4556693
356    51860.3724543
357    51923.1980243
358    52155.8603493
359    52441.0062543
360    52514.2148593
361    52570.6353693
362    52768.0879243
363    52819.1232543
364    53111.9841193
365    53221.4064543
366    52988.7296943
367    52793.2208543
368    52747.2338848
369    52526.1823698
370    52490.9174073
371    52326.1093873
372    52571.3578173
373    52607.0593573
374    53030.4544823
375    53223.5318723
376    53246.5116353
377    52901.1560453
378    52945.8355358
379    52844.6510658
380    52876.1494593
381    53049.9343843
382    53232.0616943
383    53209.4961568
384    53026.6823568
385    53157.2926668
386    53229.1221368
387    53222.6239953
388    53460.9802503
389    53231.5358253
390    53248.9158703
391    53619.6483553
392    53524.8438853
393    53570.2924458
394    53465.0010408
395    53463.0991837
396    53461.3676015
397    53713.0248365
398    53763.1964965
399    53715.053034
400    53810.116034
401    53800.62667
402    53893.731125
403    53870.675125
404    53884.763381
405    53964.070396
406    54155.126266
407    53891.397176
408    53923.675489
409    54009.005569
410    54211.140629
411    53923.988749
412    53959.23221
413    54024.062795
414    54208.733065
415    54192.9184655
416    54220.2131575
417    54333.8492925
418    54389.3385625
419    54129.5863175
420    54224.9335975
421    54266.541892
422    54149.110372
423    54137.562047
424    54177.5396625
425    54121.7380775
426    54102.7352515
427    54098.2739686
428    54103.7377861
429    54311.5931761
430    54395.2847811
431    53999.6613961
432    54155.7994911
433    54262.2403611
434    54188.9033361
435    54217.9517916
436    54070.2965516
437    53837.7335166
438    53874.7864931
439    53865.8808176
440    54082.2805876
441    53899.8917076
442    53831.5560876
443    53757.5093176
444    53793.4183376
445    53786.1426126
446    53832.5957481
447    53599.9638181
448    53807.9242531
449    54067.5303931
450    53909.2963431
451    53929.4872921
452    53925.4594316
453    54154.6141066
454    53753.8829316
455    53738.0802641
456    53730.8194786
457    53694.7155581
458    53760.6115031
459    53782.2632816
460    53842.0185566
461    53730.8616466
462    53873.3194916
463    53969.0385366
464    53990.1476836
465    53890.0778886
466    54214.3230036
467    53993.5624686
468    53848.0940536
469    53900.4267886
470    53931.7064021
471    54190.2605221
472    54155.0593086
473    54211.4328036
474    54168.0874571
475    54139.4149091
476    53789.7911191
477    54151.0472591
478    53838.3195041
479    54056.7150091
480    54379.5336691
481    54384.5689231
482    54227.4138731
483    54265.3213316
484    54345.3351116
485    54161.4332116
486    54222.2077266
487    54333.4346066
488    54423.4974216
489    54476.4215716
490    54406.0927816
491    54310.3785166
492    54591.5343266
493    54877.1776916
494    54755.6375966
495    54845.6532566
496    54708.6562716
497    54795.6539816
498    54820.0582491
499    54978.2183341
500    54994.9787246
501    55088.3002996
502    54926.3222196
503    54711.4155446
504    54795.5134346
505    54734.1138896
506    55063.7198496
507    55058.0524196
508    55091.3482276
509    55021.1556576
510    54994.8665926
511    54886.0006076
512    55075.0828026
513    55056.9881286
514    55201.7039136
515    55057.0465886
516    55238.7454136
517    55000.2948286
518    55176.9022036
519    55141.8825686
520    54968.1847236
521    55066.0009836
522    54895.9740186
523    54962.2015186
524    54913.8905401
525    54934.2395166
526    55040.4353816
527    55094.5886366
528    54892.8005466
529    55066.8220966
530    55053.6079961
531    55005.1906391
532    54988.1907746
533    54966.4900461
534    54899.4561311
535    54968.3138011
536    55050.4055561
537    55148.2997611
538    54936.3373111
539    54816.4049761
540    54767.5600226
541    54736.2809621
542    54961.9870071
543    55078.4326321
544    55092.7691646
545    55231.1116996
546    55279.6358186
547    55107.7918886
548    54865.1525886
549    54869.5203364
550    54786.0991164
551    55053.4107314
552    55310.3304664
553    54960.2925714
554    55220.1649114
555    55397.8499864
556    54940.2483464
557    55038.5555814
558    55211.7528514
559    55241.6579779
560    55155.6673729
561    55024.9389879
562    54749.8243679
563    54608.4363979
564    54614.3882214
565    54363.6909464
566    54312.3657014
567    54379.5621964
568    54370.2586529
569    54250.5815729
570    54295.7798114
571    54285.2469264
572    54436.9944164
573    54531.4241514
574    54662.3239764
575    54411.7877964
576    54394.8559514
577    54474.3219014
578    54490.9023174
579    54393.8633374
580    54211.9613474
581    54434.5468974
582    54454.6863509
583    54455.3060706
584    54298.4871856
585    54411.2635206
586    54503.2700106
587    54513.7492246
588    54281.2756046
589    54296.5769781
590    54293.8126344
591    54206.0603794
592    54230.0943609
593    54237.7709719
594    54400.9708719
595    54266.2895569
596    54620.1066269
597    54423.6648219
598    54265.3049719
599    54173.3244269
600    54337.7099819
601    54330.9996204
602    54475.3192504
603    54211.9696154
604    54349.6292104
605    54081.3589054
606    54071.7818244
607    53976.0286194
608    54190.9854894
609    54119.2293494
610    54021.7161044
611    54142.7057694
612    54152.2567819
613    54229.8072319
614    54174.1382769
615    54090.2471319
616    53950.2531019
617    54074.8700319
618    54089.3156664
619    53778.1281714
620    54256.7583064
621    54149.0310814
622    54019.7188264
623    53927.8222014
624    54081.6300914
625    53940.2381264
626    54037.6683464
627    54042.5166014
628    54181.7222214
629    54326.6783014
630    54303.0988354
631    54216.2635854
632    54443.1118604
633    54247.2338104
634    54271.4722844
635    54395.0458094
636    54604.7310494
637    54542.7351294
638    54331.4285944
639    54227.2364194
640    54360.7513344
641    54520.3519944
642    54357.1221244
643    54378.1670934
644    54555.4290284
645    54553.0068694
646    54168.2913794
647    54302.0016144
648    54394.1690494
649    54435.1766989
650    54415.6766299
651    54388.2870979
652    54150.9577329
653    53944.0197629
654    53665.0361229
655    53530.8278379
656    53831.2063379
657    53980.1755429
658    53981.0963709
659    54251.0183459
660    54000.6862259
661    54153.2214309
662    54116.1509539
663    53834.4537989
664    53770.1100989
665    53633.7177039
666    53466.8603339
667    53841.4145489
668    53916.7296839
669    53730.4283689
670    53580.7119489
671    53834.8347939
672    53632.4580489
673    50974.7269989
674    39156.7329989
675    30586.2909989
676    26360.8724489
677    23598.9134489
678    21529.8359489
679    19845.0790489
680    18417.0486489
681    17198.1859489
682    16142.9047989
683    15215.3704489
684    14389.6250489
685    13669.7779489
686    13020.3207989
687    12421.7174489
688    11867.4185989
689    11366.9843989
690    10897.9547989
691    10449.0587989
692    10022.9072339
693    9606.30704887
694    9205.27129387
695    8820.60749387
696    8455.85119887
697    8103.72311887
698    7759.93641887
699    7430.83340887
700    7106.63674887
701    6792.02759887
702    6486.41463387
703    6203.84308387
704    5931.83044887
705    5661.03983387
706    5390.24721387
707    5120.45471387
708    4864.33596887
709    4615.10769887
710    4375.33869387
711    4150.61435887
712    3948.99121887
713    3759.09475887
714    3585.34827387
715    3428.99541387
716    3285.22903887
717    3149.46687387
718    3028.26158387
719    2913.17735887
720    2798.08885387
721    2686.95011887
722    2585.79479887
723    2495.38427387
724    2416.62880887
725    2357.27453387
726    2309.60960187
727    2273.09428687
728    2239.24711887
729    2209.04688337
730    2186.52804537
731    2166.22004387
732    2145.91006737
733    2125.60160537
734    2106.80059037
735    2092.88756237
736    2079.34921487
737    2067.04781987
738    2059.75191137
739    2052.98156537
740    2049.34808827
741    2049.34358054
742    2049.34358053
743    2049.34358056
744    2049.34358067
745    2049.34358075
746    2049.34358079
747    2049.34358111
748    2049.34358142
749    2049.34358113
750    2049.34358085
751    2049.34358082
752    2049.34358078
753    2049.34358066
754    2049.34358042
755    2049.34358023
756    2049.3435802
757    2049.34358033
758    2049.34358014
759    2049.34358019
760    2049.3435802
761    2049.34358021
762    2049.3435799
763    2049.3435797
764    2049.34357968
765    2049.34357939
766    2049.34357917
767    2049.34357902
768    2049.34357889
769    2049.34357891
770    2049.34357899
771    2049.34357909
772    2049.34357928
773    2049.34357921
774    2049.34357935
775    2049.34357932
776    2049.34357941
777    2049.34357957
778    2049.34357954
779    2049.3435796
780    2049.34357963
781    2049.34357944
782    2049.34357946
783    2049.34357924
784    2049.34357933
785    2049.34357944
786    2049.34357947
787    2049.34357904
788    2049.34357904
789    2049.34357916
790    2049.34357917
791    2049.34357907
792    2049.34357893
793    2049.34357906
794    2049.3435792
795    2049.34357905
796    2049.34357927
797    2049.34357898
798    2049.3435792
799    2049.34357908
800    2049.34357908
801    2049.34357927
802    2049.34357906
803    2049.34357925
804    2049.34357902
805    2049.34357892
806    2049.34357903
807    2049.3435786
808    2049.34357859
809    2049.34357869
810    2049.34357894
811    2049.34357918
812    2049.34357916
813    2049.34357927
814    2049.34357937
815    2049.34357938
816    2049.34357926
817    2049.34357959
818    2049.34357962
819    2049.34357975
820    2049.34358022
821    2049.34358044
822    2049.3435805
823    2049.34358007
824    2049.34357994
825    2049.3435799
826    2049.34357992
827    2049.34358003
828    2049.34357985
829    2049.34357979
830    2049.34357984
831    2049.3435802
832    2049.34358032
833    2049.34358011
834    2049.34358013
835    2049.34358004
836    2049.3435802
837    2049.3435802
838    2049.34358008
839    2049.3435803
840    2049.34358037
841    2049.34358048
842    2049.34358043
843    2049.34358039
844    2049.34358017
845    2049.3435799
846    2049.34357988
847    2049.34358
848    2049.34357982
849    2049.34357968
850    2049.34357959
851    2049.34357929
852    2049.3435793
853    2049.34357899
854    2049.34357898
855    2049.343579
856    2049.34357919
857    2049.34357916
858    2049.34357906
859    2049.34357887
860    2049.34357883
861    2049.34357859
862    2049.34357871
863    2049.34357873
864    2049.34357865
865    2049.3435789
866    2049.34357874
867    2049.34357893
868    2049.34357881
869    2049.34357905
870    2049.34357943
871    2049.34357939
872    2049.34357941
873    2049.34357925
874    2049.34357919
875    2049.34357924
876    2049.34357915
877    2049.34357913
878    2049.34357918
879    2049.34357891
880    2049.34357874
881    2049.34357878
882    2049.34357902
883    2049.34357932
884    2049.34357927
885    2049.34357937
886    2049.34357938
887    2049.34357937
888    2049.34357906
889    2049.34357926
890    2049.34357923
891    2049.34357928
892    2049.34357933
893    2049.34357923
894    2049.34357944
895    2049.34357952
896    2049.34357964
897    2049.34357958
898    2049.34357962
899    2049.34357977
900    2049.34357968
901    2049.34357952
902    2049.3435798
903    2049.34357987
904    2049.34357996
905    2049.34358005
906    2049.34357983
907    2049.3435797
908    2049.34357997
909    2049.34358009
910    2049.34357996
911    2049.34357973
912    2049.34357967
913    2049.34357925
914    2049.34357942
915    2049.34357951
916    2049.34357978
917    2049.3435794
918    2049.34357972
919    2049.34357964
920    2049.34357978
921    2049.34357965
922    2049.34357977
923    2049.3435796
924    2049.34357965
925    2049.34357958
926    2049.34357956
927    2049.3435795
928    2049.34357937
929    2049.34357949
930    2049.34357923
931    2049.3435792
932    2049.3435794
933    2049.34357914
934    2049.34357907
935    2049.34357911
936    2049.34357903
937    2049.34357889
938    2049.34357914
939    2049.34357918
940    2049.34357917
941    2049.34357944
942    2049.34357942
943    2049.34357971
944    2049.34358
945    2049.34358015
946    2049.3435802
947    2049.34358029
948    2049.34358025
949    2049.34358027
950    2049.34358033
951    2049.34358029
952    2049.34358057
953    2049.34358076
954    2049.34358057
955    2049.34358068
956    2049.34358085
957    2049.34358086
958    2049.34358102
959    2049.34358125
960    2049.34358121
961    2049.34358132
962    2049.34358122
963    2049.34358112
964    2049.3435812
965    2049.34358156
966    2049.34358147
967    2049.34358162
968    2049.3435816
969    2049.34358154
970    2049.34358157
971    2049.34358143
972    2049.34358136
973    2049.34358119
974    2049.34358125
975    2049.34358108
976    2049.34358139
977    2049.34358133
978    2049.34358151
979    2049.34358147
980    2049.34358142
981    2049.34358135
982    2049.34358114
983    2049.34358083
984    2049.34358065
985    2049.34358088
986    2049.34358063
987    2049.34358048
988    2049.34358093
989    2049.3435809
990    2049.34358125
991    2049.34358136
992    2049.34358158
993    2049.34358141
994    2049.34358119
995    2049.34358117
996    2049.34358155
997    2049.34358159
998    2049.34358157
999    2049.34358144
1000    2049.34358124
1001    2049.34358089
1002    2049.34358098
1003    2049.34358089
1004    2049.34358104
1005    2049.34358103
1006    2049.34358079
1007    2049.34358039
1008    2049.34358061
1009    2049.34358064
1010    2049.34358068
1011    2049.34358096
1012    2049.34358113
1013    2049.3435814
1014    2049.34358125
1015    2049.34358131
1016    2049.34358124
1017    2049.34358138
1018    2049.34358153
1019    2049.34358123
1020    2049.34358115
1021    2049.3435812
1022    2049.34358105
1023    2049.34358102
1024    2049.34358115
