#x,Ay
1    -0
2    -9.62286e-08
3    -2.931508e-07
4    -8.61595e-09
5    9.726345e-08
6    1.38540835e-07
7    -9.1723015e-08
8    -2.15950515e-07
9    -3.64339815e-07
10    -6.19907865e-07
11    -7.00451065e-07
12    -7.94075165e-07
13    -4.73716165e-07
14    -3.41128565e-07
15    -2.48550965e-07
16    -1.73623815e-07
17    -3.43035515e-07
18    -2.31917965e-07
19    -1.9712869e-07
20    -3.2165849e-07
21    -2.73026755e-07
22    -4.32753955e-07
23    -4.09894425e-07
24    -3.15997125e-07
25    -4.21109125e-07
26    -7.37793825e-07
27    -7.426947875e-07
28    -3.675472875e-07
29    -2.286837875e-07
30    -3.331446375e-07
31    -2.581128375e-07
32    -1.017006375e-07
33    -1.962548875e-07
34    -2.033708775e-07
35    -6.6347275e-09
36    -3.911073775e-07
37    -3.133431275e-07
38    -4.520903775e-07
39    -6.951967275e-07
40    -1.1107204275e-06
41    -1.0721987425e-06
42    -1.0288865625e-06
43    -8.881859125e-07
44    -6.195922625e-07
45    -2.258874125e-07
46    -4.132518625e-07
47    -4.640637125e-07
48    -3.842915125e-07
49    -2.380184125e-07
50    -9.37103625e-08
51    -1.419060625e-07
52    -1.607188825e-07
53    -3.384732325e-07
54    -7.17166825e-08
55    -1.54864325e-08
56    3.148721675e-07
57    1.677154175e-07
58    6.50219175e-08
59    -8.23674325e-08
60    -1.165753375e-07
61    -1.447369775e-07
62    -1.497745625e-07
63    3.3121875e-09
64    1.000930875e-07
65    4.398001375e-07
66    6.156795875e-07
67    8.835523375e-07
68    9.032913575e-07
69    8.198994075e-07
70    7.101597075e-07
71    7.558322575e-07
72    8.062720575e-07
73    9.172791575e-07
74    1.0630290075e-06
75    9.793870575e-07
76    9.972555125e-07
77    1.1008791625e-06
78    9.868373125e-07
79    1.4028901125e-06
80    1.6254115125e-06
81    1.2541708625e-06
82    1.2464967625e-06
83    1.0927995625e-06
84    1.3005120125e-06
85    1.3490245625e-06
86    1.4148358125e-06
87    1.4453927025e-06
88    9.097632025e-07
89    1.1830311025e-06
90    1.5218079525e-06
91    1.4766121275e-06
92    1.2716146775e-06
93    1.3573321275e-06
94    1.2516155275e-06
95    1.1766069775e-06
96    1.6945859775e-06
97    1.9431106775e-06
98    2.1819613775e-06
99    2.1589390625e-06
100    2.2774342125e-06
101    2.4354784625e-06
102    2.3490052625e-06
103    2.2594914625e-06
104    1.8851230625e-06
105    1.7639743125e-06
106    1.8782777625e-06
107    1.7883512125e-06
108    1.7494342025e-06
109    1.6878931025e-06
110    1.9884622025e-06
111    1.9808346075e-06
112    2.3114025075e-06
113    2.2296849075e-06
114    2.4950694075e-06
115    2.4189097575e-06
116    2.4770585575e-06
117    2.4712797275e-06
118    2.5444860275e-06
119    2.4890696775e-06
120    2.3517976775e-06
121    2.1763164775e-06
122    2.0672627775e-06
123    1.9431515775e-06
124    2.2645686775e-06
125    2.4911291775e-06
126    2.2944337275e-06
127    2.2694347525e-06
128    2.4662523025e-06
129    2.6353791025e-06
130    3.0129915525e-06
131    3.2427496025e-06
132    3.4456250025e-06
133    3.6777201525e-06
134    3.7269855825e-06
135    3.6125222325e-06
136    3.6060108725e-06
137    3.8958594725e-06
138    3.9090217275e-06
139    3.7845151775e-06
140    3.8245077325e-06
141    4.1034498325e-06
142    3.8973652325e-06
143    4.0277465325e-06
144    4.0067822775e-06
145    4.0341706875e-06
146    3.7926456875e-06
147    3.6432331875e-06
148    3.9988000375e-06
149    3.9580807675e-06
150    3.7745534175e-06
151    3.6195597675e-06
152    3.6960217675e-06
153    3.7191807025e-06
154    3.6117200025e-06
155    3.4917481525e-06
156    3.6281292025e-06
157    3.5136397025e-06
158    3.3868077025e-06
159    3.4908034525e-06
160    3.4503865025e-06
161    3.4357243125e-06
162    3.4801294775e-06
163    4.0423739775e-06
164    4.1528868775e-06
165    4.3561343775e-06
166    4.4020714575e-06
167    3.9781353075e-06
168    4.3169121575e-06
169    4.5813664575e-06
170    4.4052806575e-06
171    4.3058603075e-06
172    4.3116740275e-06
173    4.1494713775e-06
174    4.1698048525e-06
175    4.1190627525e-06
176    4.1614563675e-06
177    4.2239887175e-06
178    4.1221324175e-06
179    4.2391043675e-06
180    4.0912034675e-06
181    4.0984182875e-06
182    4.0758000225e-06
183    4.1448204725e-06
184    4.2526067725e-06
185    4.3819270725e-06
186    4.6199289725e-06
187    4.6504858675e-06
188    4.6462302275e-06
189    4.4968162775e-06
190    4.7127347775e-06
191    4.8065042275e-06
192    5.1057943275e-06
193    5.0339600775e-06
194    4.9718870275e-06
195    4.9430509975e-06
196    5.0819290475e-06
197    5.1494262975e-06
198    5.1739311075e-06
199    5.2641599575e-06
200    5.1992789075e-06
201    5.1503041675e-06
202    5.2097087175e-06
203    5.1166325675e-06
204    5.0143576675e-06
205    5.3240194175e-06
206    5.1197239675e-06
207    5.0949342825e-06
208    5.2957574825e-06
209    5.3328955025e-06
210    5.4450072025e-06
211    5.2059239525e-06
212    5.0593718025e-06
213    4.9279818025e-06
214    5.0118621025e-06
215    5.0893473025e-06
216    5.1610188025e-06
217    5.3311049025e-06
218    5.5609094525e-06
219    5.5284921725e-06
220    5.9990775725e-06
221    5.9373010225e-06
222    5.7376275225e-06
223    5.7626381325e-06
224    5.8318911325e-06
225    5.5465074325e-06
226    5.5560651825e-06
227    5.8884353325e-06
228    6.0897759325e-06
229    5.9630369325e-06
230    6.0939850825e-06
231    6.0136395325e-06
232    6.1375239825e-06
233    6.1798478325e-06
234    6.2904712325e-06
235    6.5550534325e-06
236    6.7332786825e-06
237    6.6326316325e-06
238    6.6415963875e-06
239    6.5391819875e-06
240    6.6439509375e-06
241    6.4101465375e-06
242    6.6231378375e-06
243    6.7818522875e-06
244    7.1582089875e-06
245    7.2592499375e-06
246    7.1510450875e-06
247    7.0907219875e-06
248    7.086454717e-06
249    7.220937567e-06
250    0.969584820938
251    7.00864732094
252    13.7780418209
253    20.5478798209
254    27.3183483209
255    34.0872333209
256    40.8575398209
257    47.6275583209
258    54.3963108209
259    61.1674393209
260    67.9366173209
261    74.7059478209
262    81.4762628209
263    88.3309858209
264    100.376327321
265    124.798965321
266    158.087723321
267    191.937105821
268    225.976483821
269    264.625669321
270    305.243018321
271    345.863426821
272    386.481487821
273    427.111531821
274    471.499325821
275    519.920287321
276    574.908227321
277    635.461557321
278    696.389522321
279    757.317677321
280    818.347422321
281    883.734047321
282    951.431577321
283    1019.12882232
284    1086.85718732
285    1158.54760732
286    1235.81836732
287    1324.74283232
288    1419.35542732
289    1514.12953732
290    1608.90880732
291    1704.17899232
292    1804.43944732
293    1905.98428232
294    2010.71995232
295    2128.82019732
296    2260.98511232
297    2396.37891232
298    2535.11975232
299    2681.88898732
300    2847.91757232
301    3022.49824732
302    3198.51258232
303    3374.74412732
304    3563.26377732
305    3771.42229232
306    3986.86009732
307    4210.34568232
308    4441.44734732
309    4684.60366232
310    4934.72948732
311    5185.20957232
312    5435.69140232
313    5687.28896232
314    5948.24866732
315    6212.26914732
316    6476.29138732
317    6740.31278732
318    7004.33683232
319    7270.43451732
320    7543.93672732
321    7821.52141732
322    8105.92115732
323    8403.67426732
324    8708.05165232
325    9020.32798732
326    9355.34857232
327    9696.64113732
328    10046.4329023
329    10412.3211273
330    10792.0175423
331    11189.1207673
332    11602.6449823
333    12037.1527173
334    12490.5147923
335    12973.2583323
336    13473.6946823
337    13991.3764823
338    14527.5246323
339    15089.3282823
340    15664.9992823
341    16263.9721323
342    16912.4161823
343    17650.5387323
344    18498.9878823
345    19503.9073323
346    20693.5648823
347    22179.8248823
348    24175.6541323
349    27239.6443323
350    32870.4733323
351    41944.8513323
352    47821.1628323
353    49291.9876323
354    49592.8209323
355    49096.4347623
356    49081.6213733
357    48792.1354483
358    48535.8917783
359    48349.0696333
360    48437.5959483
361    48314.5011333
362    48224.6520533
363    47985.5554283
364    47924.0858733
365    48021.3709833
366    48341.0818883
367    48429.5848033
368    48464.7554913
369    48744.0293513
370    48485.3613613
371    48610.7966713
372    48691.8323313
373    48955.1302163
374    48703.4103713
375    48402.4565263
376    48322.9328213
377    48404.5620113
378    48342.3844013
379    48331.2056428
380    48398.6883678
381    48461.6748228
382    48488.1181608
383    48699.2095558
384    48604.9086058
385    48482.1056608
386    48133.2859608
387    48136.9332853
388    47931.8252853
389    47977.6330753
390    47965.2035073
391    48243.4610073
392    48077.1023273
393    47797.6571723
394    47574.7564773
395    47741.9669523
396    47795.3482073
397    47707.0958123
398    47574.9320223
399    47480.2142123
400    47658.2996073
401    47724.1044623
402    47493.2663123
403    47222.1110723
404    47252.1698318
405    47294.4894348
406    47289.4828688
407    47279.9142218
408    47478.2698818
409    47281.6499818
410    47247.9642883
411    47059.7540933
412    47213.3882033
413    47106.9078583
414    47178.1814183
415    47092.1656333
416    47236.3634683
417    47219.3584483
418    47193.6976968
419    47028.9346218
420    47020.9483268
421    47147.6454618
422    47019.3047168
423    47054.0372633
424    47441.8148383
425    47280.1583433
426    47342.7672283
427    47402.3610483
428    47122.0421533
429    47077.1025463
430    47014.5908963
431    47175.2511513
432    47091.4855863
433    47135.0226463
434    47290.5972263
435    47390.0162713
436    47432.7345333
437    47535.2130033
438    47599.6686733
439    47661.9516433
440    47225.3959883
441    47386.9120633
442    47434.2088158
443    47458.1500048
444    47520.0562398
445    47648.0383898
446    47651.3810951
447    47565.9977401
448    47851.9625201
449    47875.2552281
450    47872.700844
451    47837.238915
452    47688.363755
453    47892.508005
454    47842.866584
455    48134.973889
456    48362.938509
457    48289.613689
458    48479.317309
459    48308.285489
460    48296.8220635
461    48179.3514435
462    48203.8862045
463    48234.3498025
464    48312.2056475
465    48166.9638925
466    48205.7270465
467    48151.8107965
468    48242.9182165
469    48110.0895665
470    47927.6449015
471    48272.2397415
472    48257.545142
473    48408.029712
474    48193.513282
475    48257.309082
476    48117.744057
477    48071.689007
478    48041.2037155
479    48105.0553505
480    48375.0794605
481    48472.0903655
482    48290.8799655
483    48139.6829755
484    48186.1255995
485    48158.7844795
486    48216.1872145
487    48098.3644845
488    47997.5665245
489    48196.5752945
490    47876.8441345
491    47687.1269195
492    47926.5498945
493    47872.7729445
494    47907.518222
495    47852.139207
496    47711.261557
497    47852.211902
498    48027.824257
499    48035.3757275
500    47919.0364875
501    47958.071526
502    47719.246606
503    48049.155651
504    47928.750831
505    47826.741776
506    47757.668411
507    47877.738676
508    47890.224656
509    47905.99576
510    47814.47019
511    47714.76718
512    47798.399255
513    47698.603305
514    47545.080475
515    47708.365445
516    47840.349705
517    47857.089829
518    47671.451059
519    47531.491054
520    47656.829749
521    47703.742097
522    47819.774392
523    48048.692867
524    48046.9889947
525    47797.0985047
526    48027.1610947
527    48174.0037597
528    48199.8257372
529    48096.2229572
530    47822.0799522
531    47841.2139377
532    47697.6759577
533    47664.2246732
534    47712.2858007
535    47796.9900457
536    48081.7028007
537    48071.3961487
538    47906.7241887
539    47990.5185087
540    47773.7399187
541    47554.5799787
542    47434.6497737
543    47579.8261737
544    47604.3892867
545    47448.0883517
546    47782.6339667
547    47719.8665717
548    47680.7893032
549    47817.5147682
550    47739.8447982
551    47383.9800982
552    47706.2531932
553    47364.9034482
554    47334.5466097
555    47409.8394797
556    47541.1504997
557    47516.7099212
558    47489.1040307
559    47615.9548257
560    47512.3610557
561    47595.2366757
562    47686.9501307
563    47664.9060422
564    47686.3215112
565    48004.6340012
566    48256.0996062
567    48387.3706912
568    48297.5658112
569    48175.9102162
570    48235.0458412
571    47956.5041012
572    47752.7208712
573    47951.0262962
574    47905.9043402
575    48025.5035852
576    48093.9957752
577    48063.0440387
578    48124.2500687
579    47881.6258837
580    48196.3697537
581    48102.0162237
582    48050.7360437
583    48065.1304887
584    48070.1112605
585    47939.7920555
586    48192.7723605
587    48143.014808
588    48454.838578
589    48524.150018
590    48540.824871
591    48627.146301
592    48846.913411
593    48637.996111
594    48573.440636
595    48248.397211
596    48565.487636
597    48656.594956
598    48347.929961
599    48364.0266175
600    48229.7264275
601    48422.1950525
602    48790.7548525
603    48701.7901325
604    48508.2190275
605    48666.7213775
606    48791.3042975
607    48731.4324625
608    48787.3705975
609    48649.9493675
610    48875.1264375
611    48879.9800686
612    48571.3311486
613    48872.2696336
614    48726.0211836
615    48840.9330686
616    48695.7994186
617    48781.9887386
618    48917.7855486
619    49131.0785836
620    49082.1305541
621    49126.1056041
622    49241.3592741
623    49178.3239441
624    49288.1446341
625    49174.5353991
626    49151.0680761
627    49165.4114606
628    49170.3432049
629    49109.5673349
630    49044.7360749
631    48866.0435099
632    48911.3791899
633    48786.1903999
634    48633.8196999
635    48843.0103049
636    48737.4355349
637    48708.0227194
638    48765.8755844
639    48698.8198944
640    48728.1677624
641    48600.9858174
642    48895.0195924
643    49026.5908424
644    48838.6808024
645    48550.7092474
646    48448.7081874
647    48218.6646824
648    48234.6066934
649    48122.4848484
650    48614.5494934
651    48891.0047734
652    48691.6364784
653    48682.7516344
654    49039.3079044
655    48740.1379694
656    48655.3790994
657    48588.2442644
658    48874.1638244
659    48928.7436244
660    48725.9061794
661    48805.3360144
662    48912.2130044
663    48978.4099494
664    49024.6905049
665    48970.0776799
666    48913.6676049
667    48904.2705989
668    49070.4868239
669    48835.1816389
670    48775.1354489
671    48842.3769839
672    47944.0063839
673    45442.1207839
674    38495.6737839
675    29224.4177839
676    23501.2412839
677    20121.9331339
678    17654.5266339
679    15739.5103339
680    14125.1538339
681    12734.9792839
682    11525.0768339
683    10472.7357839
684    9561.64323387
685    8753.83568387
686    8012.94078387
687    7331.19838387
688    6707.01943387
689    6128.26348387
690    5588.14733387
691    5086.50423387
692    4619.02148887
693    4184.34315387
694    3772.06957387
695    3384.38997387
696    3007.36644387
697    2639.51705387
698    2274.07631887
699    1919.48985887
700    1574.88854387
701    1246.45055887
702    931.549483871
703    630.031598871
704    341.548558871
705    61.3874838709
706    -209.755631129
707    -480.545466129
708    -751.339831129
709    -1020.86146613
710    -1282.92016613
711    -1540.23961113
712    -1795.72892113
713    -2046.09495613
714    -2289.81019113
715    -2525.50623613
716    -2755.99485113
717    -2986.07180113
718    -3209.40550613
719    -3423.95310613
720    -3628.35745113
721    -3827.98762113
722    -4007.00049613
723    -4176.08084613
724    -4333.19183613
725    -4475.35359113
726    -4610.88521113
727    -4746.20271613
728    -4875.12580113
729    -4991.24735113
730    -5101.15721113
731    -5205.93308613
732    -5307.48092113
733    -5409.02673113
734    -5510.57380113
735    -5612.12119613
736    -5713.66725113
737    -5815.21510113
738    -5916.66450113
739    -6013.26670613
740    -6102.53548113
741    -6190.25536613
742    -6264.91277113
743    -6321.11834113
744    -6374.14314613
745    -6421.03725163
746    -6459.07516513
747    -6486.87765863
748    -6513.24405613
749    -6534.54519013
750    -6554.85414513
751    -6575.16302963
752    -6595.47385713
753    -6615.78247163
754    -6636.09137513
755    -6656.40095613
756    -6676.71066113
757    -6695.90664213
758    -6710.06110613
759    -6723.60042513
760    -6737.14084513
761    -6748.81960863
762    -6755.81519863
763    -6762.58496013
764    -6769.35540563
765    -6776.12493163
766    -6781.24367363
767    -6781.55152639
768    -6781.55152667
769    -6781.55152674
770    -6781.55152678
771    -6781.55152635
772    -6781.55152642
773    -6781.55152647
774    -6781.55152625
775    -6781.55152646
776    -6781.55152585
777    -6781.55152558
778    -6781.55152543
779    -6781.55152536
780    -6781.55152505
781    -6781.55152492
782    -6781.55152514
783    -6781.55152522
784    -6781.55152493
785    -6781.55152494
786    -6781.55152473
787    -6781.55152488
788    -6781.55152485
789    -6781.55152477
790    -6781.55152477
791    -6781.55152458
792    -6781.5515246
793    -6781.5515244
794    -6781.55152452
795    -6781.55152457
796    -6781.55152466
797    -6781.55152457
798    -6781.55152454
799    -6781.5515245
800    -6781.55152446
801    -6781.55152412
802    -6781.55152415
803    -6781.55152408
804    -6781.55152389
805    -6781.5515237
806    -6781.55152375
807    -6781.55152366
808    -6781.55152353
809    -6781.55152374
810    -6781.55152361
811    -6781.55152376
812    -6781.5515236
813    -6781.55152381
814    -6781.55152391
815    -6781.55152406
816    -6781.55152413
817    -6781.55152414
818    -6781.5515243
819    -6781.55152412
820    -6781.55152436
821    -6781.55152445
822    -6781.5515244
823    -6781.55152453
824    -6781.55152411
825    -6781.55152432
826    -6781.5515244
827    -6781.55152404
828    -6781.55152373
829    -6781.55152401
830    -6781.5515238
831    -6781.55152387
832    -6781.55152398
833    -6781.55152427
834    -6781.55152437
835    -6781.55152455
836    -6781.55152442
837    -6781.5515244
838    -6781.55152465
839    -6781.55152455
840    -6781.55152442
841    -6781.55152462
842    -6781.55152481
843    -6781.55152463
844    -6781.55152521
845    -6781.55152543
846    -6781.55152548
847    -6781.55152565
848    -6781.55152582
849    -6781.55152617
850    -6781.55152594
851    -6781.5515257
852    -6781.55152588
853    -6781.55152565
854    -6781.55152534
855    -6781.55152538
856    -6781.55152545
857    -6781.55152529
858    -6781.55152529
859    -6781.55152475
860    -6781.55152471
861    -6781.55152457
862    -6781.55152484
863    -6781.55152507
864    -6781.55152505
865    -6781.55152514
866    -6781.55152495
867    -6781.5515248
868    -6781.55152489
869    -6781.55152497
870    -6781.55152505
871    -6781.55152501
872    -6781.5515248
873    -6781.55152461
874    -6781.55152474
875    -6781.55152504
876    -6781.55152528
877    -6781.55152526
878    -6781.55152531
879    -6781.55152522
880    -6781.55152506
881    -6781.55152531
882    -6781.55152555
883    -6781.55152566
884    -6781.55152576
885    -6781.55152572
886    -6781.5515258
887    -6781.551526
888    -6781.5515262
889    -6781.55152576
890    -6781.55152575
891    -6781.5515259
892    -6781.55152586
893    -6781.55152568
894    -6781.5515254
895    -6781.55152526
896    -6781.55152505
897    -6781.55152518
898    -6781.55152504
899    -6781.55152506
900    -6781.55152522
901    -6781.55152492
902    -6781.55152508
903    -6781.55152539
904    -6781.55152545
905    -6781.55152531
906    -6781.55152542
907    -6781.55152541
908    -6781.55152509
909    -6781.55152529
910    -6781.55152552
911    -6781.55152572
912    -6781.55152589
913    -6781.55152609
914    -6781.55152572
915    -6781.55152565
916    -6781.55152594
917    -6781.55152579
918    -6781.55152558
919    -6781.55152567
920    -6781.55152537
921    -6781.551525
922    -6781.5515246
923    -6781.55152447
924    -6781.55152439
925    -6781.55152482
926    -6781.55152475
927    -6781.55152512
928    -6781.55152503
929    -6781.55152529
930    -6781.55152556
931    -6781.5515253
932    -6781.55152539
933    -6781.55152532
934    -6781.55152522
935    -6781.55152514
936    -6781.55152535
937    -6781.55152539
938    -6781.55152537
939    -6781.55152546
940    -6781.55152551
941    -6781.55152534
942    -6781.55152514
943    -6781.55152502
944    -6781.55152496
945    -6781.55152495
946    -6781.55152523
947    -6781.55152521
948    -6781.55152503
949    -6781.55152503
950    -6781.55152512
951    -6781.55152519
952    -6781.55152512
953    -6781.55152508
954    -6781.55152512
955    -6781.55152522
956    -6781.55152538
957    -6781.5515255
958    -6781.55152514
959    -6781.5515251
960    -6781.55152507
961    -6781.55152517
962    -6781.55152533
963    -6781.55152521
964    -6781.55152512
965    -6781.55152516
966    -6781.55152517
967    -6781.55152506
968    -6781.5515245
969    -6781.55152442
970    -6781.55152423
971    -6781.55152423
972    -6781.55152432
973    -6781.55152444
974    -6781.55152441
975    -6781.55152436
976    -6781.55152444
977    -6781.55152451
978    -6781.55152463
979    -6781.55152465
980    -6781.55152454
981    -6781.55152455
982    -6781.55152475
983    -6781.55152486
984    -6781.55152491
985    -6781.55152486
986    -6781.55152479
987    -6781.55152467
988    -6781.55152482
989    -6781.55152489
990    -6781.55152483
991    -6781.55152471
992    -6781.55152456
993    -6781.55152462
994    -6781.55152458
995    -6781.5515244
996    -6781.55152441
997    -6781.55152442
998    -6781.55152423
999    -6781.55152428
1000    -6781.55152459
1001    -6781.55152475
1002    -6781.55152512
1003    -6781.551525
1004    -6781.55152528
1005    -6781.5515253
1006    -6781.55152503
1007    -6781.55152495
1008    -6781.55152484
1009    -6781.55152474
1010    -6781.55152468
1011    -6781.55152468
1012    -6781.55152475
1013    -6781.55152475
1014    -6781.55152478
1015    -6781.55152484
1016    -6781.5515251
1017    -6781.55152481
1018    -6781.55152474
1019    -6781.55152452
1020    -6781.55152429
1021    -6781.55152451
1022    -6781.55152465
1023    -6781.55152453
1024    -6781.55152456
