#x,Ay
1    -0
2    -6.800885e-08
3    2.4437375e-07
4    3.9769305e-07
5    4.2427336e-07
6    4.6380808e-07
7    5.9680263e-07
8    7.0397268e-07
9    7.11614805e-07
10    5.27134005e-07
11    7.14097305e-07
12    8.09349205e-07
13    7.36096405e-07
14    7.28492065e-07
15    6.82447435e-07
16    7.23422505e-07
17    6.91865655e-07
18    6.6670389e-07
19    6.9191216e-07
20    6.1847331e-07
21    6.5558807e-07
22    6.45937305e-07
23    5.48641505e-07
24    7.93526855e-07
25    8.1128485e-07
26    2.4244785e-07
27    3.3476965e-07
28    2.8622512e-07
29    1.8248517e-07
30    1.4335886e-07
31    3.743296e-08
32    3.2247125e-08
33    5.52644625e-07
34    7.93088275e-07
35    7.5921466e-07
36    8.4530416e-07
37    7.4343621e-07
38    7.88431465e-07
39    5.83561915e-07
40    3.61687265e-07
41    3.5329226e-07
42    4.6649696e-07
43    4.45102485e-07
44    6.81377685e-07
45    4.47991885e-07
46    3.16348985e-07
47    3.4054858e-07
48    1.8848503e-07
49    -9.57372e-09
50    9.504988e-08
51    1.3009132e-07
52    -7.458493e-08
53    5.475862e-08
54    -9.781653e-08
55    -2.4599653e-07
56    -1.4923303e-07
57    -1.17978495e-07
58    1.85381205e-07
59    -2.2842845e-08
60    1.09895905e-07
61    9.60331e-08
62    -8.03783e-08
63    -1.670259e-07
64    -2.525573e-07
65    -6.034732e-07
66    -5.397549e-07
67    -7.393165e-07
68    -5.55324e-07
69    -4.3696835e-07
70    -2.507129e-07
71    -4.1628755e-07
72    -5.2637605e-07
73    -9.39801e-07
74    -9.1380206e-07
75    -8.848265e-07
76    -9.832178e-07
77    -8.2128255e-07
78    -6.736374e-07
79    -9.8929895e-07
80    -1.05204565e-06
81    -1.091137075e-06
82    -1.256909375e-06
83    -1.21697641e-06
84    -1.184397435e-06
85    -1.421410985e-06
86    -1.420065108e-06
87    -1.207469158e-06
88    -1.200399678e-06
89    -1.456132678e-06
90    -1.675193478e-06
91    -1.655827988e-06
92    -1.751153688e-06
93    -1.708318233e-06
94    -1.854684333e-06
95    -1.899380178e-06
96    -1.652832128e-06
97    -1.935236278e-06
98    -1.997280278e-06
99    -2.154948228e-06
100    -1.917027728e-06
101    -1.679549078e-06
102    -1.575344028e-06
103    -1.259496478e-06
104    -1.495951928e-06
105    -1.401199978e-06
106    -1.470964578e-06
107    -1.289390578e-06
108    -1.164382978e-06
109    -1.300051828e-06
110    -1.140523478e-06
111    -9.20856578e-07
112    -7.52933228e-07
113    -6.92982178e-07
114    -7.43747528e-07
115    -7.15888203e-07
116    -5.49162453e-07
117    -5.78594388e-07
118    -3.82067538e-07
119    -4.12729078e-07
120    -4.35111883e-07
121    -4.12856978e-07
122    -8.94395428e-07
123    -8.12759228e-07
124    -9.47727528e-07
125    -1.130766578e-06
126    -1.345618278e-06
127    -1.578690128e-06
128    -1.613432893e-06
129    -1.586271208e-06
130    -1.398441658e-06
131    -1.321421558e-06
132    -1.156737858e-06
133    -1.288662708e-06
134    -1.380240358e-06
135    -1.431168508e-06
136    -1.730040008e-06
137    -1.788177158e-06
138    -1.923078608e-06
139    -1.872383008e-06
140    -1.970251108e-06
141    -1.877964208e-06
142    -1.943984758e-06
143    -1.895614643e-06
144    -2.012425293e-06
145    -2.007832456e-06
146    -2.043121716e-06
147    -2.210324166e-06
148    -1.930754216e-06
149    -1.743273516e-06
150    -1.777865121e-06
151    -1.574687371e-06
152    -1.885232821e-06
153    -1.722841221e-06
154    -1.497548121e-06
155    -1.623752271e-06
156    -1.564344821e-06
157    -1.806599471e-06
158    -1.731323471e-06
159    -1.566120921e-06
160    -1.458615121e-06
161    -1.302598271e-06
162    -1.340922286e-06
163    -1.205671986e-06
164    -1.368758336e-06
165    -1.526638486e-06
166    -1.723874586e-06
167    -1.643319736e-06
168    -1.503575436e-06
169    -1.314025036e-06
170    -1.283851851e-06
171    -1.387708051e-06
172    -1.322966501e-06
173    -1.217598701e-06
174    -1.326672751e-06
175    -1.201933651e-06
176    -1.245048171e-06
177    -1.304999221e-06
178    -1.208631071e-06
179    -1.056869821e-06
180    -9.62129521e-07
181    -1.173562721e-06
182    -1.016499371e-06
183    -6.84489671e-07
184    -9.25944921e-07
185    -1.089380071e-06
186    -9.07624421e-07
187    -7.01411921e-07
188    -7.17992996e-07
189    -8.46452846e-07
190    -7.03435446e-07
191    -5.33387196e-07
192    -6.11715396e-07
193    -4.01119346e-07
194    2.51028654e-07
195    5.70690004e-07
196    6.38966304e-07
197    4.64118804e-07
198    1.36504304e-07
199    8.8645794e-08
200    4.4182494e-08
201    1.58474344e-07
202    2.79213594e-07
203    3.02387069e-07
204    4.05034019e-07
205    5.59362019e-07
206    8.88976469e-07
207    7.49958919e-07
208    8.00561519e-07
209    9.55159869e-07
210    1.031505619e-06
211    1.365933819e-06
212    1.522718119e-06
213    1.670467919e-06
214    1.569274369e-06
215    1.840112119e-06
216    1.660724069e-06
217    1.503387469e-06
218    1.675566469e-06
219    1.657706734e-06
220    1.579872734e-06
221    1.760911834e-06
222    1.612025484e-06
223    1.543295734e-06
224    1.605200184e-06
225    1.442881234e-06
226    1.404202589e-06
227    1.388796244e-06
228    1.283031694e-06
229    1.158897244e-06
230    1.243986794e-06
231    1.339401494e-06
232    1.234245894e-06
233    1.162171094e-06
234    1.340320794e-06
235    1.513503744e-06
236    1.387404244e-06
237    1.222759794e-06
238    1.521084794e-06
239    1.333464544e-06
240    1.701519294e-06
241    1.794608494e-06
242    1.759772709e-06
243    1.704001709e-06
244    1.817183109e-06
245    2.156516609e-06
246    1.796717359e-06
247    1.838910404e-06
248    1.772285204e-06
249    1.524237204e-06
250    0.0062602442372
251    3.68101034424
252    10.4504048442
253    17.2202428442
254    23.9907118442
255    30.7595968442
256    37.5299033442
257    44.2999213442
258    51.0686738442
259    57.8398023442
260    64.6089803442
261    71.3783108442
262    78.1486258442
263    85.0471213442
264    96.3915323442
265    111.521096344
266    138.050476344
267    171.891886844
268    208.212465344
269    248.759606344
270    289.376955344
271    330.358052344
272    376.210929344
273    423.810314844
274    477.087974844
275    537.333419844
276    598.261784844
277    660.631719844
278    727.921764844
279    795.619774844
280    863.317459844
281    932.584144844
282    1010.22302984
283    1099.69950484
284    1194.30073984
285    1289.07815484
286    1383.85484484
287    1479.53086984
288    1580.28484984
289    1681.82854984
290    1788.28842484
291    1912.29397484
292    2043.38896484
293    2178.71255984
294    2314.77404984
295    2458.14541484
296    2615.52141484
297    2785.27881484
298    2960.82313484
299    3137.01435484
300    3318.99008984
301    3515.11541484
302    3729.85966484
303    3946.49196484
304    4163.90385484
305    4386.39242984
306    4611.33792984
307    4848.90115984
308    5095.71092484
309    5346.18943484
310    5596.67240984
311    5847.15249484
312    6097.63432484
313    6348.11918484
314    6602.19172984
315    6865.20412484
316    7129.22636484
317    7393.24776484
318    7657.27180984
319    7921.29126484
320    8185.31321984
321    8452.43594984
322    8724.40670484
323    9001.86599484
324    9284.87399484
325    9575.25239984
326    9875.94303484
327    10185.4417898
328    10506.4831148
329    10832.3932148
330    11168.1342848
331    11512.3006848
332    11871.5700598
333    12237.3838998
334    12618.0962448
335    13018.0162498
336    13437.2225998
337    13873.1338298
338    14333.1874998
339    14824.7629598
340    15345.5999598
341    15885.9785098
342    16449.6199598
343    17049.5683598
344    17698.1892098
345    18421.5905098
346    19252.7905598
347    20264.7089098
348    21608.1401598
349    23594.1409598
350    27616.2583098
351    35388.5593098
352    42231.5203098
353    44858.0082098
354    44697.0060298
355    44362.8136348
356    44169.4396298
357    43800.6109248
358    43597.6609848
359    43560.4293943
360    43567.8546198
361    43832.3313748
362    43660.8964198
363    43604.2473148
364    43794.7627798
365    43969.3252898
366    44132.8294298
367    44288.0994998
368    44420.1079298
369    44475.5907498
370    44387.5487748
371    44415.8845238
372    44412.9467299
373    44352.1149949
374    44273.8115399
375    43871.6916149
376    43859.9727964
377    43975.7416264
378    44102.8116514
379    44147.4948384
380    44168.0093714
381    44512.7757964
382    44404.4754464
383    44527.8333864
384    44381.0746564
385    44207.7895664
386    44246.0492759
387    44304.1181509
388    44043.1074959
389    44295.3152759
390    44229.8038709
391    44262.3502439
392    44256.8491854
393    43991.0701304
394    43745.0015154
395    43936.8243454
396    44143.8490854
397    43929.2037154
398    43961.3338324
399    43716.8255274
400    44063.1836574
401    43872.0830374
402    43785.0098174
403    43391.7909074
404    43198.3611574
405    43431.9223474
406    43343.1244374
407    43416.9111274
408    43854.3549174
409    43558.7682024
410    43590.5655044
411    43432.8507544
412    43545.9681844
413    43396.5841644
414    43302.7966694
415    43326.2133479
416    43442.6906429
417    43368.8465329
418    43353.9043199
419    43415.0674949
420    43368.8473709
421    43373.5568717
422    43520.1175367
423    43620.7866817
424    43680.8636317
425    43921.8861167
426    44043.3100217
427    43784.9360817
428    43754.5875787
429    43593.9890087
430    43599.1124732
431    43640.3595437
432    43868.6364837
433    43928.5380937
434    43899.3524017
435    44230.3649467
436    44081.2064967
437    44270.4695067
438    44530.4585417
439    44310.8223167
440    44176.8736967
441    44090.4086217
442    44135.0567162
443    44318.6261462
444    44323.8644937
445    44112.2370737
446    44094.8147107
447    44206.4758407
448    44245.9511712
449    44146.9458312
450    44112.1667312
451    44292.0612512
452    44123.8255462
453    43995.7593462
454    44126.1897162
455    44494.9260112
456    44518.9942787
457    44418.2589437
458    44743.8378187
459    44538.6247387
460    44679.2789837
461    44502.8402187
462    44497.8515547
463    44803.0332297
464    44802.1762064
465    44959.8448164
466    45013.2502364
467    44878.7963514
468    44878.5628382
469    44808.5022182
470    44744.4821182
471    44804.7022532
472    44836.7104837
473    45041.9231987
474    44973.5712037
475    44966.1052167
476    44943.3349562
477    44855.8976662
478    44980.5567762
479    44925.2200612
480    45025.3545762
481    45128.7192962
482    45125.996166
483    44919.442401
484    45067.840891
485    45091.561513
486    45224.109813
487    45368.308378
488    45258.659003
489    45427.554243
490    45287.620968
491    45342.634533
492    45347.658897
493    45328.9220725
494    45525.3213825
495    45383.3552225
496    45385.2852606
497    45576.3107606
498    45623.5758511
499    45697.7269361
500    45655.5440421
501    45624.5125771
502    45633.5481636
503    45863.7345986
504    45794.0584036
505    45630.7033286
506    45637.8558636
507    45725.7510686
508    45599.8036036
509    45516.7607436
510    45615.5047336
511    45448.6114736
512    45599.6255136
513    45539.5785436
514    45584.5137371
515    45664.7428171
516    45905.5447521
517    45937.3774791
518    45729.5132191
519    45994.7398491
520    45915.0336841
521    46100.4930891
522    46295.7288891
523    46356.5469991
524    46096.5910191
525    46203.8144091
526    46205.7394667
527    46260.7860367
528    46338.5050267
529    46376.9456767
530    46231.2220817
531    46206.5048697
532    46074.2262697
533    46108.2122612
534    46094.1234637
535    46103.1374577
536    46331.5524127
537    46325.5855097
538    46118.3597947
539    46259.7852247
540    46217.9183677
541    45937.6629227
542    45948.4379127
543    46114.8960327
544    46107.4271547
545    46116.4971692
546    46177.2618742
547    46121.3233592
548    46172.1869192
549    46155.3900987
550    46051.1058587
551    46013.0669057
552    45917.4356357
553    45700.8187157
554    45764.9292857
555    45601.8296457
556    45541.5046257
557    45807.6287307
558    45773.8789527
559    45656.3322327
560    45710.2517627
561    45704.4324672
562    45537.8728272
563    45516.4859832
564    45538.6300342
565    45596.3470992
566    45939.0238642
567    45869.3021642
568    45833.3220297
569    45625.8108647
570    45754.8824097
571    45479.5255747
572    45428.8667497
573    45546.7429147
574    45594.4798387
575    45661.6804137
576    45564.6283037
577    45402.8764637
578    45581.9183187
579    45490.8266987
580    45483.3670097
581    45446.4529002
582    45407.0717317
583    45569.1921817
584    45523.7390542
585    45442.4107942
586    45635.2112742
587    45555.2418342
588    45724.8373692
589    45657.4229442
590    45589.1180642
591    45764.9223992
592    45871.8649542
593    45814.1978692
594    45720.3341092
595    45675.0583842
596    45627.1240122
597    45753.6456522
598    45660.6942222
599    45650.6363792
600    45676.7021662
601    45883.5144262
602    46029.6840262
603    46164.1070662
604    46226.4152862
605    45987.8197412
606    46264.9751712
607    46238.7836702
608    46211.0007222
609    46154.0444022
610    46215.1131372
611    45952.7144672
612    46091.7551022
613    45891.6588272
614    46038.9588922
615    46181.7754872
616    46268.2052222
617    46342.4456722
618    46452.8471572
619    46573.6551972
620    46643.6512222
621    46622.2706077
622    46543.4792677
623    46750.4014877
624    46601.6833477
625    46576.9223852
626    46588.4161887
627    46599.4590727
628    46550.2478802
629    46488.4169102
630    46462.0343567
631    46495.8512832
632    46432.8741882
633    46575.5245682
634    46631.6410032
635    46656.0480972
636    46752.7137972
637    46695.1175372
638    46653.9206782
639    46585.3416432
640    46400.5126532
641    46533.1025382
642    46827.5716582
643    46868.6533297
644    46842.0795567
645    46555.1347267
646    46346.0683317
647    46040.3451867
648    45911.6220667
649    45796.0238867
650    46014.5345517
651    46145.7656117
652    46023.6255967
653    45947.0870067
654    46177.4335967
655    46022.7598717
656    46095.0950167
657    46167.7919517
658    46039.6802617
659    46154.6290017
660    46169.6088172
661    45961.6815422
662    45806.6455472
663    45982.0953122
664    46027.4699197
665    45642.3998397
666    45777.5445747
667    45693.4096697
668    45843.6471097
669    45805.9169437
670    45503.9573887
671    45628.2296287
672    44710.2526287
673    42520.0214787
674    36218.6969787
675    27265.7039787
676    21272.7059787
677    17788.4196787
678    15335.2910287
679    13354.5217787
680    11695.4110787
681    10282.0784287
682    9068.06687865
683    8007.76912865
684    7068.97502865
685    6226.51522865
686    5462.86492865
687    4754.84967865
688    4100.69707865
689    3502.55942865
690    2957.92202865
691    2446.50527865
692    1966.88661865
693    1517.37842865
694    1093.98920365
695    691.014033654
696    302.265173654
697    -77.7001863458
698    -438.126681346
699    -789.855651346
700    -1127.07404635
701    -1451.45631635
702    -1769.44055135
703    -2071.39034135
704    -2362.80495135
705    -2652.43028635
706    -2929.32885635
707    -3200.16966635
708    -3469.17655635
709    -3733.44761135
710    -3995.72139135
711    -4253.23674635
712    -4510.05451135
713    -4761.92824135
714    -5008.56208135
715    -5244.54703635
716    -5475.13764135
717    -5705.31117135
718    -5933.78728135
719    -6152.65423635
720    -6364.13454635
721    -6567.13417135
722    -6759.39019135
723    -6935.57565635
724    -7101.52441135
725    -7256.74721635
726    -7402.16021135
727    -7538.51026635
728    -7673.53812135
729    -7802.03341135
730    -7917.09182135
731    -8025.41127635
732    -8129.06209135
733    -8230.60790135
734    -8332.15497135
735    -8433.70236635
736    -8535.24842135
737    -8636.79627135
738    -8738.34193635
739    -8839.88934135
740    -8941.24888635
741    -9038.00283635
742    -9130.44690635
743    -9218.44773635
744    -9296.11374135
745    -9353.34317135
746    -9407.47750135
747    -9457.59366635
748    -9499.40998635
749    -9529.07134935
750    -9556.07129535
751    -9578.81029585
752    -9599.12112335
753    -9619.42973635
754    -9639.73863985
755    -9660.04822085
756    -9680.35792585
757    -9700.66721335
758    -9720.97647935
759    -9741.28547385
760    -9760.58066985
761    -9774.81294635
762    -9788.35187885
763    -9801.89137685
764    -9813.29582335
765    -9820.20810485
766    -9826.97772985
767    -9833.74730785
768    -9840.51710735
769    -9846.78919435
770    -9848.07405885
771    -9848.07405904
772    -9848.07405889
773    -9848.07405903
774    -9848.07405884
775    -9848.07405878
776    -9848.0740587
777    -9848.07405854
778    -9848.07405855
779    -9848.07405847
780    -9848.0740585
781    -9848.07405855
782    -9848.07405837
783    -9848.07405839
784    -9848.07405848
785    -9848.07405885
786    -9848.07405895
787    -9848.07405899
788    -9848.07405908
789    -9848.07405875
790    -9848.07405867
791    -9848.07405866
792    -9848.07405892
793    -9848.074059
794    -9848.07405906
795    -9848.07405915
796    -9848.07405926
797    -9848.07405976
798    -9848.07405963
799    -9848.07405951
800    -9848.07405939
801    -9848.07405959
802    -9848.07405951
803    -9848.07405961
804    -9848.07405974
805    -9848.07405968
806    -9848.07405955
807    -9848.07405968
808    -9848.07405958
809    -9848.07406004
810    -9848.07405979
811    -9848.07405967
812    -9848.07405968
813    -9848.07405996
814    -9848.07406013
815    -9848.07405996
816    -9848.07406021
817    -9848.07406046
818    -9848.07406066
819    -9848.07406072
820    -9848.07406073
821    -9848.07406081
822    -9848.07406081
823    -9848.07406085
824    -9848.07406084
825    -9848.07406068
826    -9848.07406059
827    -9848.07406073
828    -9848.07406058
829    -9848.07406054
830    -9848.07406051
831    -9848.07406055
832    -9848.07406052
833    -9848.07406086
834    -9848.07406068
835    -9848.07406063
836    -9848.07406026
837    -9848.07406034
838    -9848.07406028
839    -9848.0740606
840    -9848.07406073
841    -9848.07406053
842    -9848.07406081
843    -9848.07406041
844    -9848.07406043
845    -9848.07406042
846    -9848.07406058
847    -9848.07406045
848    -9848.07406036
849    -9848.07406017
850    -9848.07406025
851    -9848.07405983
852    -9848.0740597
853    -9848.07405959
854    -9848.07405961
855    -9848.07405987
856    -9848.07405994
857    -9848.07405972
858    -9848.07405989
859    -9848.07405989
860    -9848.07405964
861    -9848.07405968
862    -9848.07405979
863    -9848.07405977
864    -9848.07405958
865    -9848.07405914
866    -9848.07405905
867    -9848.07405897
868    -9848.07405892
869    -9848.07405901
870    -9848.07405923
871    -9848.07405946
872    -9848.07405914
873    -9848.07405917
874    -9848.07405875
875    -9848.07405876
876    -9848.07405901
877    -9848.07405931
878    -9848.07405902
879    -9848.07405888
880    -9848.07405878
881    -9848.07405836
882    -9848.07405823
883    -9848.07405872
884    -9848.07405885
885    -9848.07405901
886    -9848.074059
887    -9848.07405929
888    -9848.07405924
889    -9848.07405937
890    -9848.0740591
891    -9848.07405896
892    -9848.07405901
893    -9848.07405925
894    -9848.07405918
895    -9848.07405929
896    -9848.07405941
897    -9848.07405963
898    -9848.07405983
899    -9848.07405956
900    -9848.07405945
901    -9848.07405935
902    -9848.07405912
903    -9848.07405905
904    -9848.07405878
905    -9848.07405869
906    -9848.07405885
907    -9848.07405877
908    -9848.07405855
909    -9848.07405851
910    -9848.0740585
911    -9848.07405861
912    -9848.07405877
913    -9848.07405898
914    -9848.07405894
915    -9848.07405889
916    -9848.07405892
917    -9848.07405858
918    -9848.07405845
919    -9848.07405846
920    -9848.0740584
921    -9848.07405823
922    -9848.07405811
923    -9848.07405818
924    -9848.07405809
925    -9848.07405818
926    -9848.07405779
927    -9848.07405759
928    -9848.07405737
929    -9848.07405771
930    -9848.07405754
931    -9848.07405756
932    -9848.07405747
933    -9848.07405753
934    -9848.07405761
935    -9848.07405767
936    -9848.07405766
937    -9848.0740578
938    -9848.07405772
939    -9848.07405766
940    -9848.07405756
941    -9848.07405771
942    -9848.07405738
943    -9848.07405706
944    -9848.07405699
945    -9848.0740572
946    -9848.07405709
947    -9848.07405714
948    -9848.07405728
949    -9848.0740574
950    -9848.07405724
951    -9848.07405703
952    -9848.07405712
953    -9848.0740571
954    -9848.0740574
955    -9848.07405731
956    -9848.07405743
957    -9848.07405739
958    -9848.07405734
959    -9848.07405737
960    -9848.07405747
961    -9848.07405718
962    -9848.07405712
963    -9848.07405732
964    -9848.07405745
965    -9848.07405746
966    -9848.07405729
967    -9848.07405712
968    -9848.07405704
969    -9848.07405717
970    -9848.07405731
971    -9848.07405699
972    -9848.07405691
973    -9848.07405706
974    -9848.07405694
975    -9848.07405679
976    -9848.07405664
977    -9848.07405684
978    -9848.07405691
979    -9848.07405678
980    -9848.07405672
981    -9848.07405686
982    -9848.07405684
983    -9848.07405727
984    -9848.07405756
985    -9848.07405755
986    -9848.07405723
987    -9848.074057
988    -9848.07405711
989    -9848.07405692
990    -9848.07405693
991    -9848.07405668
992    -9848.07405655
993    -9848.07405656
994    -9848.07405651
995    -9848.07405643
996    -9848.07405642
997    -9848.07405625
998    -9848.07405626
999    -9848.07405626
1000    -9848.07405605
1001    -9848.07405621
1002    -9848.0740564
1003    -9848.07405645
1004    -9848.07405633
1005    -9848.07405633
1006    -9848.07405658
1007    -9848.07405623
1008    -9848.07405631
1009    -9848.07405642
1010    -9848.0740564
1011    -9848.07405619
1012    -9848.07405647
1013    -9848.07405649
1014    -9848.0740563
1015    -9848.07405658
1016    -9848.07405669
1017    -9848.07405679
1018    -9848.07405651
1019    -9848.07405653
1020    -9848.07405687
1021    -9848.07405682
1022    -9848.07405728
1023    -9848.07405717
1024    -9848.07405697
