#x,Ay
1    -0
2    -1.8185305e-08
3    -9.4856605e-08
4    -3.5922955e-08
5    6.4677595e-08
6    1.60394595e-07
7    3.04388695e-07
8    1.13963345e-07
9    -6.4099155e-08
10    1.16401995e-07
11    5.07013945e-07
12    6.21087745e-07
13    8.49078445e-07
14    6.57940895e-07
15    5.03761145e-07
16    4.14347645e-07
17    4.2939354e-07
18    5.1736669e-07
19    5.0925074e-07
20    4.1939394e-07
21    4.02374285e-07
22    5.84785435e-07
23    6.48620035e-07
24    7.87521335e-07
25    1.038766885e-06
26    6.93246135e-07
27    3.33981785e-07
28    1.56640185e-07
29    1.27943685e-07
30    9.448535e-09
31    2.55825085e-07
32    1.07880535e-07
33    -2.4765215e-08
34    1.2396055e-08
35    8.8113905e-08
36    2.48246905e-07
37    6.2487055e-08
38    7.9695655e-08
39    4.78377005e-07
40    3.17790555e-07
41    4.34797405e-07
42    5.07152005e-07
43    4.58502825e-07
44    4.91268925e-07
45    6.27972625e-07
46    7.22832125e-07
47    7.94782675e-07
48    6.71501375e-07
49    7.83403775e-07
50    6.36877775e-07
51    6.21890015e-07
52    7.15374565e-07
53    4.47897115e-07
54    5.32893665e-07
55    4.33781465e-07
56    1.06911115e-07
57    5.836659e-08
58    1.1809669e-07
59    -2.928826e-08
60    -3.0220736e-07
61    -4.3537631e-07
62    -2.3333806e-07
63    -3.1854386e-07
64    -6.1163941e-07
65    -6.6631161e-07
66    -6.3012704e-07
67    -4.5376214e-07
68    -3.1148199e-07
69    -6.5544904e-07
70    -7.7811844e-07
71    -7.51049775e-07
72    -3.86320525e-07
73    3.1650725e-08
74    4.6719875e-08
75    1.37553375e-07
76    1.6162975e-08
77    2.56645e-10
78    -1.69689905e-07
79    7.186595e-09
80    -7.8647105e-08
81    -1.1491234e-07
82    -3.9229634e-07
83    -6.1563024e-07
84    -6.4818705e-07
85    -8.468766e-07
86    -6.942433e-07
87    -7.40357695e-07
88    -6.76595745e-07
89    -4.53151395e-07
90    -1.96278145e-07
91    -1.38431695e-07
92    -1.6747702e-07
93    -2.5272937e-07
94    -2.570140745e-07
95    -1.495533245e-07
96    -8.8846745e-09
97    3.33112705e-08
98    2.859521205e-07
99    4.627937205e-07
100    6.660615705e-07
101    6.380859705e-07
102    5.696701705e-07
103    2.500320705e-07
104    -4.4691795e-09
105    1.522453705e-07
106    2.471252205e-07
107    -1.209992295e-07
108    -7.25915095e-08
109    -3.63371795e-08
110    -5.04586895e-08
111    6.68388605e-08
112    1.6202105e-09
113    -4.320655395e-07
114    -2.228647895e-07
115    -1.601696895e-07
116    -8.02659895e-08
117    1.534686605e-07
118    2.089838105e-07
119    2.239381405e-07
120    1.073382405e-07
121    2.150547405e-07
122    1.366044405e-07
123    2.336237405e-07
124    1.208143905e-07
125    3.696414405e-07
126    4.661025905e-07
127    5.404251405e-07
128    4.803694405e-07
129    3.071730405e-07
130    1.326569405e-07
131    1.815648205e-07
132    2.087032455e-07
133    4.984472455e-07
134    3.425814955e-07
135    4.723610955e-07
136    7.279087955e-07
137    4.666171455e-07
138    8.17665955e-08
139    -5.69486545e-08
140    -7.75059545e-08
141    -1.333874045e-07
142    -6.61576045e-08
143    -5.40418195e-08
144    -1.069001195e-07
145    -2.021985195e-07
146    -2.307554895e-07
147    -1.701126395e-07
148    -2.963516395e-07
149    -2.631902045e-07
150    -2.382842495e-07
151    -4.561125495e-07
152    -4.124631745e-07
153    -6.383609245e-07
154    -7.686346745e-07
155    -9.165123245e-07
156    -9.334418645e-07
157    -6.834055645e-07
158    -5.687707145e-07
159    -7.076167645e-07
160    -5.872496145e-07
161    -4.946022645e-07
162    -7.914738645e-07
163    -9.778964645e-07
164    -1.0069679495e-06
165    -1.5247954495e-06
166    -1.3115948495e-06
167    -1.0025027995e-06
168    -1.1742631995e-06
169    -1.0745550495e-06
170    -7.394175495e-07
171    -8.041358495e-07
172    -8.01856869e-07
173    -8.20670059e-07
174    -8.67249549e-07
175    -6.35195099e-07
176    -8.11652999e-07
177    -6.61403349e-07
178    -6.44311019e-07
179    -7.64288669e-07
180    -7.72451129e-07
181    -9.81837929e-07
182    -9.851401155e-07
183    -1.0217897805e-06
184    -8.664705305e-07
185    -9.251832305e-07
186    -8.621625305e-07
187    -9.060677105e-07
188    -1.0554308105e-06
189    -1.0832436205e-06
190    -1.4014864205e-06
191    -1.3505117705e-06
192    -1.6477205705e-06
193    -1.6911955355e-06
194    -1.8909082855e-06
195    -2.0199262855e-06
196    -2.1364331355e-06
197    -2.1666353905e-06
198    -2.3089667905e-06
199    -2.3316402805e-06
200    -2.5298182305e-06
201    -2.7471116805e-06
202    -2.9676142805e-06
203    -3.1289099805e-06
204    -3.1769080155e-06
205    -2.9401967655e-06
206    -3.0239142655e-06
207    -2.9367783155e-06
208    -2.9820904205e-06
209    -3.0911470205e-06
210    -3.3685688205e-06
211    -3.0491400205e-06
212    -2.8418985205e-06
213    -2.9186395705e-06
214    -3.2471610205e-06
215    -3.1798265705e-06
216    -3.4701867705e-06
217    -3.6006116705e-06
218    -3.6133088255e-06
219    -3.5901818705e-06
220    -3.8827861705e-06
221    -3.8263989205e-06
222    -3.9566726705e-06
223    -4.3605631205e-06
224    -4.4255604705e-06
225    -4.6010881705e-06
226    -4.4642485705e-06
227    -4.2280808705e-06
228    -4.2450104105e-06
229    -4.1368404105e-06
230    -4.2198602605e-06
231    -4.0473833105e-06
232    -3.6537249605e-06
233    -3.6004713105e-06
234    -3.4161532605e-06
235    -2.8392697605e-06
236    -2.7846499105e-06
237    -2.7580463555e-06
238    -3.0307561055e-06
239    -3.3376215555e-06
240    -3.0104954055e-06
241    -3.1843807555e-06
242    -2.8739748555e-06
243    -2.7873941055e-06
244    -2.7181963555e-06
245    -2.6675589055e-06
246    -2.8594580555e-06
247    -2.9403152055e-06
248    -2.5998640055e-06
249    -2.7971175555e-06
250    -2.7149348555e-06
251    -2.3767742555e-06
252    0.129403753226
253    4.71000245323
254    11.4804709532
255    18.2493559532
256    25.0196624532
257    31.7896804532
258    38.5584329532
259    45.3295614532
260    52.0987394532
261    58.8680699532
262    65.6383849532
263    72.4083684532
264    79.1775114532
265    86.1346539532
266    97.6954729532
267    111.906490953
268    133.363535453
269    165.911695453
270    199.759277953
271    236.073077453
272    276.618165453
273    317.236666453
274    357.854509453
275    398.474781953
276    439.131649953
277    483.816772453
278    531.600764953
279    584.293224953
280    640.499749953
281    701.261759953
282    762.189659953
283    823.116939953
284    885.658004953
285    953.030884953
286    1020.72905495
287    1088.42700495
288    1157.30316495
289    1233.26059995
290    1317.40757995
291    1410.72312495
292    1505.50352995
293    1600.27881495
294    1695.17270995
295    1794.47628995
296    1896.02441495
297    2001.41875495
298    2121.74286995
299    2253.35462995
300    2391.76991995
301    2534.30498495
302    2691.43687495
303    2864.52883995
304    3040.54247995
305    3217.08126995
306    3402.76754995
307    3598.31142995
308    3807.98228995
309    4032.53854495
310    4264.45551995
311    4511.65048995
312    4762.13231995
313    5016.02144495
314    5278.66349995
315    5542.68397995
316    5806.70621995
317    6070.72761995
318    6334.79960495
319    6605.83872495
320    6883.63390995
321    7166.27332995
322    7460.83542995
323    7771.06218995
324    8085.19001995
325    8411.43488495
326    8750.08298995
327    9104.22458495
328    9484.82543495
329    9881.28706495
330    10300.323755
331    10733.617315
332    11175.419985
333    11642.165945
334    12125.159345
335    12626.942095
336    13149.870245
337    13692.930395
338    14255.714495
339    14832.134845
340    15435.705595
341    16100.124945
342    16830.757695
343    17674.128495
344    18658.757245
345    19804.794295
346    21196.266945
347    22898.054495
348    25113.687395
349    28206.968895
350    33391.725895
351    42248.832395
352    48598.183395
353    50066.654295
354    50690.299195
355    50648.4830745
356    50417.4901195
357    50266.7370845
358    50331.5110645
359    50323.911167
360    50222.344672
361    50006.693037
362    49997.8608145
363    50335.6738695
364    50191.9017395
365    50373.7379845
366    50391.0141445
367    50634.4711095
368    50762.7214045
369    50761.0347027
370    50766.7616582
371    51034.3743482
372    50928.6693982
373    50689.9973032
374    50645.4298282
375    50532.7167882
376    50438.4594232
377    50121.1325332
378    50310.5561882
379    50456.2024432
380    50450.9859202
381    50846.6376452
382    50793.7227702
383    50697.4480602
384    50544.9892652
385    50405.7683852
386    50357.7548532
387    50270.4937082
388    50585.9593732
389    50586.8746952
390    50457.9419452
391    50050.1396802
392    49994.2080052
393    49911.3323502
394    50019.4091302
395    49951.0219452
396    49841.8054002
397    49865.9481712
398    49957.8140162
399    49835.0983562
400    49972.2922812
401    49555.2079062
402    49588.8303752
403    49533.2813152
404    49396.4979152
405    49220.8616402
406    49380.8022802
407    49559.5404352
408    49665.3925352
409    49700.8482152
410    49597.1972052
411    49621.5602697
412    49317.5434347
413    49412.2924947
414    49375.8542892
415    49384.5402077
416    49349.2758162
417    49367.3377462
418    49520.5770112
419    49644.7100062
420    49422.0547662
421    49522.3348812
422    49510.4215092
423    49603.2854292
424    49510.7339242
425    49624.7011942
426    49697.1260042
427    49765.6063692
428    49651.4934192
429    49754.9896192
430    49591.2879942
431    49390.7280292
432    49569.4585042
433    49779.5196542
434    49952.9000592
435    49807.6233442
436    50061.9428792
437    50165.4132892
438    50088.2322542
439    49983.8963842
440    50262.8226992
441    50165.5971542
442    50107.2868192
443    50132.4164267
444    50149.2227652
445    50082.7797852
446    50198.3580902
447    50301.9698702
448    50282.6351962
449    50134.8288462
450    50133.5552929
451    49977.5687679
452    50270.2698279
453    50277.3535019
454    50244.4671684
455    50255.6029279
456    50257.0701769
457    50174.1248669
458    50465.5610619
459    50439.4146119
460    50395.7706669
461    50162.5323019
462    50311.8303019
463    50223.4267119
464    50261.4443504
465    50513.5723404
466    50660.6306504
467    50512.2826454
468    50208.0012704
469    50477.7376154
470    50387.1486554
471    50359.1681499
472    50199.4764749
473    50342.1799699
474    50435.9085449
475    50429.2240674
476    50482.1121924
477    50476.3309904
478    50216.7979054
479    50368.4278504
480    50489.7122554
481    50505.4318204
482    50323.4799854
483    50340.1227719
484    50353.4454139
485    50354.4603356
486    50592.8038706
487    50728.3669406
488    50585.5204556
489    50673.6678606
490    50682.2592086
491    50688.0685701
492    50765.6022701
493    50402.3656301
494    50638.8810401
495    50453.5444551
496    50615.6953751
497    50732.0077051
498    50671.4709901
499    50873.9937801
500    50849.1305786
501    51014.4224886
502    50958.0632686
503    51263.5918536
504    50895.7955086
505    51096.9912336
506    50918.4469236
507    50951.6206376
508    51072.4048676
509    50737.5153126
510    50555.6093526
511    50630.0756926
512    50621.3378666
513    51018.5027816
514    50989.7275726
515    50841.2661576
516    50736.7984876
517    50715.4913181
518    51039.8181481
519    51019.1579806
520    51107.2669156
521    51317.1261506
522    51178.1219106
523    51242.5544656
524    51134.7718206
525    51284.6413156
526    51293.4372121
527    51123.3228071
528    51346.6290071
529    51184.3642371
530    51055.5272321
531    51149.7759771
532    51016.0038321
533    50866.4291571
534    50945.5927521
535    50901.6209326
536    50785.1202176
537    51061.8922426
538    50999.8367476
539    50985.2214146
540    50790.4047396
541    50843.3778296
542    50679.8520146
543    50541.6299446
544    50605.6859746
545    50597.5468176
546    50717.0186076
547    50471.4305776
548    50545.9726326
549    50345.5805026
550    50641.4314476
551    50656.5579296
552    50621.3834401
553    50198.1620301
554    50304.5699351
555    50309.6142696
556    50180.1707346
557    50177.3624642
558    50510.4044342
559    50434.0594742
560    50250.3629692
561    50158.7915842
562    50203.3270747
563    50330.3561697
564    50324.0339457
565    50594.7539657
566    50631.0747592
567    50712.1711892
568    50889.1517292
569    50621.2050292
570    50615.6149072
571    50546.1670222
572    50513.9453212
573    50376.8077312
574    50383.4840262
575    50471.3822312
576    50467.5661131
577    50528.1205431
578    50526.1649402
579    50423.4158302
580    50481.9083402
581    50557.9655752
582    50312.5970902
583    50427.0309002
584    50478.5580652
585    50434.2986807
586    50594.5823807
587    50474.4534407
588    50742.6184607
589    50667.8991057
590    50552.4063457
591    50774.7803157
592    50604.8398757
593    50448.3007207
594    50700.3824457
595    50687.1922197
596    50629.3997797
597    50145.4960847
598    50335.2376747
599    50619.7487247
600    50653.3087962
601    50638.4244507
602    50771.5471357
603    50757.6582257
604    50790.5560152
605    50927.3218752
606    50894.1089037
607    50557.9265087
608    50894.6169937
609    50965.1206837
610    50824.0913787
611    50750.7859887
612    50753.7310706
613    50696.3144356
614    50644.6960206
615    50840.0955156
616    51044.7476506
617    51113.4963956
618    51082.8428531
619    51226.2035281
620    51155.4242181
621    51179.9354781
622    51050.4655681
623    51120.8630031
624    51225.8847481
625    51170.5581931
626    51180.8722136
627    50988.7958236
628    51108.2912086
629    51079.4924886
630    51094.1933576
631    50823.8164576
632    51005.5933526
633    50877.7624776
634    51012.7682226
635    50996.6554906
636    51219.0461506
637    51211.8629751
638    51092.0358751
639    50988.8924001
640    50959.1191161
641    51307.3007411
642    51274.2271616
643    51292.3820711
644    51341.2655526
645    51151.2356676
646    50701.9124126
647    50570.6060276
648    50491.9268776
649    50712.2961426
650    50618.8452976
651    50315.1209576
652    50489.5733226
653    50800.0076876
654    50548.9089826
655    50660.4850176
656    50801.7250326
657    50658.2062226
658    50467.9894776
659    50790.6868976
660    50766.3485221
661    50523.4707121
662    50607.2214821
663    50424.0463121
664    50489.8781521
665    50546.3644671
666    50655.6699771
667    50472.6414471
668    50452.7121901
669    50629.6083351
670    50739.6928701
671    50746.2076886
672    49648.1844386
673    47371.9652886
674    39717.9727886
675    30311.5632886
676    24868.5472886
677    21521.0188886
678    19162.0304386
679    17336.4948386
680    15784.0074386
681    14424.4683386
682    13257.6356386
683    12272.5984886
684    11400.2224886
685    10624.4640886
686    9936.1107886
687    9302.7498886
688    8704.9856886
689    8135.7426886
690    7595.4705386
691    7097.8935786
692    6639.9602486
693    6207.7634786
694    5807.9558286
695    5431.4660886
696    5065.0170386
697    4699.5721636
698    4338.5614936
699    3982.3531836
700    3637.5894236
701    3306.1607636
702    2994.3453886
703    2698.5366286
704    2413.7369586
705    2141.6212686
706    1870.8286486
707    1600.0388136
708    1329.2444486
709    1058.4961886
710    792.732408603
711    535.149713603
712    283.254358603
713    36.6929786032
714    -203.944586397
715    -437.325121397
716    -667.495296397
717    -892.475981397
718    -1106.9227564
719    -1311.4383714
720    -1511.6762664
721    -1690.2276014
722    -1856.8786264
723    -2004.9387564
724    -2143.5651714
725    -2278.9623014
726    -2413.6436764
727    -2535.0275914
728    -2650.0722714
729    -2760.9542764
730    -2864.7628914
731    -2966.3072564
732    -3067.8550914
733    -3169.4009014
734    -3270.9479714
735    -3372.4953664
736    -3469.9202214
737    -3558.2576914
738    -3646.1758864
739    -3722.2313614
740    -3779.9222814
741    -3831.2395464
742    -3876.6276859
743    -3912.9346759
744    -3940.7804974
745    -3966.8358704
746    -3987.8284424
747    -4008.1394224
748    -4028.4482814
749    -4048.7577894
750    -4069.0667444
751    -4089.3756289
752    -4109.6864549
753    -4128.7592154
754    -4142.8287669
755    -4156.3683369
756    -4169.9079284
757    -4181.4761164
758    -4188.4350309
759    -4195.2047519
760    -4201.9751059
761    -4208.6542754
762    -4211.02400675
763    -4211.02400689
764    -4211.02400666
765    -4211.02400658
766    -4211.02400664
767    -4211.02400656
768    -4211.02400657
769    -4211.02400653
770    -4211.02400655
771    -4211.02400689
772    -4211.02400696
773    -4211.02400702
774    -4211.02400719
775    -4211.02400715
776    -4211.02400727
777    -4211.02400726
778    -4211.02400737
779    -4211.0240074
780    -4211.02400767
781    -4211.02400795
782    -4211.02400806
783    -4211.02400771
784    -4211.02400801
785    -4211.02400811
786    -4211.02400821
787    -4211.02400825
788    -4211.02400844
789    -4211.0240082
790    -4211.0240082
791    -4211.02400806
792    -4211.02400807
793    -4211.02400792
794    -4211.02400782
795    -4211.02400793
796    -4211.02400777
797    -4211.02400755
798    -4211.02400735
799    -4211.02400729
800    -4211.02400717
801    -4211.02400739
802    -4211.02400735
803    -4211.02400753
804    -4211.02400784
805    -4211.02400782
806    -4211.02400777
807    -4211.02400811
808    -4211.02400789
809    -4211.0240077
810    -4211.02400741
811    -4211.024008
812    -4211.02400809
813    -4211.02400794
814    -4211.02400752
815    -4211.0240075
816    -4211.02400724
817    -4211.02400718
818    -4211.02400736
819    -4211.02400791
820    -4211.02400805
821    -4211.02400807
822    -4211.02400804
823    -4211.02400808
824    -4211.02400803
825    -4211.0240081
826    -4211.02400784
827    -4211.0240078
828    -4211.02400785
829    -4211.0240079
830    -4211.02400831
831    -4211.02400838
832    -4211.02400846
833    -4211.02400828
834    -4211.02400831
835    -4211.02400851
836    -4211.0240084
837    -4211.02400836
838    -4211.02400864
839    -4211.02400858
840    -4211.02400872
841    -4211.02400863
842    -4211.02400855
843    -4211.02400864
844    -4211.0240085
845    -4211.02400826
846    -4211.02400815
847    -4211.02400804
848    -4211.02400781
849    -4211.02400794
850    -4211.02400793
851    -4211.02400808
852    -4211.02400775
853    -4211.02400773
854    -4211.02400773
855    -4211.02400771
856    -4211.02400768
857    -4211.02400755
858    -4211.02400766
859    -4211.02400747
860    -4211.02400699
861    -4211.024007
862    -4211.02400702
863    -4211.02400687
864    -4211.02400642
865    -4211.02400674
866    -4211.02400644
867    -4211.02400673
868    -4211.02400688
869    -4211.0240068
870    -4211.024007
871    -4211.02400709
872    -4211.02400706
873    -4211.02400677
874    -4211.02400643
875    -4211.02400646
876    -4211.02400649
877    -4211.02400668
878    -4211.02400698
879    -4211.02400656
880    -4211.02400646
881    -4211.02400642
882    -4211.02400619
883    -4211.02400656
884    -4211.02400662
885    -4211.02400653
886    -4211.02400632
887    -4211.02400618
888    -4211.02400632
889    -4211.02400647
890    -4211.0240066
891    -4211.02400688
892    -4211.02400691
893    -4211.0240069
894    -4211.02400688
895    -4211.02400672
896    -4211.02400678
897    -4211.02400652
898    -4211.02400632
899    -4211.02400629
900    -4211.02400613
901    -4211.02400625
902    -4211.02400609
903    -4211.02400599
904    -4211.02400599
905    -4211.02400596
906    -4211.02400591
907    -4211.02400593
908    -4211.02400594
909    -4211.02400574
910    -4211.02400553
911    -4211.02400528
912    -4211.02400513
913    -4211.02400497
914    -4211.02400514
915    -4211.02400509
916    -4211.02400502
917    -4211.02400519
918    -4211.02400498
919    -4211.02400515
920    -4211.02400503
921    -4211.02400509
922    -4211.02400502
923    -4211.02400519
924    -4211.02400525
925    -4211.02400532
926    -4211.02400543
927    -4211.02400583
928    -4211.02400525
929    -4211.02400516
930    -4211.02400516
931    -4211.02400505
932    -4211.02400523
933    -4211.02400527
934    -4211.02400529
935    -4211.02400544
936    -4211.02400563
937    -4211.02400596
938    -4211.0240061
939    -4211.02400626
940    -4211.02400589
941    -4211.02400603
942    -4211.02400605
943    -4211.02400628
944    -4211.02400609
945    -4211.02400612
946    -4211.02400598
947    -4211.02400625
948    -4211.0240063
949    -4211.02400651
950    -4211.02400667
951    -4211.02400638
952    -4211.02400669
953    -4211.02400648
954    -4211.02400648
955    -4211.02400627
956    -4211.02400641
957    -4211.02400645
958    -4211.02400639
959    -4211.02400652
960    -4211.02400654
961    -4211.02400643
962    -4211.02400654
963    -4211.02400628
964    -4211.02400613
965    -4211.02400599
966    -4211.02400579
967    -4211.02400596
968    -4211.02400582
969    -4211.02400588
970    -4211.02400588
971    -4211.0240054
972    -4211.02400518
973    -4211.02400519
974    -4211.02400505
975    -4211.0240049
976    -4211.0240051
977    -4211.02400506
978    -4211.02400516
979    -4211.02400505
980    -4211.02400536
981    -4211.0240054
982    -4211.02400555
983    -4211.0240054
984    -4211.02400505
985    -4211.02400489
986    -4211.024005
987    -4211.02400508
988    -4211.02400494
989    -4211.02400498
990    -4211.02400484
991    -4211.0240046
992    -4211.02400441
993    -4211.02400451
994    -4211.02400466
995    -4211.02400471
996    -4211.02400439
997    -4211.02400435
998    -4211.02400442
999    -4211.02400415
1000    -4211.02400398
1001    -4211.02400359
1002    -4211.02400356
1003    -4211.0240036
1004    -4211.02400339
1005    -4211.02400335
1006    -4211.0240038
1007    -4211.02400418
1008    -4211.02400452
1009    -4211.02400461
1010    -4211.02400466
1011    -4211.02400468
1012    -4211.02400451
1013    -4211.02400488
1014    -4211.02400474
1015    -4211.0240047
1016    -4211.02400466
1017    -4211.02400484
1018    -4211.02400469
1019    -4211.0240044
1020    -4211.0240044
1021    -4211.02400441
1022    -4211.02400419
1023    -4211.0240043
1024    -4211.02400445
