#x,Ay
1    -0
2    -1.711093e-07
3    -2.2831625e-07
4    -4.2079675e-07
5    -3.90379385e-07
6    -3.82565745e-07
7    -2.66570495e-07
8    -3.83019245e-07
9    -5.80787345e-07
10    -4.63954895e-07
11    -6.13297645e-07
12    -4.46978845e-07
13    -7.23386145e-07
14    -7.92360045e-07
15    -1.231551395e-06
16    -1.130904345e-06
17    -1.246527545e-06
18    -1.137462245e-06
19    -1.063186195e-06
20    -9.78840795e-07
21    -9.2899399e-07
22    -1.07711584e-06
23    -1.0883712e-06
24    -9.897008e-07
25    -1.12636965e-06
26    -8.4321845e-07
27    -7.9827843e-07
28    -6.6301433e-07
29    -7.1384948e-07
30    -8.5230023e-07
31    -9.8429483e-07
32    -1.19228633e-06
33    -1.38502263e-06
34    -1.399161585e-06
35    -1.468275035e-06
36    -1.688149785e-06
37    -1.510093085e-06
38    -1.648093235e-06
39    -1.878827985e-06
40    -1.713945185e-06
41    -1.804871685e-06
42    -1.595647685e-06
43    -1.515650935e-06
44    -1.399027785e-06
45    -1.586791935e-06
46    -1.5841176225e-06
47    -1.4459604725e-06
48    -8.794689725e-07
49    -9.408618225e-07
50    -8.838641725e-07
51    -7.249404225e-07
52    -7.472360125e-07
53    -5.275473125e-07
54    -6.910871625e-07
55    -4.883745125e-07
56    -8.262211625e-07
57    -7.448640125e-07
58    -6.823549625e-07
59    -1.0535258625e-06
60    -9.635549625e-07
61    -8.211538125e-07
62    -1.0873289625e-06
63    -9.144988125e-07
64    -7.069491625e-07
65    -6.266646625e-07
66    -6.131768375e-07
67    -5.504352375e-07
68    -3.464900875e-07
69    -4.695519375e-07
70    -3.039307875e-07
71    -1.742616875e-07
72    -1.961677675e-07
73    2.39860325e-08
74    -2.253293675e-07
75    -3.094189675e-07
76    -6.365567675e-07
77    -3.936829675e-07
78    -4.197400425e-07
79    -6.197085925e-07
80    -6.016279375e-07
81    -5.057481375e-07
82    -4.869814625e-07
83    -5.466069125e-07
84    -3.601959125e-07
85    -2.711530625e-07
86    -3.794277125e-07
87    -3.123258125e-07
88    -5.864541125e-07
89    -8.817734625e-07
90    -8.021023125e-07
91    -7.748824925e-07
92    -1.0760594925e-06
93    -7.755833925e-07
94    -9.301351925e-07
95    -9.490879075e-07
96    -8.013492075e-07
97    -6.233099575e-07
98    -7.884442075e-07
99    -3.665079575e-07
100    -3.572990325e-07
101    -7.088079325e-07
102    -3.499853825e-07
103    -3.389625775e-07
104    -2.857025775e-07
105    -5.95548275e-08
106    9.35086725e-08
107    2.679201225e-07
108    1.214610225e-07
109    2.850124725e-07
110    -1.74402775e-08
111    -1.002973275e-07
112    -3.469500275e-07
113    -3.202999475e-07
114    -3.118351725e-07
115    -7.295157725e-07
116    -8.769516225e-07
117    -8.883523175e-07
118    -1.0273233675e-06
119    -1.1657246675e-06
120    -1.0392124175e-06
121    -1.2539827175e-06
122    -1.0579442175e-06
123    -9.545647175e-07
124    -1.0759892675e-06
125    -1.3286301175e-06
126    -1.1978680175e-06
127    -1.2811436675e-06
128    -9.184143175e-07
129    -8.561843175e-07
130    -6.255425675e-07
131    -7.790479175e-07
132    -6.275192175e-07
133    -6.766334875e-07
134    -9.152134875e-07
135    -8.705408975e-07
136    -6.764790475e-07
137    -5.075789975e-07
138    -2.153118475e-07
139    -3.854502475e-07
140    -2.716641975e-07
141    -5.07429975e-08
142    -4.7598675e-09
143    6.32373325e-08
144    -1.347313175e-07
145    -4.431373175e-07
146    -7.612638675e-07
147    -8.392403175e-07
148    -7.346573675e-07
149    -1.1009214675e-06
150    -1.1085374425e-06
151    -1.0877475925e-06
152    -1.3701415425e-06
153    -1.5013222425e-06
154    -1.4586263125e-06
155    -1.4511847575e-06
156    -1.5286031075e-06
157    -1.4282351075e-06
158    -1.3013504075e-06
159    -1.0339427575e-06
160    -9.451091575e-07
161    -1.3350467075e-06
162    -1.8559907075e-06
163    -1.9925665075e-06
164    -1.5450964075e-06
165    -1.4910521075e-06
166    -1.7687617075e-06
167    -1.772203427e-06
168    -1.554096077e-06
169    -1.485168677e-06
170    -1.4836803685e-06
171    -1.4074974185e-06
172    -1.411171688e-06
173    -1.420427123e-06
174    -1.575862623e-06
175    -1.579676422e-06
176    -1.657859272e-06
177    -1.771607522e-06
178    -2.051317022e-06
179    -2.237355922e-06
180    -2.035445572e-06
181    -1.784409322e-06
182    -1.573534222e-06
183    -1.954518622e-06
184    -1.834844722e-06
185    -1.977818522e-06
186    -2.010450907e-06
187    -2.076773757e-06
188    -2.063062107e-06
189    -2.225474057e-06
190    -2.281588057e-06
191    -2.157421607e-06
192    -1.922245157e-06
193    -2.065704407e-06
194    -2.060844139e-06
195    -1.772716389e-06
196    -1.696440439e-06
197    -1.563841189e-06
198    -1.612490364e-06
199    -1.448578464e-06
200    -1.809720664e-06
201    -1.635402214e-06
202    -1.813999564e-06
203    -1.744580864e-06
204    -1.876575464e-06
205    -1.853134564e-06
206    -1.901830249e-06
207    -1.641230449e-06
208    -1.630998304e-06
209    -1.644672159e-06
210    -1.614278049e-06
211    -1.249734799e-06
212    -1.400333299e-06
213    -1.232572699e-06
214    -1.347637749e-06
215    -1.659322699e-06
216    -1.758062849e-06
217    -1.706367299e-06
218    -1.819199899e-06
219    -2.139558899e-06
220    -2.149000369e-06
221    -1.918137719e-06
222    -2.175452769e-06
223    -1.835675969e-06
224    -1.942113469e-06
225    -1.934160309e-06
226    -2.087874959e-06
227    -1.919694709e-06
228    -1.837651559e-06
229    -1.646237859e-06
230    -1.827489159e-06
231    -1.706831309e-06
232    -1.956182509e-06
233    -1.633684059e-06
234    -1.497794259e-06
235    -1.539225709e-06
236    -1.150729959e-06
237    -1.358721459e-06
238    -1.416579559e-06
239    -1.718567209e-06
240    -1.999009259e-06
241    -2.400830059e-06
242    -2.367639559e-06
243    -2.529667809e-06
244    -2.505692044e-06
245    -2.672092194e-06
246    -2.448938544e-06
247    -2.410009909e-06
248    -2.220250209e-06
249    -2.731456209e-06
250    -3.049803659e-06
251    -3.003921814e-06
252    -2.567800114e-06
253    -2.599287199e-06
254    -2.324682149e-06
255    -2.391330599e-06
256    -2.338030449e-06
257    -2.046658649e-06
258    -2.011869374e-06
259    -1.942831524e-06
260    -2.129126224e-06
261    -2.308711924e-06
262    -2.387638924e-06
263    -2.498343674e-06
264    0.0755397366563
265    4.39788628666
266    11.1682572867
267    17.9388472867
268    24.7078252867
269    31.4774397867
270    38.2466277867
271    45.0180817867
272    51.7868917867
273    58.5567292867
274    65.3261447867
275    72.0964052867
276    81.0316902867
277    96.4430257867
278    122.457599787
279    156.216803787
280    190.119221787
281    228.152174287
282    268.770293787
283    309.388769287
284    350.007749287
285    390.626345287
286    434.045168787
287    487.310188787
288    544.712093787
289    605.636153787
290    666.566263787
291    727.492458787
292    789.274548787
293    856.130058787
294    924.291403787
295    997.611903787
296    1077.93957379
297    1167.38710879
298    1262.01573879
299    1356.80120379
300    1455.34810879
301    1556.91714379
302    1665.94945879
303    1791.47589379
304    1925.75786879
305    2067.42183879
306    2223.18232379
307    2396.69619379
308    2578.41787379
309    2768.80347879
310    2969.55126379
311    3182.35933379
312    3398.99253379
313    3619.94205879
314    3851.36704379
315    4090.78369379
316    4334.47381879
317    4583.16442379
318    4840.32995879
319    5104.93440379
320    5383.60013379
321    5667.93497379
322    5955.29034379
323    6258.74260379
324    6575.40851879
325    6897.13604879
326    7236.85673379
327    7598.82795379
328    7977.63274879
329    8378.76951379
330    8790.47358879
331    9213.83844379
332    9652.01516879
333    10100.4078938
334    10564.6325188
335    11048.0494438
336    11554.7381438
337    12113.6208938
338    12704.5408938
339    13349.7291938
340    14063.3850938
341    14824.6763438
342    15629.8193438
343    16502.0083938
344    17494.0228938
345    18628.5413938
346    19964.8639438
347    21591.2390938
348    23682.6253938
349    26606.9681938
350    31351.1536438
351    40649.8766438
352    49856.3236438
353    52515.3596938
354    53387.0054438
355    53447.4700838
356    53407.8600383
357    53441.7763493
358    53461.0712368
359    53686.4693668
360    53663.5767308
361    54019.6234558
362    54174.8983608
363    54040.1543158
364    54375.6688808
365    54309.4904358
366    54315.4598603
367    54651.5491953
368    54672.2044938
369    54352.3740088
370    54443.1178488
371    54396.5812473
372    54179.7459523
373    54104.3480323
374    54109.2975753
375    54200.0133553
376    54232.3131468
377    54451.5140468
378    54680.7012818
379    54623.3291318
380    54485.8817268
381    54304.4906968
382    54187.3817268
383    54299.8743318
384    54699.7688168
385    54632.9973368
386    54757.0083268
387    54554.3681868
388    54666.6118768
389    54722.7339318
390    54682.0470583
391    54609.6705933
392    54515.6044683
393    54514.6765674
394    54778.2786224
395    54879.0976174
396    54663.2887774
397    54477.0605324
398    54574.4610374
399    54443.9119824
400    54341.2483024
401    54290.9433574
402    54494.2142374
403    54404.6848024
404    54196.0704224
405    54346.7885974
406    54249.3059774
407    54323.1328424
408    54266.7592174
409    54236.3584034
410    54246.1408974
411    54529.1673274
412    54501.7916374
413    54492.7908714
414    54554.0231664
415    54378.8488164
416    54039.3714564
417    54126.6916614
418    54312.2014064
419    54267.1612834
420    54242.4036029
421    54345.6578229
422    54650.8426529
423    54673.3003654
424    54552.4880454
425    54441.8098054
426    54630.9659504
427    54374.5829754
428    54422.9956779
429    54435.9137874
430    54392.3732714
431    54500.4030264
432    54847.3013364
433    54781.4392864
434    54318.8180814
435    54487.8926264
436    54583.0781564
437    54817.0862014
438    54740.1116214
439    54688.0748914
440    54612.6168364
441    54543.5299764
442    54604.0363914
443    54693.8664314
444    54773.9334914
445    54636.0229814
446    54167.7361464
447    54125.3136569
448    54284.9986119
449    54306.7658924
450    54141.6203924
451    54107.8357219
452    54280.6719719
453    54386.7680569
454    54272.6464819
455    54350.2540519
456    54098.2968469
457    54156.6134219
458    54282.8525619
459    54154.1176469
460    54325.7899369
461    54562.5606119
462    54806.9862969
463    54907.2472619
464    54597.9933019
465    54681.4893819
466    54849.7758069
467    54650.9578119
468    54677.0075244
469    54972.0406644
470    54885.9777644
471    54714.6935194
472    54641.7863644
473    54704.3870544
474    54762.0038344
475    54830.3429844
476    54931.5491144
477    54962.2839394
478    54963.9049452
479    54921.3148807
480    54866.6240057
481    54579.5207007
482    54817.6894407
483    54910.4563457
484    55154.5002457
485    55060.6059907
486    54976.9958107
487    55045.5983407
488    55105.6812157
489    55139.7119332
490    55221.7674732
491    55311.3976482
492    55349.7513427
493    55488.2016227
494    55493.1317481
495    55383.2351681
496    55559.9629031
497    55534.3414731
498    55726.2746681
499    55749.6128851
500    55534.8817251
501    55579.0465636
502    55695.7770636
503    56169.3047286
504    56092.6541836
505    55902.9330136
506    55725.8926286
507    55792.9207586
508    55720.1715186
509    56009.5005286
510    55733.1224186
511    55698.4329746
512    55851.8674146
513    55922.8915146
514    55755.1358096
515    55802.0656476
516    55926.8890576
517    56130.5988876
518    56211.3517426
519    56076.5381776
520    55828.2747826
521    56146.9071276
522    56091.6380676
523    56257.5909976
524    55931.9024526
525    55887.3719386
526    55764.8861386
527    55870.7748236
528    55799.8464086
529    55711.1352936
530    55916.1354836
531    56203.7524486
532    56155.7469446
533    56297.2455496
534    56285.5617926
535    56034.1127376
536    55915.3843626
537    55895.0084151
538    55931.0406376
539    55859.1178276
540    56268.9497426
541    56318.5227091
542    56428.8818841
543    56344.6143341
544    56210.0728591
545    56007.5158491
546    56159.3283941
547    56120.1309441
548    55996.2071191
549    55831.3619091
550    56002.3891491
551    55858.9334141
552    55858.5094317
553    55633.3106167
554    55834.4168667
555    55984.1241517
556    55857.2455967
557    55595.1470617
558    55615.9300122
559    55645.1186972
560    55591.6662072
561    55651.7132172
562    55921.7687022
563    55809.5949522
564    55636.3448822
565    55316.9383922
566    55377.0566472
567    55003.8192572
568    55030.2373002
569    55186.8127552
570    55397.1474352
571    55368.6094512
572    55384.6293512
573    55581.7836562
574    55505.5823662
575    55323.9034062
576    55121.1063512
577    55139.7469002
578    54956.0282152
579    54953.1313202
580    54989.2641817
581    55330.8954667
582    55255.6456417
583    55185.8196317
584    55367.8895567
585    55287.6472017
586    55252.1218872
587    55310.9663472
588    54965.1834622
589    55060.1315172
590    55000.2700222
591    55360.1815272
592    55222.2431172
593    54903.1804272
594    54934.4203967
595    55022.0381067
596    55118.3149017
597    55307.7508667
598    55332.9649977
599    55361.6318392
600    55496.3714792
601    55351.2479242
602    55252.8548692
603    55321.7666542
604    55419.4721592
605    55505.7149542
606    55303.9519942
607    55453.7596092
608    55378.4784642
609    55583.5325392
610    55206.1326292
611    55361.7758242
612    55460.0521542
613    55523.4567442
614    55540.1868932
615    55376.3284732
616    55686.4143532
617    55718.9329552
618    55762.9355407
619    55692.9752707
620    55622.5247457
621    55795.7071507
622    55588.8237607
623    55501.5765657
624    55640.0408807
625    55603.8850997
626    55480.7398447
627    55398.7166347
628    55529.8492747
629    55607.1195747
630    55524.5396547
631    55362.4884197
632    55700.6592197
633    55767.2556697
634    55764.5769044
635    55479.1679944
636    55644.9076794
637    55580.7148744
638    55556.5976419
639    55731.1833569
640    55660.7649669
641    55534.9545969
642    55284.9118819
643    55218.9439619
644    55401.4839419
645    55457.3116319
646    55514.8235669
647    55501.3903229
648    55619.9711629
649    55202.7803729
650    55045.7749179
651    54648.6186479
652    54664.6888749
653    54786.4760399
654    54878.6955249
655    54825.5096449
656    55035.5608199
657    55232.0002899
658    55156.1449499
659    55004.0057249
660    54979.6490989
661    54782.6288589
662    54607.5337889
663    54840.1736889
664    54651.3916089
665    54539.9873389
666    54498.0420744
667    54312.3389794
668    54457.2904694
669    54457.0768559
670    54677.9359609
671    54782.3853959
672    54112.7595959
673    51405.8083959
674    41912.2868959
675    32770.1348959
676    28064.4829959
677    25122.1534959
678    22985.5089959
679    21275.9773459
680    19857.5307459
681    18660.4528959
682    17621.9486459
683    16691.0672959
684    15850.7770959
685    15077.9700459
686    14384.0742459
687    13744.5239959
688    13149.1194459
689    12603.4869959
690    12098.6800959
691    11635.3869409
692    11197.2085759
693    10779.7590409
694    10386.7939609
695    10009.3820509
696    9645.53019091
697    9291.17683591
698    8945.67583591
699    8601.49866591
700    8266.90296091
701    7942.74107591
702    7632.82588091
703    7342.97567591
704    7065.61911091
705    6793.18309091
706    6522.39047091
707    6251.60063591
708    5980.80627091
709    5712.00692591
710    5451.92462591
711    5201.91998091
712    4959.06119591
713    4722.34664091
714    4493.14349091
715    4276.54787091
716    4072.63326091
717    3880.83007591
718    3708.02995091
719    3551.10984591
720    3406.29794591
721    3269.52033091
722    3135.27025591
723    3015.70050091
724    2900.61415591
725    2785.52668091
726    2673.87118591
727    2571.17063091
728    2471.41967591
729    2376.47931091
730    2286.06731091
731    2200.11945591
732    2127.35428591
733    2074.12145091
734    2027.60133041
735    1990.11186091
736    1957.54498991
737    1930.04495291
738    1907.32199891
739    1887.01181291
740    1866.70266341
741    1846.39433191
742    1826.08441041
743    1805.86794691
744    1789.97738941
745    1776.43739341
746    1762.89885241
747    1750.32748741
748    1742.82741191
749    1736.05712341
750    1729.28743141
751    1725.48381316
752    1725.47011369
753    1725.47011377
754    1725.470114
755    1725.47011388
756    1725.47011387
757    1725.47011392
758    1725.47011366
759    1725.47011345
760    1725.47011336
761    1725.47011338
762    1725.4701133
763    1725.47011371
764    1725.47011363
765    1725.47011356
766    1725.47011346
767    1725.47011366
768    1725.4701136
769    1725.4701135
770    1725.47011361
771    1725.47011374
772    1725.47011374
773    1725.470114
774    1725.47011405
775    1725.470114
776    1725.47011369
777    1725.47011359
778    1725.4701138
779    1725.47011344
780    1725.47011334
781    1725.47011306
782    1725.47011273
783    1725.47011274
784    1725.47011263
785    1725.4701125
786    1725.47011272
787    1725.47011292
788    1725.47011296
789    1725.47011284
790    1725.47011288
791    1725.470113
792    1725.47011301
793    1725.47011278
794    1725.47011321
795    1725.47011329
796    1725.47011335
797    1725.47011309
798    1725.47011272
799    1725.47011257
800    1725.47011277
801    1725.47011284
802    1725.47011281
803    1725.47011297
804    1725.47011303
805    1725.47011293
806    1725.47011286
807    1725.47011327
808    1725.4701135
809    1725.4701137
810    1725.4701141
811    1725.47011406
812    1725.47011384
813    1725.47011356
814    1725.47011369
815    1725.47011323
816    1725.47011306
817    1725.47011296
818    1725.47011302
819    1725.47011309
820    1725.47011332
821    1725.47011359
822    1725.47011359
823    1725.47011375
824    1725.47011361
825    1725.47011371
826    1725.47011351
827    1725.47011349
828    1725.47011346
829    1725.47011336
830    1725.47011315
831    1725.47011314
832    1725.47011286
833    1725.4701126
834    1725.47011282
835    1725.47011278
836    1725.47011268
837    1725.47011276
838    1725.4701127
839    1725.470113
840    1725.47011308
841    1725.47011319
842    1725.47011318
843    1725.47011359
844    1725.47011359
845    1725.47011362
846    1725.47011355
847    1725.47011354
848    1725.47011341
849    1725.47011315
850    1725.47011296
851    1725.47011246
852    1725.47011237
853    1725.47011229
854    1725.47011216
855    1725.47011221
856    1725.47011205
857    1725.4701123
858    1725.47011225
859    1725.47011247
860    1725.47011225
861    1725.47011209
862    1725.47011219
863    1725.47011198
864    1725.47011236
865    1725.47011251
866    1725.47011256
867    1725.47011225
868    1725.47011211
869    1725.47011215
870    1725.47011232
871    1725.47011251
872    1725.47011256
873    1725.47011238
874    1725.47011244
875    1725.4701125
876    1725.47011217
877    1725.47011195
878    1725.47011173
879    1725.47011196
880    1725.47011162
881    1725.47011159
882    1725.47011139
883    1725.47011162
884    1725.47011176
885    1725.47011185
886    1725.47011187
887    1725.4701119
888    1725.47011179
889    1725.47011178
890    1725.47011218
891    1725.47011249
892    1725.47011222
893    1725.47011218
894    1725.47011212
895    1725.47011217
896    1725.47011189
897    1725.47011169
898    1725.4701117
899    1725.4701116
900    1725.47011202
901    1725.47011207
902    1725.47011183
903    1725.47011173
904    1725.47011151
905    1725.4701115
906    1725.47011154
907    1725.47011139
908    1725.47011158
909    1725.47011206
910    1725.47011161
911    1725.47011144
912    1725.47011118
913    1725.47011104
914    1725.47011118
915    1725.47011101
916    1725.47011106
917    1725.47011126
918    1725.47011129
919    1725.47011126
920    1725.47011125
921    1725.47011124
922    1725.4701109
923    1725.47011075
924    1725.4701107
925    1725.47011057
926    1725.47011055
927    1725.47011077
928    1725.47011075
929    1725.47011088
930    1725.47011066
931    1725.47011043
932    1725.47011039
933    1725.47011068
934    1725.47011085
935    1725.47011075
936    1725.47011089
937    1725.47011075
938    1725.47011089
939    1725.47011113
940    1725.47011121
941    1725.47011143
942    1725.47011142
943    1725.47011125
944    1725.47011145
945    1725.47011141
946    1725.47011165
947    1725.47011179
948    1725.4701118
949    1725.47011195
950    1725.47011207
951    1725.47011198
952    1725.47011228
953    1725.47011226
954    1725.47011221
955    1725.47011207
956    1725.47011191
957    1725.4701122
958    1725.47011223
959    1725.4701126
960    1725.47011277
961    1725.47011295
962    1725.47011278
963    1725.47011296
964    1725.4701129
965    1725.47011282
966    1725.47011307
967    1725.47011319
968    1725.47011331
969    1725.47011323
970    1725.47011328
971    1725.47011328
972    1725.47011343
973    1725.47011352
974    1725.47011335
975    1725.47011353
976    1725.47011383
977    1725.47011394
978    1725.47011361
979    1725.47011351
980    1725.47011361
981    1725.47011351
982    1725.47011321
983    1725.47011351
984    1725.47011343
985    1725.47011322
986    1725.47011314
987    1725.47011311
988    1725.4701133
989    1725.47011324
990    1725.47011343
991    1725.4701134
992    1725.47011327
993    1725.47011326
994    1725.47011351
995    1725.4701136
996    1725.47011368
997    1725.47011377
998    1725.47011366
999    1725.47011364
1000    1725.47011385
1001    1725.47011385
1002    1725.47011407
1003    1725.47011409
1004    1725.47011422
1005    1725.4701141
1006    1725.47011424
1007    1725.47011457
1008    1725.47011488
1009    1725.47011495
1010    1725.47011499
1011    1725.47011493
1012    1725.47011487
1013    1725.47011498
1014    1725.47011516
1015    1725.47011509
1016    1725.47011496
1017    1725.47011518
1018    1725.47011554
1019    1725.47011561
1020    1725.47011571
1021    1725.47011582
1022    1725.47011564
1023    1725.47011574
1024    1725.47011571
