#x,Ay
1    -0
2    -1.6292355e-07
3    -2.969646e-07
4    -3.5133445e-07
5    -2.431877e-07
6    -3.9068e-09
7    -1.7643465e-07
8    -1.68900075e-07
9    1.83440175e-07
10    2.0725606e-07
11    1.5044441e-07
12    3.014701e-08
13    -7.204359e-08
14    4.7846891e-07
15    1.8002906e-07
16    1.0303221e-07
17    2.6297916e-07
18    3.2186046e-07
19    2.76722775e-07
20    2.73188036e-07
21    3.91787836e-07
22    6.16831686e-07
23    6.92943386e-07
24    5.18145286e-07
25    4.48438836e-07
26    4.95367151e-07
27    6.26844351e-07
28    5.79137001e-07
29    6.59784851e-07
30    7.80489201e-07
31    7.64094521e-07
32    8.89856821e-07
33    7.06518371e-07
34    8.24882721e-07
35    6.26007121e-07
36    2.10117171e-07
37    -5.967029e-09
38    1.47003471e-07
39    -8.8120629e-08
40    1.6956471e-08
41    4.4071641e-08
42    1.63270241e-07
43    1.1067191e-08
44    2.19965641e-07
45    3.26007841e-07
46    3.51867251e-07
47    5.46998801e-07
48    4.43607701e-07
49    5.21441751e-07
50    4.99128706e-07
51    2.01861806e-07
52    3.27263656e-07
53    6.18321506e-07
54    7.18381356e-07
55    9.43116356e-07
56    6.80941006e-07
57    7.05858596e-07
58    4.71751896e-07
59    6.18501696e-07
60    8.24051446e-07
61    9.55371646e-07
62    9.64673591e-07
63    8.42062341e-07
64    6.81115441e-07
65    4.80705041e-07
66    5.28918191e-07
67    6.65412591e-07
68    3.46771191e-07
69    5.50658191e-07
70    4.07873341e-07
71    3.05447291e-07
72    3.55770841e-07
73    2.30310841e-07
74    2.29310886e-07
75    1.81464006e-07
76    9.5048956e-08
77    8.7839951e-08
78    6.5928056e-08
79    1.18111956e-07
80    2.78000756e-07
81    9.2799056e-08
82    1.25414001e-07
83    4.4812651e-08
84    9.0485206e-08
85    -6.0555144e-08
86    -1.45429594e-07
87    -1.94962454e-07
88    -3.9899004e-08
89    -9.3524704e-08
90    -1.74006904e-07
91    -2.84641904e-07
92    -5.8395354e-08
93    1.16992846e-07
94    8.9366066e-08
95    3.40565116e-07
96    1.59758566e-07
97    -1.38833884e-07
98    -1.79320599e-07
99    -1.80808906e-07
100    -2.63665956e-07
101    -4.54706106e-07
102    -1.07790056e-07
103    -1.43271161e-07
104    -4.52351561e-07
105    -4.18073891e-07
106    -4.88652391e-07
107    -2.76847091e-07
108    -3.60797141e-07
109    -1.21365091e-07
110    1.76622709e-07
111    1.58608909e-07
112    -4.3092141e-08
113    1.35412209e-07
114    2.16780959e-07
115    4.7787859e-08
116    9.9122959e-08
117    1.39121324e-07
118    4.02040824e-07
119    3.98040986e-07
120    6.41286836e-07
121    4.53232036e-07
122    3.61212536e-07
123    5.06462386e-07
124    4.1923236e-08
125    -1.29837214e-07
126    -1.265582775e-07
127    -3.936171275e-07
128    -8.90714275e-08
129    2.685069725e-07
130    2.261947525e-07
131    2.911456025e-07
132    6.68757025e-08
133    4.29697025e-08
134    -4.65614975e-08
135    4.6835025e-09
136    -3.938815975e-07
137    -3.94430268e-07
138    -2.61249668e-07
139    -3.64408218e-07
140    -2.91899568e-07
141    -5.73841518e-07
142    -5.60283938e-07
143    -3.33514138e-07
144    -4.69845788e-07
145    -3.82779588e-07
146    -2.55110388e-07
147    -4.59474138e-07
148    -2.72528288e-07
149    -4.09638938e-07
150    -4.08833738e-07
151    -1.70285338e-07
152    -3.4895538e-08
153    1.73431712e-07
154    2.85427112e-07
155    3.01984577e-07
156    4.12450277e-07
157    8.2428877e-08
158    1.35351127e-07
159    1.56071212e-07
160    1.45269327e-07
161    3.24855027e-07
162    2.85892227e-07
163    6.2994377e-08
164    -2.44574423e-07
165    -5.235373e-09
166    2.29731777e-07
167    6.98294027e-07
168    5.47509477e-07
169    4.66809277e-07
170    4.14427677e-07
171    2.82151127e-07
172    3.54915577e-07
173    5.33698977e-07
174    6.28299777e-07
175    8.08524977e-07
176    8.54982382e-07
177    8.68191147e-07
178    5.61505997e-07
179    4.43095147e-07
180    6.49761097e-07
181    9.2574597e-08
182    4.1163897e-08
183    7.7278697e-08
184    3.07897197e-07
185    2.34528097e-07
186    3.47639747e-07
187    3.08152987e-07
188    -1.41875113e-07
189    -3.14495963e-07
190    -2.33383013e-07
191    -3.99562263e-07
192    -5.15092413e-07
193    -6.63481713e-07
194    -4.77303263e-07
195    -4.25328663e-07
196    -4.50240438e-07
197    -7.48507288e-07
198    -7.67018158e-07
199    -6.59627208e-07
200    -6.86509828e-07
201    -9.33662528e-07
202    -7.49716528e-07
203    -6.99718573e-07
204    -5.77584023e-07
205    -7.11392523e-07
206    -7.32676538e-07
207    -4.94430438e-07
208    -5.48846838e-07
209    -4.26443688e-07
210    -2.59287738e-07
211    -4.13862788e-07
212    -4.72139488e-07
213    -3.67980938e-07
214    -4.37201938e-07
215    -6.20589788e-07
216    -5.67102138e-07
217    -4.59571638e-07
218    -3.35007688e-07
219    -4.62008288e-07
220    -8.1512238e-08
221    -4.09452338e-07
222    -2.34500188e-07
223    -4.28913738e-07
224    -5.19677488e-07
225    -7.88521138e-07
226    -7.59294863e-07
227    -7.00056013e-07
228    -7.84982763e-07
229    -7.29450163e-07
230    -9.06027263e-07
231    -9.37057973e-07
232    -7.90412823e-07
233    -9.80846873e-07
234    -1.035984173e-06
235    -9.65835873e-07
236    -7.39723023e-07
237    -6.19123273e-07
238    -2.21825573e-07
239    -2.73730423e-07
240    -7.16142573e-07
241    -8.03929673e-07
242    -8.43858278e-07
243    -8.59702113e-07
244    -9.77883313e-07
245    -1.039415663e-06
246    -1.089999713e-06
247    -1.196320963e-06
248    -9.76050913e-07
249    -8.36161263e-07
250    -0.000211407111263
251    2.13349259289
252    8.75908959289
253    15.5289275929
254    22.2993960929
255    29.0682810929
256    35.8385875929
257    42.6086060929
258    49.3773585929
259    56.1484860929
260    62.9176640929
261    69.6869945929
262    76.4573095929
263    83.2275080929
264    91.8617565929
265    105.178172593
266    121.818104593
267    151.191355093
268    185.715133593
269    225.296832093
270    265.914181093
271    306.818877593
272    352.500280593
273    399.888374093
274    450.933729093
275    510.086504093
276    571.014869093
277    634.829489093
278    702.507519093
279    770.205529093
280    837.903214093
281    909.363734093
282    993.939744093
283    1086.79364909
284    1181.57124909
285    1276.34866409
286    1371.19871409
287    1470.28363909
288    1571.83225409
289    1675.84879409
290    1797.37081409
291    1927.51472409
292    2062.59352409
293    2198.23287909
294    2339.68198409
295    2493.95277409
296    2660.96027409
297    2835.59069409
298    3011.84865909
299    3193.88863909
300    3387.86194909
301    3599.58922909
302    3816.22504909
303    4032.86695409
304    4253.23494909
305    4476.63877409
306    4706.38550409
307    4949.15079409
308    5198.46933909
309    5448.95114409
310    5699.43411909
311    5949.91420409
312    6200.39603409
313    6450.88089409
314    6705.11783409
315    6968.19146409
316    7232.21370409
317    7496.23510409
318    7760.25914909
319    8024.27860409
320    8288.30055909
321    8553.55219409
322    8823.85456409
323    9098.78555909
324    9379.41179409
325    9664.98308909
326    9960.01548909
327    10264.9562791
328    10578.6822291
329    10902.5825241
330    11228.5670441
331    11564.5117491
332    11911.7376141
333    12271.4508341
334    12637.8159141
335    13021.1296691
336    13421.2119991
337    13841.8231141
338    14278.6954291
339    14743.4951741
340    15240.2489191
341    15764.4845191
342    16313.1357691
343    16883.8882191
344    17501.5184691
345    18184.2064691
346    18958.5781191
347    19875.9171191
348    21087.6239191
349    22990.7969191
350    27367.8005191
351    36323.1750191
352    44508.5780191
353    48490.9615191
354    49621.7275191
355    49409.3467641
356    49025.0263741
357    48915.8533741
358    48909.2875686
359    49115.5520736
360    48884.8694686
361    49052.2035736
362    49052.3785137
363    49186.4940787
364    49148.5650702
365    49058.7553052
366    48859.7940102
367    48622.8163052
368    48556.2524402
369    48490.4435352
370    48389.3779802
371    48348.1618982
372    48431.5125332
373    48303.5508732
374    48234.5313832
375    48444.2391482
376    48785.4171882
377    48730.2958132
378    48846.7286182
379    48497.7413482
380    48486.9261072
381    48683.1401322
382    48433.9696822
383    48584.7369272
384    48422.6401522
385    48490.7428272
386    48628.6104472
387    48924.5631772
388    49057.9168622
389    49059.7987801
390    48924.8677451
391    48762.7267951
392    48655.4546451
393    48943.9623251
394    49266.2279051
395    49446.5130151
396    49291.1274051
397    49107.1709451
398    49360.4764101
399    49553.5799151
400    49401.1667901
401    49422.6338801
402    49429.3582846
403    49605.7056646
404    49670.0221346
405    49697.9737071
406    49596.5634871
407    49419.2939121
408    49537.2302871
409    49588.7722021
410    49770.3812621
411    49735.2924431
412    49750.0981456
413    49783.1803956
414    49710.1812756
415    49367.3998156
416    49357.9313821
417    49500.6586021
418    49603.2118871
419    49539.0958871
420    49387.0441871
421    49731.0968821
422    49532.3320721
423    49501.2163986
424    49366.2712736
425    49164.4025336
426    49021.4296486
427    49269.2977786
428    49515.1183786
429    49471.5116866
430    49414.7732266
431    49407.0785896
432    49339.0537496
433    49364.3395661
434    49418.9257161
435    49214.6103361
436    49011.4283361
437    49058.2314591
438    48978.5408491
439    49097.0600841
440    49009.9576591
441    49097.1451441
442    49178.8044341
443    48851.9267991
444    48807.2321021
445    49087.0987171
446    48808.1484171
447    48711.3162521
448    48751.5926656
449    48804.4028706
450    48519.3689706
451    48730.0304706
452    48725.9784457
453    49044.8336157
454    48857.6890357
455    48358.9230057
456    48178.2181157
457    48157.0776677
458    48316.6348577
459    48380.3014627
460    48276.2497327
461    48323.8980347
462    48345.4953187
463    48221.4460537
464    48404.6905887
465    48221.3673687
466    48274.8348137
467    48262.5338317
468    48363.8488817
469    48506.4154467
470    48215.1953967
471    48399.6073317
472    48193.6351567
473    48060.8348417
474    48100.5796432
475    48446.4700882
476    48396.7549497
477    48331.4546497
478    48338.5955087
479    48248.2241787
480    48248.6671226
481    48138.5597826
482    48249.0912126
483    48041.1639976
484    48321.0609026
485    48374.7630926
486    48106.8420326
487    48353.9479976
488    48288.5222726
489    48184.2587476
490    48277.8530626
491    48316.0028561
492    48396.1437661
493    48303.4964161
494    48362.7522261
495    48246.7038311
496    48395.3810411
497    48343.4226311
498    48228.9952811
499    48048.1274511
500    48067.2051486
501    48268.3502886
502    48059.7416636
503    48222.5135686
504    48100.2468436
505    48096.2812151
506    48045.5435451
507    48090.0936381
508    48277.7805081
509    48137.7728881
510    47859.2851131
511    48130.5016081
512    48276.5327431
513    48381.3218581
514    48418.3687571
515    48147.9098371
516    48049.2873921
517    48178.9655021
518    48246.4568321
519    48361.0054571
520    48426.3196421
521    48125.3070371
522    47934.4495571
523    48124.8668621
524    48112.6597261
525    47949.2693011
526    47780.1781361
527    47905.2375461
528    47979.9307261
529    47957.7219711
530    47928.4798106
531    48341.6035156
532    48448.5037206
533    48704.0069356
534    48415.5384556
535    48340.4310706
536    48239.7901506
537    48037.9731256
538    47936.0804156
539    48205.7464106
540    48314.7301056
541    48531.2463456
542    48587.5553806
543    48526.5307006
544    48331.2621556
545    48541.2632356
546    48654.3732806
547    48169.2525006
548    48226.7492606
549    48384.9171006
550    48399.5246336
551    48456.2174086
552    48647.1106286
553    48846.0640986
554    48763.8304136
555    48626.2759936
556    48784.4002736
557    48738.3597131
558    48537.6045531
559    48755.1250281
560    48720.9409051
561    48718.7637789
562    48823.0442339
563    48548.0602789
564    48531.3087424
565    48382.8796024
566    48096.2418524
567    48015.3845074
568    48083.6853424
569    48103.1815524
570    48242.1434024
571    48307.7513124
572    48490.2805424
573    48624.7447774
574    48383.1322624
575    48380.1551616
576    48398.0962366
577    48461.9412966
578    48271.6900816
579    48219.7662816
580    48423.0090416
581    48515.3930516
582    48342.8913016
583    48563.1470666
584    48525.8165296
585    48474.3934996
586    48489.6355871
587    48377.0704321
588    48279.8772171
589    48268.8889381
590    48042.6183831
591    47874.9929531
592    47780.1079581
593    47916.5678381
594    48063.8883031
595    48124.2300131
596    48169.2011391
597    47981.3853441
598    48043.3067891
599    48280.7616191
600    48443.2784991
601    48291.0429591
602    48175.4469091
603    47697.1582991
604    47773.4345641
605    47987.1344541
606    47953.7233206
607    47681.2701406
608    47799.7077206
609    47643.9056706
610    48146.9567706
611    47765.5492506
612    47761.5391943
613    47744.0160543
614    47710.4268293
615    47727.2636833
616    47857.9713533
617    47805.5859333
618    47873.9690233
619    47706.9315433
620    47725.5033078
621    47858.9858878
622    47591.6786128
623    47590.6057767
624    47559.0326592
625    47708.4111042
626    47791.6122742
627    47726.0327592
628    47604.6115892
629    47677.4944642
630    47634.1741442
631    47759.9365892
632    47867.9490942
633    47776.9469492
634    47893.9800242
635    48013.4884042
636    47937.6880442
637    47997.4861292
638    47889.6976692
639    47833.8487242
640    47877.8369382
641    47833.4381157
642    47804.5112397
643    47984.3290197
644    48036.3760547
645    48065.7065842
646    48320.6689442
647    48420.5475192
648    48681.0718992
649    48517.9003342
650    48406.9870942
651    48016.0045592
652    47755.3808942
653    47878.0739342
654    47897.7406082
655    47972.9104282
656    47941.5913062
657    47979.9450572
658    48003.2446567
659    48037.3898422
660    47644.7244272
661    47970.6374122
662    47698.2063922
663    47783.2660772
664    47615.4909272
665    47795.9845872
666    47849.4876422
667    47433.6972322
668    47734.4391322
669    47803.1819322
670    47722.2199972
671    47911.6789622
672    46645.7683122
673    44032.4685622
674    37783.5180622
675    28801.5705622
676    22702.9445622
677    19199.5649622
678    16719.4405622
679    14736.4082122
680    13077.0032622
681    11660.0530122
682    10442.6755122
683    9383.02146215
684    8443.60871215
685    7597.42926215
686    6826.91176215
687    6114.90161215
688    5458.27171215
689    4857.10941215
690    4314.41596215
691    3800.40246215
692    3315.39960715
693    2861.22374215
694    2435.94818715
695    2032.75957215
696    1641.55081715
697    1258.73751215
698    898.433077153
699    547.320682153
700    211.747012153
701    -112.288572847
702    -430.611382847
703    -732.749297847
704    -1023.94724785
705    -1314.44423285
706    -1593.66343285
707    -1864.66210285
708    -2132.47601285
709    -2396.50708285
710    -2658.82293285
711    -2916.35504285
712    -3173.29908785
713    -3425.42863285
714    -3672.41065285
715    -3908.42250285
716    -4138.98566785
717    -4369.15919785
718    -4598.08400285
719    -4817.62970285
720    -5030.32844785
721    -5233.72114285
722    -5427.62510785
723    -5605.18781285
724    -5772.44267785
725    -5928.79829285
726    -6076.13836785
727    -6213.91836785
728    -6349.17646785
729    -6479.17247785
730    -6596.10427785
731    -6704.69026285
732    -6809.09861285
733    -6910.64442285
734    -7012.19149285
735    -7113.73888785
736    -7215.28494285
737    -7316.83279285
738    -7418.37845785
739    -7519.92586285
740    -7621.47314785
741    -7720.19399785
742    -7814.43890285
743    -7903.64206285
744    -7987.51645785
745    -8050.25411285
746    -8104.41086785
747    -8157.05731285
748    -8202.62966485
749    -8236.59363285
750    -8263.67434685
751    -8288.72808385
752    -8309.21265735
753    -8329.52127185
754    -8349.83017535
755    -8370.13975635
756    -8390.44946135
757    -8410.75874885
758    -8431.06801485
759    -8451.37700935
760    -8471.68056385
761    -8488.31350735
762    -8501.85243985
763    -8515.39193785
764    -8528.61846835
765    -8537.02432885
766    -8543.79395385
767    -8550.56353185
768    -8557.33333135
769    -8564.10390885
770    -8568.50767205
771    -8568.59875515
772    -8568.59875505
773    -8568.5987551
774    -8568.59875543
775    -8568.59875568
776    -8568.59875566
777    -8568.59875563
778    -8568.59875536
779    -8568.59875516
780    -8568.59875491
781    -8568.59875487
782    -8568.59875486
783    -8568.59875506
784    -8568.59875509
785    -8568.59875506
786    -8568.59875482
787    -8568.59875482
788    -8568.59875502
789    -8568.59875484
790    -8568.59875485
791    -8568.59875517
792    -8568.59875513
793    -8568.5987551
794    -8568.59875512
795    -8568.59875513
796    -8568.59875501
797    -8568.59875511
798    -8568.59875531
799    -8568.59875516
800    -8568.59875491
801    -8568.59875471
802    -8568.59875494
803    -8568.59875498
804    -8568.59875505
805    -8568.59875506
806    -8568.59875471
807    -8568.59875455
808    -8568.59875427
809    -8568.59875426
810    -8568.59875424
811    -8568.59875416
812    -8568.59875426
813    -8568.59875453
814    -8568.59875462
815    -8568.59875482
816    -8568.59875445
817    -8568.59875463
818    -8568.59875442
819    -8568.59875466
820    -8568.59875476
821    -8568.59875503
822    -8568.59875476
823    -8568.59875481
824    -8568.59875486
825    -8568.59875504
826    -8568.59875493
827    -8568.59875471
828    -8568.59875474
829    -8568.59875442
830    -8568.59875456
831    -8568.5987546
832    -8568.59875479
833    -8568.59875483
834    -8568.59875487
835    -8568.59875464
836    -8568.5987547
837    -8568.59875464
838    -8568.59875466
839    -8568.59875458
840    -8568.59875446
841    -8568.59875447
842    -8568.59875448
843    -8568.59875451
844    -8568.59875439
845    -8568.59875456
846    -8568.59875469
847    -8568.5987547
848    -8568.59875437
849    -8568.59875421
850    -8568.59875391
851    -8568.59875433
852    -8568.59875418
853    -8568.59875415
854    -8568.5987545
855    -8568.59875463
856    -8568.59875482
857    -8568.59875489
858    -8568.59875461
859    -8568.59875452
860    -8568.59875432
861    -8568.59875437
862    -8568.59875412
863    -8568.59875411
864    -8568.59875402
865    -8568.59875411
866    -8568.59875399
867    -8568.59875395
868    -8568.59875413
869    -8568.59875423
870    -8568.59875381
871    -8568.59875372
872    -8568.59875343
873    -8568.59875329
874    -8568.59875339
875    -8568.59875345
876    -8568.59875382
877    -8568.59875377
878    -8568.5987536
879    -8568.59875361
880    -8568.59875374
881    -8568.59875354
882    -8568.59875346
883    -8568.59875341
884    -8568.59875331
885    -8568.59875367
886    -8568.59875362
887    -8568.59875374
888    -8568.59875367
889    -8568.59875372
890    -8568.59875379
891    -8568.59875385
892    -8568.59875365
893    -8568.59875387
894    -8568.59875363
895    -8568.59875381
896    -8568.59875396
897    -8568.59875413
898    -8568.59875406
899    -8568.59875392
900    -8568.59875412
901    -8568.59875403
902    -8568.59875435
903    -8568.59875427
904    -8568.59875428
905    -8568.59875422
906    -8568.598754
907    -8568.59875379
908    -8568.59875394
909    -8568.59875397
910    -8568.59875396
911    -8568.59875396
912    -8568.598754
913    -8568.59875441
914    -8568.59875435
915    -8568.59875462
916    -8568.59875505
917    -8568.59875525
918    -8568.5987553
919    -8568.59875532
920    -8568.59875524
921    -8568.59875495
922    -8568.5987548
923    -8568.59875467
924    -8568.59875464
925    -8568.59875469
926    -8568.59875473
927    -8568.59875457
928    -8568.59875448
929    -8568.59875433
930    -8568.59875434
931    -8568.59875435
932    -8568.59875453
933    -8568.59875448
934    -8568.59875447
935    -8568.59875467
936    -8568.59875471
937    -8568.59875463
938    -8568.59875462
939    -8568.59875478
940    -8568.59875487
941    -8568.598755
942    -8568.59875496
943    -8568.59875508
944    -8568.59875513
945    -8568.59875488
946    -8568.59875493
947    -8568.59875465
948    -8568.59875456
949    -8568.59875461
950    -8568.59875457
951    -8568.59875442
952    -8568.59875444
953    -8568.59875451
954    -8568.59875454
955    -8568.59875467
956    -8568.5987545
957    -8568.59875435
958    -8568.59875412
959    -8568.59875385
960    -8568.59875387
961    -8568.59875396
962    -8568.59875377
963    -8568.59875396
964    -8568.59875387
965    -8568.59875358
966    -8568.59875348
967    -8568.5987535
968    -8568.59875373
969    -8568.59875349
970    -8568.59875395
971    -8568.59875368
972    -8568.59875397
973    -8568.59875408
974    -8568.59875392
975    -8568.59875367
976    -8568.59875363
977    -8568.59875363
978    -8568.59875392
979    -8568.59875361
980    -8568.59875368
981    -8568.59875352
982    -8568.59875344
983    -8568.59875344
984    -8568.59875358
985    -8568.59875338
986    -8568.59875365
987    -8568.59875364
988    -8568.59875369
989    -8568.59875369
990    -8568.59875381
991    -8568.59875374
992    -8568.59875364
993    -8568.5987539
994    -8568.5987539
995    -8568.59875409
996    -8568.59875415
997    -8568.59875416
998    -8568.59875409
999    -8568.59875419
1000    -8568.59875426
1001    -8568.59875407
1002    -8568.59875395
1003    -8568.59875406
1004    -8568.59875408
1005    -8568.59875399
1006    -8568.59875413
1007    -8568.59875448
1008    -8568.59875446
1009    -8568.59875471
1010    -8568.59875437
1011    -8568.59875449
1012    -8568.59875463
1013    -8568.59875473
1014    -8568.5987544
1015    -8568.59875481
1016    -8568.59875471
1017    -8568.59875492
1018    -8568.59875505
1019    -8568.59875483
1020    -8568.59875476
1021    -8568.59875518
1022    -8568.59875523
1023    -8568.59875513
1024    -8568.59875543
