#x,Ay
1    -0
2    5.90499e-08
3    1.0788511e-07
4    -1.8061634e-07
5    -2.615754e-08
6    1.0100006e-07
7    -2.2300994e-07
8    2.1004211e-07
9    4.0595271e-07
10    2.3805261e-07
11    2.5265085e-07
12    4.401985e-08
13    -3.20003e-08
14    2.310122e-07
15    4.8261235e-07
16    4.7265927e-07
17    2.3240162e-07
18    -1.399528e-08
19    -2.960511e-08
20    -5.709236e-08
21    -2.4930885e-08
22    4.58024665e-07
23    4.6518208e-07
24    4.49360415e-07
25    3.64119715e-07
26    1.42175315e-07
27    4.50534815e-07
28    5.62437215e-07
29    3.34446515e-07
30    5.40740415e-07
31    7.05942965e-07
32    7.95096315e-07
33    6.15206515e-07
34    7.87961065e-07
35    8.52528215e-07
36    7.36684115e-07
37    1.048671365e-06
38    1.103802815e-06
39    1.035247465e-06
40    1.236704365e-06
41    9.65314315e-07
42    1.324578665e-06
43    1.648890965e-06
44    1.635403145e-06
45    1.760142245e-06
46    1.971831245e-06
47    2.172032395e-06
48    2.032782245e-06
49    1.810576195e-06
50    1.571958045e-06
51    1.322200795e-06
52    1.169927945e-06
53    1.13667349e-06
54    1.14144074e-06
55    1.54293594e-06
56    1.43447524e-06
57    1.52107634e-06
58    1.21704224e-06
59    1.34372309e-06
60    1.51285569e-06
61    1.62430174e-06
62    1.76945859e-06
63    1.90122064e-06
64    1.69094434e-06
65    1.77312704e-06
66    1.65055064e-06
67    1.6972464e-06
68    1.6425742e-06
69    1.4409313e-06
70    1.50482985e-06
71    1.70912965e-06
72    1.92755095e-06
73    2.10710175e-06
74    1.91407185e-06
75    2.20171125e-06
76    2.310451e-06
77    2.25965075e-06
78    2.01584675e-06
79    1.74288115e-06
80    1.9014328e-06
81    2.13016765e-06
82    2.3624372e-06
83    2.10933125e-06
84    2.02905545e-06
85    2.27553375e-06
86    2.259301855e-06
87    2.29613756e-06
88    2.36318716e-06
89    2.15030051e-06
90    2.40610401e-06
91    2.89264226e-06
92    3.11081941e-06
93    3.01909641e-06
94    3.065970945e-06
95    2.909791295e-06
96    2.719845595e-06
97    2.632174745e-06
98    2.702176245e-06
99    2.659712865e-06
100    2.508844015e-06
101    2.471223455e-06
102    2.177218005e-06
103    2.389488405e-06
104    2.084198555e-06
105    2.231099505e-06
106    2.643291955e-06
107    2.66232606e-06
108    2.57885856e-06
109    2.588660485e-06
110    2.688354085e-06
111    2.475595335e-06
112    2.50183845e-06
113    2.30398605e-06
114    2.22572035e-06
115    2.1639322e-06
116    2.19478559e-06
117    1.63415759e-06
118    1.55495734e-06
119    1.29273549e-06
120    1.25061512e-06
121    1.20109389e-06
122    1.237883085e-06
123    9.53173785e-07
124    1.364040735e-06
125    1.363296578e-06
126    1.158188678e-06
127    9.52545928e-07
128    1.367081278e-06
129    1.485588078e-06
130    1.428288078e-06
131    1.399341133e-06
132    1.775767583e-06
133    1.794938313e-06
134    1.966559213e-06
135    1.858889213e-06
136    1.873423503e-06
137    1.833518153e-06
138    1.636735503e-06
139    1.118419503e-06
140    8.87033603e-07
141    6.99590703e-07
142    7.81901303e-07
143    6.27768053e-07
144    5.78549138e-07
145    6.70575538e-07
146    8.23499538e-07
147    1.012701088e-06
148    8.53056438e-07
149    8.59498033e-07
150    7.56013883e-07
151    1.016363733e-06
152    8.58602033e-07
153    8.608344975e-07
154    9.324827475e-07
155    1.3587094975e-06
156    1.1805307475e-06
157    1.1358232725e-06
158    1.0943365925e-06
159    6.868590425e-07
160    6.809871925e-07
161    6.398725975e-07
162    9.000944975e-07
163    1.0158106975e-06
164    1.1486657475e-06
165    8.991875975e-07
166    9.837655475e-07
167    1.1464565475e-06
168    9.223494475e-07
169    8.327949975e-07
170    4.126260975e-07
171    5.445276975e-07
172    7.590072975e-07
173    5.183543475e-07
174    6.631972475e-07
175    7.052652975e-07
176    6.269080475e-07
177    8.322717475e-07
178    8.873421475e-07
179    8.221354975e-07
180    4.753618975e-07
181    5.707300975e-07
182    5.70032452e-07
183    3.65366402e-07
184    3.639711095e-07
185    4.925981095e-07
186    7.265652595e-07
187    3.570920095e-07
188    7.906803595e-07
189    5.968743595e-07
190    2.947937095e-07
191    -1.197634905e-07
192    -2.976864405e-07
193    -3.064302655e-07
194    -4.779697655e-07
195    -5.277816805e-07
196    -6.384283305e-07
197    -5.438522305e-07
198    -6.348717805e-07
199    -9.678814305e-07
200    -1.0388145805e-06
201    -1.1405081305e-06
202    -9.669803305e-07
203    -7.102815305e-07
204    -7.684535805e-07
205    -5.168824805e-07
206    -4.448447305e-07
207    -3.130826805e-07
208    -3.793125305e-07
209    -3.322330555e-07
210    -9.87135555e-08
211    2.030531945e-07
212    2.434468945e-07
213    4.649261945e-07
214    5.391557445e-07
215    7.221947945e-07
216    4.073006945e-07
217    3.887665645e-07
218    3.311410145e-07
219    4.349914145e-07
220    2.784629145e-07
221    2.318136595e-07
222    4.52631595e-08
223    2.93888095e-08
224    2.215960595e-07
225    2.18410148e-07
226    1.65202998e-07
227    -1.92654502e-07
228    -3.59263952e-07
229    -3.24846752e-07
230    -5.11560052e-07
231    -5.88080202e-07
232    -6.56542502e-07
233    -5.99847152e-07
234    -6.74076702e-07
235    -7.95548502e-07
236    -9.49216652e-07
237    -6.58452402e-07
238    -2.69631052e-07
239    5.7727648e-08
240    -7.5034352e-08
241    -2.95218652e-07
242    -2.17175352e-07
243    -3.21082802e-07
244    -4.60332902e-07
245    -4.649838795e-07
246    -3.496455795e-07
247    -4.418511295e-07
248    -3.454655295e-07
249    -7.343798795e-07
250    -8.950012295e-07
251    -8.112372295e-07
252    -7.107762295e-07
253    -3.849755795e-07
254    -4.335738895e-07
255    3.14255701643
256    9.90841451643
257    16.6784325164
258    23.4471845164
259    30.2183120164
260    36.9874895164
261    43.7568200164
262    50.5271340164
263    57.2971175164
264    64.0662605164
265    70.8358145164
266    77.6061855164
267    84.3947640164
268    95.0308105164
269    109.372755016
270    131.546254016
271    164.413216016
272    198.261592516
273    234.394682016
274    274.904693016
275    315.524965516
276    356.143484516
277    396.761696516
278    437.380489516
279    481.481046516
280    530.697845016
281    584.749725016
282    643.492610016
283    704.419890016
284    765.348275016
285    826.276065016
286    889.906490016
287    957.566020016
288    1025.26463002
289    1093.27740502
290    1166.44803002
291    1246.52035002
292    1337.19138002
293    1431.96666502
294    1526.74347502
295    1621.57637002
296    1720.55592502
297    1822.10181502
298    1927.12296002
299    2047.34520002
300    2176.88097502
301    2315.79955002
302    2459.97280002
303    2621.88445502
304    2796.62250002
305    2972.63778002
306    3151.84642502
307    3342.51772502
308    3545.49246502
309    3755.30306002
310    3977.08739002
311    4211.95156002
312    4455.07144002
313    4706.30373502
314    4968.90069002
315    5232.92117002
316    5496.94341002
317    5760.96481002
318    6025.13754002
319    6297.20139502
320    6576.15949502
321    6861.49259002
322    7161.71431502
323    7469.99727502
324    7787.67648002
325    8113.46374002
326    8452.89234002
327    8811.51713002
328    9193.31626502
329    9598.56156002
330    10024.447705
331    10463.365765
332    10911.741245
333    11373.22925
334    11846.6675
335    12341.077515
336    12871.860265
337    13424.713415
338    13992.740815
339    14578.189215
340    15208.063065
341    15890.474665
342    16650.402265
343    17509.110815
344    18482.484165
345    19619.808865
346    21006.095965
347    22739.853115
348    24927.401365
349    27875.971515
350    32854.658515
351    42207.189015
352    50031.285515
353    52347.366915
354    53301.330415
355    53344.536047
356    53188.409632
357    52977.120052
358    52982.447762
359    53016.006405
360    53177.46278
361    53126.427175
362    53237.88843
363    53041.600655
364    52871.597535
365    52748.51983
366    52664.094325
367    52560.62184
368    52589.458054
369    52376.582034
370    52267.723194
371    52254.623248
372    52443.647298
373    52807.353788
374    52579.030768
375    52874.042363
376    52897.991268
377    52814.920808
378    52945.460473
379    52797.913123
380    52350.034773
381    52393.515769
382    52246.879849
383    52584.932929
384    52624.5449635
385    52628.0269814
386    52748.7169014
387    52458.5870414
388    52334.0526764
389    52554.5504114
390    52713.6856014
391    52809.4036964
392    52945.9801564
393    52821.0204114
394    52719.4413014
395    53170.9376864
396    52952.2863264
397    53034.1015964
398    53043.3174384
399    52971.6674334
400    53212.9838884
401    53259.1869939
402    53301.5472064
403    53566.9789014
404    53618.5753314
405    53562.9411064
406    53598.5719084
407    53477.7006784
408    53481.6551834
409    53371.5169484
410    53217.0379184
411    53316.4388584
412    53087.8869334
413    53593.8699334
414    53491.3511684
415    53545.4668634
416    53455.6929884
417    53518.4364734
418    53559.7519294
419    53379.7279794
420    53382.8808511
421    53352.7396621
422    53385.7045261
423    53444.7015311
424    53423.7204356
425    53403.3933766
426    53225.9336016
427    53207.3146741
428    53149.0647941
429    53142.0765401
430    53314.9562901
431    53434.8060701
432    53252.9985751
433    53135.8173901
434    53119.0723226
435    52715.0480026
436    52846.5360726
437    53013.8310876
438    52831.4650026
439    52808.6844791
440    52591.9288891
441    52567.7743011
442    52593.7976356
443    52615.8796041
444    52721.6318441
445    52752.6094106
446    52603.4533256
447    52347.2983556
448    52733.8561456
449    52962.7083106
450    52781.3972956
451    52428.9878606
452    52514.9539406
453    52771.8843656
454    52609.1362456
455    52515.5997256
456    52511.6722824
457    52463.2434619
458    52431.2770389
459    52541.5223039
460    52282.4844239
461    52248.0943234
462    52542.4530334
463    52398.2094034
464    52323.6441284
465    52186.0653034
466    52095.1724034
467    52213.0653284
468    52052.0109784
469    52203.2593734
470    52297.4219684
471    52483.2063884
472    52576.1602134
473    52352.9428584
474    52320.1957814
475    52240.3416264
476    52343.6547164
477    52300.5516224
478    52213.3629074
479    52296.3628724
480    52439.4446024
481    52279.8255224
482    52316.7373254
483    52417.7878904
484    52300.3244604
485    52214.4652254
486    52094.3030554
487    52110.8659109
488    52035.9395159
489    52162.0299809
490    51939.4824659
491    52025.3676859
492    52276.4575059
493    52242.9995704
494    52277.3640404
495    52002.1890054
496    51979.9846379
497    51972.4311364
498    52052.8307914
499    52088.2976919
500    51890.8856669
501    51902.9279749
502    51609.4859049
503    51734.7502999
504    51733.4123222
505    51722.5552252
506    51463.6629152
507    51668.2529552
508    52015.5257202
509    52098.2195202
510    52051.5338652
511    51827.9238052
512    51771.4742352
513    51778.1285672
514    51635.8329022
515    51572.2365322
516    51811.3699622
517    51795.4453477
518    51505.2057177
519    51511.2255582
520    51215.9309732
521    51377.9099332
522    51361.5227562
523    51637.7307612
524    51477.6086062
525    51188.5729312
526    51397.7464162
527    51530.1264412
528    51588.7772912
529    51479.4355662
530    51194.9317912
531    51428.8710612
532    51397.7997087
533    51347.5610787
534    51377.3346827
535    51522.0662077
536    51355.2528077
537    51569.1679027
538    51608.8623592
539    51512.2977542
540    51305.3748992
541    51461.0806842
542    51563.0501142
543    51515.5016367
544    51400.4227767
545    51611.0507917
546    51711.2703167
547    51513.0895767
548    51685.3820217
549    51716.9402837
550    51764.3025417
551    51683.6218817
552    51570.7203017
553    51664.4118867
554    51974.5768767
555    51968.7723857
556    51710.6068907
557    51817.8100657
558    51741.6778807
559    51600.0795607
560    51691.1023757
561    51912.2200007
562    51694.9453057
563    51616.3024157
564    51721.4429057
565    51569.5828457
566    51561.6605997
567    51623.6954897
568    51789.9834247
569    51606.1647347
570    51578.0794687
571    51732.6383037
572    51886.5473137
573    51856.0764452
574    51845.4602767
575    52006.7228667
576    51864.8031117
577    51830.3026622
578    51842.4656177
579    51861.7004672
580    51896.2847772
581    51947.9009372
582    51823.9477122
583    51869.3459227
584    51925.6106827
585    51640.5921177
586    51977.2984927
587    51738.6996927
588    51659.8785327
589    51646.1784342
590    51638.7906307
591    51916.7174007
592    51789.4758357
593    51895.7607907
594    51847.2907287
595    51592.2270537
596    52072.0723887
597    52009.1729287
598    51993.0749487
599    51729.5693987
600    51623.8670887
601    51718.8991837
602    51762.5643972
603    51572.8415072
604    51641.6512572
605    51724.5917422
606    51878.1125372
607    51813.5236972
608    51634.6777772
609    51793.2640322
610    51663.1816672
611    51953.6609572
612    51945.6082617
613    51881.9772667
614    51826.8575017
615    51740.3763067
616    51706.3476527
617    51595.7209377
618    51469.7401927
619    51529.2047127
620    51522.4282962
621    51509.3889082
622    51583.4539982
623    51665.7727032
624    51655.7401682
625    51363.9041432
626    51653.6001732
627    51536.3189632
628    51673.2808382
629    51716.1518502
630    51713.3689244
631    51768.3907444
632    51605.1731744
633    51501.1014944
634    51695.5290294
635    51479.2578744
636    51339.1524544
637    51310.7039524
638    51170.5205974
639    51230.2053224
640    51344.3432924
641    51148.0400774
642    51068.4636224
643    51382.5066674
644    51277.6833524
645    51260.4702439
646    51571.5973239
647    51640.2928689
648    51644.6800849
649    51825.2417199
650    52101.7341499
651    52009.8518899
652    52081.5751749
653    52042.6213984
654    51860.3827384
655    51772.3405584
656    51792.2459869
657    51736.5050369
658    51882.1586219
659    52075.9858069
660    51697.2662869
661    51755.4014969
662    52112.3614669
663    51989.8576719
664    52119.3495569
665    52164.7556984
666    52147.4573114
667    51967.9075114
668    52204.7302214
669    52148.0560764
670    52232.9719914
671    52119.2887914
672    51147.1353914
673    48974.9513914
674    41107.7223914
675    31702.0978914
676    26274.7558914
677    23059.9768914
678    20744.4063414
679    18909.4364914
680    17367.9956914
681    16060.7188914
682    14949.1277914
683    13983.9936414
684    13132.2409914
685    12380.8683914
686    11703.3698414
687    11070.0082914
688    10472.2981414
689    9908.20854142
690    9378.10979142
691    8879.06109642
692    8422.38818642
693    7994.33288142
694    7592.75166142
695    7218.27818142
696    6852.70878642
697    6489.74707142
698    6133.62076142
699    5783.96731642
700    5441.33859642
701    5109.40905642
702    4794.23340642
703    4500.42298642
704    4220.92308642
705    3948.62377142
706    3677.83115142
707    3407.04131642
708    3136.24695142
709    2865.63234142
710    2599.68408142
711    2341.57509142
712    2091.48566142
713    1847.02814642
714    1608.23159142
715    1376.29878642
716    1147.04204142
717    927.900001416
718    719.260371416
719    516.315656416
720    326.996961416
721    159.699116416
722    5.88304141643
723    -135.111313584
724    -270.868828584
725    -406.201733584
726    -531.086468584
727    -646.184193584
728    -760.148243584
729    -866.913913584
730    -968.601733584
731    -1070.14609858
732    -1171.69393358
733    -1273.23974358
734    -1373.90160358
735    -1465.61708358
736    -1553.62314358
737    -1638.47013358
738    -1704.14623858
739    -1757.82744358
740    -1805.23701008
741    -1845.46957058
742    -1876.29693958
743    -1903.31440408
744    -1926.15209258
745    -1946.46219808
746    -1966.76979208
747    -1987.08077308
748    -2007.38963308
749    -2027.69913958
750    -2048.00809458
751    -2067.03446408
752    -2081.07477908
753    -2094.61376908
754    -2108.15330808
755    -2119.59307758
756    -2126.51582758
757    -2133.28558458
758    -2140.05508008
759    -2146.27408858
760    -2147.47827923
761    -2147.47827907
762    -2147.47827925
763    -2147.47827948
764    -2147.47827958
765    -2147.47827962
766    -2147.47827942
767    -2147.47827953
768    -2147.47827972
769    -2147.4782799
770    -2147.47828024
771    -2147.47827986
772    -2147.47827968
773    -2147.47827952
774    -2147.47827947
775    -2147.47827945
776    -2147.47827921
777    -2147.47827886
778    -2147.47827906
779    -2147.47827924
780    -2147.47827928
781    -2147.47827958
782    -2147.47827947
783    -2147.47827952
784    -2147.47827959
785    -2147.47827966
786    -2147.4782795
787    -2147.47827932
788    -2147.47827937
789    -2147.47827931
790    -2147.47827922
791    -2147.47827932
792    -2147.47827922
793    -2147.47827927
794    -2147.47827938
795    -2147.47827932
796    -2147.47827914
797    -2147.47827927
798    -2147.47827897
799    -2147.47827924
800    -2147.47827883
801    -2147.4782789
802    -2147.4782789
803    -2147.47827874
804    -2147.47827872
805    -2147.47827875
806    -2147.47827877
807    -2147.47827882
808    -2147.47827875
809    -2147.47827863
810    -2147.47827904
811    -2147.47827908
812    -2147.47827926
813    -2147.47827955
814    -2147.47827944
815    -2147.47827954
816    -2147.47827964
817    -2147.47827973
818    -2147.47827976
819    -2147.47827981
820    -2147.47827959
821    -2147.47827963
822    -2147.47827946
823    -2147.47827914
824    -2147.47827902
825    -2147.47827904
826    -2147.47827922
827    -2147.47827939
828    -2147.47827935
829    -2147.47827942
830    -2147.47827941
831    -2147.47827931
832    -2147.47827915
833    -2147.47827913
834    -2147.47827916
835    -2147.47827921
836    -2147.47827915
837    -2147.47827942
838    -2147.47827969
839    -2147.47827983
840    -2147.47827974
841    -2147.47827967
842    -2147.4782794
843    -2147.47827915
844    -2147.47827924
845    -2147.47827924
846    -2147.47827918
847    -2147.47827886
848    -2147.47827887
849    -2147.47827869
850    -2147.47827892
851    -2147.4782791
852    -2147.47827912
853    -2147.47827908
854    -2147.47827896
855    -2147.47827941
856    -2147.47827955
857    -2147.47827975
858    -2147.47828002
859    -2147.47828012
860    -2147.47827989
861    -2147.47828003
862    -2147.47827987
863    -2147.47828011
864    -2147.47828012
865    -2147.47827984
866    -2147.47827985
867    -2147.47828
868    -2147.47828003
869    -2147.47828029
870    -2147.47828026
871    -2147.47828051
872    -2147.47828051
873    -2147.47828058
874    -2147.47828058
875    -2147.47828038
876    -2147.47828033
877    -2147.47828044
878    -2147.47828025
879    -2147.47828037
880    -2147.47828035
881    -2147.47828021
882    -2147.47828017
883    -2147.47828013
884    -2147.47827999
885    -2147.47827994
886    -2147.47827982
887    -2147.47827982
888    -2147.47827948
889    -2147.47827911
890    -2147.47827906
891    -2147.4782794
892    -2147.47827954
893    -2147.47827968
894    -2147.47827943
895    -2147.47827934
896    -2147.47827907
897    -2147.47827913
898    -2147.47827928
899    -2147.47827904
900    -2147.47827879
901    -2147.47827847
902    -2147.47827867
903    -2147.47827862
904    -2147.47827835
905    -2147.47827829
906    -2147.47827854
907    -2147.47827816
908    -2147.47827829
909    -2147.4782783
910    -2147.47827809
911    -2147.47827821
912    -2147.47827825
913    -2147.47827858
914    -2147.47827892
915    -2147.47827901
916    -2147.47827957
917    -2147.47827991
918    -2147.47827994
919    -2147.4782799
920    -2147.47828032
921    -2147.47828057
922    -2147.47828067
923    -2147.47828057
924    -2147.47828067
925    -2147.47828054
926    -2147.47828069
927    -2147.47828045
928    -2147.47828068
929    -2147.47828041
930    -2147.4782806
931    -2147.47828094
932    -2147.47828089
933    -2147.47828066
934    -2147.47828023
935    -2147.47828015
936    -2147.47827996
937    -2147.47827985
938    -2147.47828033
939    -2147.47828023
940    -2147.47828022
941    -2147.47827992
942    -2147.47827995
943    -2147.47827985
944    -2147.47827981
945    -2147.47827974
946    -2147.47827956
947    -2147.47827939
948    -2147.47827942
949    -2147.47827944
950    -2147.47827898
951    -2147.47827951
952    -2147.47827933
953    -2147.47827901
954    -2147.47827914
955    -2147.47827896
956    -2147.47827881
957    -2147.47827852
958    -2147.47827828
959    -2147.47827872
960    -2147.4782788
961    -2147.47827878
962    -2147.47827867
963    -2147.47827862
964    -2147.47827871
965    -2147.47827847
966    -2147.47827841
967    -2147.47827813
968    -2147.47827869
969    -2147.47827912
970    -2147.47827904
971    -2147.47827884
972    -2147.4782788
973    -2147.47827858
974    -2147.47827835
975    -2147.47827835
976    -2147.47827837
977    -2147.47827843
978    -2147.47827879
979    -2147.47827864
980    -2147.47827853
981    -2147.47827882
982    -2147.47827874
983    -2147.47827822
984    -2147.4782784
985    -2147.47827873
986    -2147.47827879
987    -2147.47827896
988    -2147.4782794
989    -2147.47827935
990    -2147.47827927
991    -2147.47827923
992    -2147.47827924
993    -2147.47827901
994    -2147.47827907
995    -2147.47827891
996    -2147.47827909
997    -2147.47827884
998    -2147.47827887
999    -2147.47827899
1000    -2147.47827898
1001    -2147.47827931
1002    -2147.4782791
1003    -2147.47827926
1004    -2147.4782795
1005    -2147.47827956
1006    -2147.47827946
1007    -2147.47827906
1008    -2147.47827936
1009    -2147.47827935
1010    -2147.47827943
1011    -2147.47827962
1012    -2147.47827965
1013    -2147.47827957
1014    -2147.47827943
1015    -2147.47827941
1016    -2147.47827932
1017    -2147.47827954
1018    -2147.47827937
1019    -2147.47827934
1020    -2147.47827994
1021    -2147.47827991
1022    -2147.47827982
1023    -2147.47827962
1024    -2147.4782799
