#x,Ay
1    -0
2    -3.3843965e-07
3    -4.0270445e-07
4    -6.990877e-07
5    -6.6040614e-07
6    -5.5692199e-07
7    -7.5105359e-07
8    -9.7310264e-07
9    -7.9894699e-07
10    -1.03712329e-06
11    -1.09163269e-06
12    -1.25551554e-06
13    -8.5692719e-07
14    -8.15254475e-07
15    -7.72081815e-07
16    -4.90837515e-07
17    -5.78868815e-07
18    -6.0407709e-07
19    -4.4580449e-07
20    -4.7714042e-07
21    -3.8630692e-07
22    -2.1845332e-07
23    -3.9974822e-07
24    -7.1308427e-07
25    -7.13061010703e-07
26    -5.60369560703e-07
27    -3.13548260703e-07
28    -2.09302510703e-07
29    -2.82578610703e-07
30    -2.23871710703e-07
31    -3.01025510703e-07
32    -3.81766410703e-07
33    -4.47438160703e-07
34    6.5657339297e-08
35    5.2096849297e-08
36    9.4234664297e-08
37    1.56278664297e-07
38    -5.1619835703e-08
39    -7.0060940703e-08
40    -1.74463640703e-07
41    -2.90110090703e-07
42    -9.8350490703e-08
43    -1.35883840703e-07
44    -2.05741440703e-07
45    -3.6648790703e-08
46    3.29894359297e-07
47    6.28021709297e-07
48    7.34528959297e-07
49    7.00855914297e-07
50    8.29449514297e-07
51    1.2799892643e-06
52    1.2417582693e-06
53    1.1042290193e-06
54    1.2494788693e-06
55    1.4844925193e-06
56    1.5365136693e-06
57    1.8921706193e-06
58    1.9161231343e-06
59    2.0218281343e-06
60    2.0026951943e-06
61    1.4717631943e-06
62    1.5592712443e-06
63    1.5684231243e-06
64    1.6793720743e-06
65    1.6541957793e-06
66    1.8421299793e-06
67    1.8369441443e-06
68    2.0280525943e-06
69    1.9354226443e-06
70    1.8177995443e-06
71    1.9853740943e-06
72    1.9421665593e-06
73    1.9811184543e-06
74    1.8080092543e-06
75    1.9380969543e-06
76    1.7339250543e-06
77    1.6000235543e-06
78    1.5981631678e-06
79    1.5559323328e-06
80    1.6252841328e-06
81    1.7515493328e-06
82    1.5599060328e-06
83    1.7283875328e-06
84    1.4342135328e-06
85    1.5893699828e-06
86    1.5526214878e-06
87    1.6066541378e-06
88    1.7675545378e-06
89    1.6321181878e-06
90    1.8014077878e-06
91    1.4951005378e-06
92    1.3151078878e-06
93    1.7035571378e-06
94    1.5210762378e-06
95    1.5591677078e-06
96    1.4117867578e-06
97    1.4983762578e-06
98    1.5474672728e-06
99    1.6165109728e-06
100    1.5929770478e-06
101    1.4789816978e-06
102    1.4923648728e-06
103    1.5187242678e-06
104    1.4928416028e-06
105    1.5273053128e-06
106    1.5113757328e-06
107    1.4734412428e-06
108    1.8228339428e-06
109    1.4499538428e-06
110    1.5092072428e-06
111    1.8568906928e-06
112    1.8596812758e-06
113    1.9260157758e-06
114    1.9382478258e-06
115    2.0224682258e-06
116    1.9289487758e-06
117    2.3164213258e-06
118    2.2937013258e-06
119    2.2687953658e-06
120    2.4009760158e-06
121    2.4719731158e-06
122    2.3515013158e-06
123    2.4546133658e-06
124    2.7643723158e-06
125    3.1305063658e-06
126    3.2314092158e-06
127    3.2022301758e-06
128    3.1890679208e-06
129    3.5169324208e-06
130    3.3966582708e-06
131    3.3159057708e-06
132    3.0265455208e-06
133    3.2686344708e-06
134    3.4161400708e-06
135    3.1854518208e-06
136    3.0021802208e-06
137    2.8029790708e-06
138    2.8360009808e-06
139    2.5748459808e-06
140    2.5100869808e-06
141    2.3542793808e-06
142    2.2513998808e-06
143    2.4254508808e-06
144    2.3343150808e-06
145    2.4333342808e-06
146    2.7099973808e-06
147    2.8231729808e-06
148    2.9726087308e-06
149    3.1910939808e-06
150    3.1767689858e-06
151    3.2798476358e-06
152    3.2030135858e-06
153    3.0940412858e-06
154    2.9816388858e-06
155    3.0603042858e-06
156    3.2404364858e-06
157    3.4228127358e-06
158    3.5170937358e-06
159    3.7006210858e-06
160    3.3231481358e-06
161    3.2602088358e-06
162    3.1242143858e-06
163    3.2222336358e-06
164    3.1633813858e-06
165    3.0690712858e-06
166    3.4487767358e-06
167    3.4723571608e-06
168    3.4329401658e-06
169    3.2411420658e-06
170    3.3046743658e-06
171    3.3742529158e-06
172    3.3709972343e-06
173    3.2362585843e-06
174    3.4990036843e-06
175    3.7335057343e-06
176    3.7255060593e-06
177    3.9488576093e-06
178    3.5625710593e-06
179    3.4941320093e-06
180    3.5621437593e-06
181    3.4978208093e-06
182    3.5514392593e-06
183    3.5196149793e-06
184    3.7518845293e-06
185    3.4782910793e-06
186    3.6970030793e-06
187    3.3044755293e-06
188    3.2495504293e-06
189    3.4144586293e-06
190    3.3409499793e-06
191    3.3429179238e-06
192    3.1798548238e-06
193    3.1980750088e-06
194    3.4574597588e-06
195    3.6205926088e-06
196    3.3988807588e-06
197    3.1926813588e-06
198    3.3418787588e-06
199    3.2322171088e-06
200    3.0191793088e-06
201    3.0049938438e-06
202    2.7281911938e-06
203    2.5811274438e-06
204    2.4893928438e-06
205    2.6620718438e-06
206    2.6843906988e-06
207    2.5951850488e-06
208    2.5837276688e-06
209    2.3553329188e-06
210    2.5338140188e-06
211    2.4348413188e-06
212    2.2881729188e-06
213    2.2138271188e-06
214    2.2281986238e-06
215    2.2886496238e-06
216    2.0144980238e-06
217    2.1578409738e-06
218    2.0253609238e-06
219    1.8656930238e-06
220    1.9770140238e-06
221    2.0657545738e-06
222    2.1882611738e-06
223    2.3033262238e-06
224    2.4271816238e-06
225    2.5819311238e-06
226    2.7753941238e-06
227    2.8142762588e-06
228    2.8983251588e-06
229    2.6170285088e-06
230    2.9407362088e-06
231    2.8575768088e-06
232    2.6279350088e-06
233    2.6156564488e-06
234    2.6942578988e-06
235    2.6280280488e-06
236    2.7452848488e-06
237    2.5730825988e-06
238    2.4883185988e-06
239    2.4682263988e-06
240    2.7088444988e-06
241    2.5225381488e-06
242    2.6707064988e-06
243    2.4523433488e-06
244    2.1804939988e-06
245    2.4762987488e-06
246    3.0139512488e-06
247    3.1129239488e-06
248    3.3086019988e-06
249    3.4939664988e-06
250    -0.000207048783501
251    0.000281581216499
252    0.000806892716499
253    0.0038376297165
254    -0.0025306152835
255    0.0035821497165
256    -0.0060805852835
257    0.000798724716499
258    0.0035648667165
259    -0.0010980687835
260    0.000359230716499
261    -0.0022813502835
262    0.0038698597165
263    -0.0020153852835
264    -0.0028257177835
265    0.0173862222165
266    -0.0128817277835
267    0.392325312216
268    13.6804968122
269    66.1231268122
270    162.577916812
271    280.085366812
272    402.048621812
273    536.212916812
274    689.522386812
275    846.379291812
276    1012.43081681
277    1189.06416181
278    1371.86649181
279    1560.75289681
280    1763.03821681
281    1967.78298181
282    2188.05033681
283    2425.53180681
284    2668.43679181
285    2912.05212681
286    3156.29595181
287    3405.12326181
288    3655.64500681
289    3906.11673681
290    4156.65922681
291    4407.05927681
292    4657.57012681
293    4908.08068681
294    5158.53818681
295    5409.00899681
296    5659.49344681
297    5909.98246181
298    6160.45654681
299    6410.92670181
300    6661.43544181
301    6911.90563681
302    7162.39340181
303    7412.87133681
304    7663.35269181
305    7913.83417181
306    8164.31524181
307    8414.79692681
308    8665.27975681
309    8915.76156181
310    9166.24453681
311    9416.72462181
312    9667.20645181
313    9917.69131181
314    10168.1717068
315    10418.6527968
316    10669.1351968
317    10919.6180268
318    11170.1035018
319    11420.5810268
320    11671.0621768
321    11921.5508668
322    12172.0306268
323    12426.1439868
324    12683.5505118
325    12945.4909418
326    13209.5126118
327    13473.5440068
328    13737.5462368
329    14001.5897568
330    14265.5906168
331    14529.6168918
332    14793.6442918
333    15057.6795568
334    15321.6805218
335    15585.7154618
336    15849.7639168
337    16113.7242868
338    16377.7881018
339    16641.8030718
340    16905.8596968
341    17169.8019218
342    17433.8821618
343    17697.8782718
344    17961.9869168
345    18225.9139868
346    18490.0275918
347    18754.0218368
348    19018.2252668
349    19282.5776868
350    19101.7647618
351    15398.0092118
352    8734.51671181
353    3771.49181181
354    -3360.81518819
355    -16775.5046882
356    -26279.8926882
357    -30206.4765382
358    -32180.6556382
359    -33054.2797882
360    -33297.7338432
361    -33646.7516682
362    -34048.9635482
363    -34236.5568882
364    -34027.6890282
365    -33952.1005682
366    -34334.2331182
367    -34316.8290697
368    -34042.8808297
369    -33943.6372897
370    -34040.3054097
371    -34011.0566777
372    -34331.6569477
373    -34125.8729027
374    -34445.1824827
375    -34211.8735877
376    -34251.2596257
377    -34243.7853907
378    -34283.2201327
379    -34490.7784827
380    -34639.5984727
381    -34413.0587077
382    -34415.1281102
383    -34394.4472757
384    -34425.6829007
385    -34503.2887107
386    -34578.4648957
387    -34516.0175507
388    -34525.5367812
389    -34549.6043882
390    -34897.5478732
391    -34815.5533082
392    -34708.3339032
393    -34731.1481677
394    -34814.4734627
395    -34818.467712
396    -35028.136217
397    -35112.549777
398    -34996.197522
399    -35050.144127
400    -35007.4468955
401    -35266.5410555
402    -35395.2584705
403    -35188.5041055
404    -35108.0612505
405    -35017.2615605
406    -35293.4791505
407    -35544.0270855
408    -35476.0048955
409    -35558.5142705
410    -35504.2768455
411    -35609.9571905
412    -35393.1547655
413    -35323.6576105
414    -35596.6410605
415    -35365.5290105
416    -35170.8299505
417    -35353.3251005
418    -35103.2448655
419    -35333.3955605
420    -35331.5382778
421    -35275.6204978
422    -35250.1038183
423    -35002.7227633
424    -35012.6796083
425    -35151.0973833
426    -35069.7655333
427    -34923.2673633
428    -34847.6336283
429    -34739.7943883
430    -34930.7157483
431    -34869.2289633
432    -34839.0188003
433    -34817.8960023
434    -34667.0224323
435    -34759.4293273
436    -34789.9043353
437    -34673.3267153
438    -34843.4140053
439    -34547.0054303
440    -34597.5080253
441    -34560.6774668
442    -34508.5092018
443    -34620.5750568
444    -34494.2131268
445    -34446.0729873
446    -34383.0854073
447    -34169.3157623
448    -34309.7840573
449    -34483.0243573
450    -34508.2763178
451    -34591.0255628
452    -34584.8877243
453    -34424.6382693
454    -34279.1405693
455    -34323.8330338
456    -34470.9025338
457    -34297.2539438
458    -34068.1892988
459    -33977.5806288
460    -34010.0080948
461    -34094.4098998
462    -34100.5626958
463    -33986.7340258
464    -34182.4613458
465    -34241.5473508
466    -34241.2726696
467    -34306.4826696
468    -34218.5045196
469    -33787.4773596
470    -33915.0494196
471    -33856.8181396
472    -34019.7165296
473    -34038.2582281
474    -34164.0221831
475    -34062.6967681
476    -33941.2851831
477    -34017.4223931
478    -34040.4590396
479    -34103.0976246
480    -33943.4584396
481    -33977.6710576
482    -33819.6773826
483    -33974.0317726
484    -33915.9818676
485    -33620.8275276
486    -33855.0149126
487    -33930.2441876
488    -33901.4356116
489    -33891.8861806
490    -33877.5535766
491    -33751.8872316
492    -33878.6342116
493    -33920.3039001
494    -33932.0189951
495    -33880.4209301
496    -33805.2477751
497    -33681.7098351
498    -33819.4294901
499    -33658.1134151
500    -33685.5559981
501    -33840.5777731
502    -33603.6611581
503    -33751.7453931
504    -33712.1238736
505    -33793.0252436
506    -33643.3797786
507    -33441.7071136
508    -33425.9819976
509    -33402.3200556
510    -33611.7637306
511    -33629.7319596
512    -33625.9604505
513    -33399.0302355
514    -33659.1115505
515    -33840.2489155
516    -33953.2877005
517    -33737.3900805
518    -33677.1034205
519    -33634.7179945
520    -33639.5241142
521    -33810.7207442
522    -33731.2729392
523    -33780.5298532
524    -33372.1577532
525    -33514.4079632
526    -33404.2098032
527    -33321.9959832
528    -33495.3555982
529    -33437.6701082
530    -33530.9688982
531    -33671.4050732
532    -33640.7788052
533    -33815.4262052
534    -33716.3229552
535    -33682.3906032
536    -33604.7905232
537    -33558.4112897
538    -33380.9785897
539    -33535.0298547
540    -33641.8731047
541    -33685.8428967
542    -33665.8268147
543    -33763.2528147
544    -33826.3200697
545    -33984.6514597
546    -33713.4908747
547    -33815.1816197
548    -33734.8987847
549    -33838.9949597
550    -34067.7756447
551    -34095.4781162
552    -34159.0129612
553    -34173.7288462
554    -34137.9155677
555    -34269.3170727
556    -34276.2668322
557    -34268.3022447
558    -34252.2650582
559    -34441.9890932
560    -34608.1430032
561    -34262.5665532
562    -34284.5274007
563    -34170.2665707
564    -34010.7658107
565    -34024.9524387
566    -33806.4147437
567    -33727.4946137
568    -33949.4263587
569    -33828.2083937
570    -33602.1296937
571    -33895.6225537
572    -33997.1193837
573    -34199.0962337
574    -34414.7191337
575    -34216.0685837
576    -34203.3571967
577    -34241.2077082
578    -34080.4003132
579    -34062.8868387
580    -34112.8381477
581    -33965.2134027
582    -34206.9786377
583    -34133.6417277
584    -34037.7911477
585    -34149.1963277
586    -34209.8101127
587    -34017.6527227
588    -34003.7011142
589    -33984.1699052
590    -34065.9697752
591    -34009.2761452
592    -33860.1193302
593    -33889.8904997
594    -33861.5464997
595    -33997.8677697
596    -34106.1571397
597    -34197.6881297
598    -34268.7412947
599    -34319.1796847
600    -34055.8608697
601    -34145.9290197
602    -34259.7225247
603    -34452.5746147
604    -34088.3406397
605    -33872.8447147
606    -33871.2397827
607    -33842.5753502
608    -34113.1629652
609    -33860.6992052
610    -33815.0272127
611    -33369.5571477
612    -33593.0683727
613    -33832.4996227
614    -33762.0625777
615    -33641.5571227
616    -33838.2335277
617    -34009.2224627
618    -33898.7610027
619    -33843.1982077
620    -33596.2677127
621    -33559.5892307
622    -33501.8715807
623    -33601.1142607
624    -33492.2778157
625    -33440.6172707
626    -33559.8962907
627    -33573.9542527
628    -33502.6100677
629    -33568.1096227
630    -33517.2572127
631    -33697.0598777
632    -33782.6058177
633    -33599.9946077
634    -33677.5556127
635    -33869.2077177
636    -34059.4987427
637    -34010.8436592
638    -33736.3552142
639    -33465.7713442
640    -33495.7023292
641    -33460.4451467
642    -33618.9744867
643    -33867.6635567
644    -34104.2607617
645    -34143.4438502
646    -34082.3363002
647    -34073.9572597
648    -34066.6706017
649    -33957.2481817
650    -34080.1232567
651    -34205.4796767
652    -33838.3141567
653    -33869.3322097
654    -33770.4657797
655    -33895.5300047
656    -33989.9273847
657    -34268.7689347
658    -34171.5804797
659    -34113.8419447
660    -34036.7842047
661    -34082.7026687
662    -34123.1300452
663    -33855.1233602
664    -33632.1331452
665    -33715.6358352
666    -34004.8020702
667    -33917.5526102
668    -33937.3571262
669    -34078.5172162
670    -33970.8585362
671    -34106.3273362
672    -35134.6960362
673    -37840.2485362
674    -42842.4695362
675    -50805.9270362
676    -57565.2995362
677    -61555.7927862
678    -64323.9200362
679    -66434.5965362
680    -68108.9377862
681    -69482.6046862
682    -70689.8863362
683    -71797.7857862
684    -72808.7204362
685    -73708.5052362
686    -74519.5151362
687    -75257.9393862
688    -75928.1452862
689    -76565.4046862
690    -77177.7515862
691    -77759.1196362
692    -78297.5162862
693    -78794.2837562
694    -79246.7176762
695    -79662.0735412
696    -80057.3261562
697    -80446.4546362
698    -80828.4483312
699    -81190.6350812
700    -81540.2930712
701    -81883.8160112
702    -82213.4053212
703    -82520.2141962
704    -82813.2254262
705    -83104.2302312
706    -83389.1444662
707    -83666.9656212
708    -83941.1860212
709    -84211.8772462
710    -84478.2391862
711    -84738.8570162
712    -84996.1074612
713    -85248.9735512
714    -85491.9943912
715    -85728.3598862
716    -85959.3069662
717    -86189.4804962
718    -86419.6545812
719    -86648.7789212
720    -86870.3116962
721    -87086.7558662
722    -87295.4136012
723    -87487.4445862
724    -87675.9770162
725    -87853.6467712
726    -88016.5442712
727    -88172.4331762
728    -88324.6934462
729    -88467.6296112
730    -88609.4622112
731    -88745.2062412
732    -88866.5612512
733    -88978.7880262
734    -89083.5583212
735    -89185.1057162
736    -89286.6517712
737    -89388.1996212
738    -89489.7452862
739    -89591.2926912
740    -89692.8399762
741    -89794.3858062
742    -89895.9327612
743    -89997.4800562
744    -90099.0267562
745    -90200.5735512
746    -90302.0172062
747    -90399.1054612
748    -90493.8837662
749    -90588.6596762
750    -90676.7170812
751    -90740.8040812
752    -90796.9131562
753    -90851.0715612
754    -90904.8644762
755    -90950.7433577
756    -90981.7874742
757    -91008.7500317
758    -91031.3040132
759    -91051.6130077
760    -91071.9229817
761    -91092.2322987
762    -91112.5408082
763    -91132.8506872
764    -91153.1603677
765    -91173.4693892
766    -91193.7791582
767    -91214.0878262
768    -91234.3976552
769    -91254.7075447
770    -91271.6390327
771    -91285.1791942
772    -91298.7185402
773    -91310.5947922
774    -91317.6676472
775    -91324.4368567
776    -91331.2068332
777    -91337.9768472
778    -91344.7465092
779    -91351.5133572
780    -91354.7011159
781    -91354.7011157
782    -91354.7011159
783    -91354.701116
784    -91354.7011164
785    -91354.7011165
786    -91354.7011164
787    -91354.7011163
788    -91354.7011165
789    -91354.7011161
790    -91354.7011162
791    -91354.7011161
792    -91354.7011161
793    -91354.7011162
794    -91354.701116
795    -91354.701116
796    -91354.701116
797    -91354.701116
798    -91354.7011159
799    -91354.701116
800    -91354.701116
801    -91354.701116
802    -91354.701116
803    -91354.701116
804    -91354.7011162
805    -91354.7011162
806    -91354.7011162
807    -91354.7011161
808    -91354.7011159
809    -91354.7011162
810    -91354.7011163
811    -91354.7011164
812    -91354.7011161
813    -91354.701116
814    -91354.701116
815    -91354.7011159
816    -91354.7011158
817    -91354.701116
818    -91354.701116
819    -91354.7011164
820    -91354.7011165
821    -91354.7011167
822    -91354.7011168
823    -91354.7011169
824    -91354.7011172
825    -91354.7011172
826    -91354.7011173
827    -91354.701117
828    -91354.7011168
829    -91354.7011166
830    -91354.7011166
831    -91354.7011167
832    -91354.7011166
833    -91354.7011167
834    -91354.7011168
835    -91354.7011169
836    -91354.7011167
837    -91354.7011168
838    -91354.7011168
839    -91354.7011169
840    -91354.7011169
841    -91354.7011172
842    -91354.7011169
843    -91354.7011168
844    -91354.7011169
845    -91354.7011166
846    -91354.7011162
847    -91354.7011163
848    -91354.7011161
849    -91354.701116
850    -91354.7011159
851    -91354.7011157
852    -91354.7011157
853    -91354.7011157
854    -91354.7011157
855    -91354.7011155
856    -91354.7011152
857    -91354.7011151
858    -91354.7011153
859    -91354.7011152
860    -91354.7011152
861    -91354.701115
862    -91354.7011151
863    -91354.7011152
864    -91354.701115
865    -91354.7011148
866    -91354.7011146
867    -91354.7011147
868    -91354.7011147
869    -91354.7011148
870    -91354.7011146
871    -91354.7011151
872    -91354.701115
873    -91354.701115
874    -91354.7011151
875    -91354.7011151
876    -91354.7011154
877    -91354.7011156
878    -91354.7011158
879    -91354.7011161
880    -91354.701116
881    -91354.701116
882    -91354.7011158
883    -91354.701116
884    -91354.7011159
885    -91354.7011158
886    -91354.7011157
887    -91354.7011157
888    -91354.7011155
889    -91354.7011156
890    -91354.7011158
891    -91354.7011154
892    -91354.7011155
893    -91354.7011154
894    -91354.7011152
895    -91354.7011152
896    -91354.7011155
897    -91354.7011157
898    -91354.7011155
899    -91354.7011152
900    -91354.7011153
901    -91354.7011152
902    -91354.7011149
903    -91354.7011151
904    -91354.701115
905    -91354.7011148
906    -91354.7011147
907    -91354.701115
908    -91354.7011149
909    -91354.7011149
910    -91354.701115
911    -91354.7011151
912    -91354.701115
913    -91354.7011149
914    -91354.7011149
915    -91354.7011149
916    -91354.7011148
917    -91354.7011152
918    -91354.7011155
919    -91354.7011153
920    -91354.7011152
921    -91354.7011155
922    -91354.7011157
923    -91354.7011157
924    -91354.7011154
925    -91354.7011153
926    -91354.7011152
927    -91354.7011153
928    -91354.7011152
929    -91354.7011153
930    -91354.7011151
931    -91354.7011151
932    -91354.7011149
933    -91354.7011147
934    -91354.7011149
935    -91354.701115
936    -91354.7011153
937    -91354.7011151
938    -91354.7011152
939    -91354.7011153
940    -91354.7011152
941    -91354.701115
942    -91354.7011149
943    -91354.701115
944    -91354.7011151
945    -91354.7011149
946    -91354.7011147
947    -91354.7011147
948    -91354.7011147
949    -91354.7011148
950    -91354.7011149
951    -91354.701115
952    -91354.701115
953    -91354.7011149
954    -91354.7011149
955    -91354.7011147
956    -91354.7011146
957    -91354.7011141
958    -91354.7011142
959    -91354.7011138
960    -91354.701114
961    -91354.7011139
962    -91354.7011138
963    -91354.7011144
964    -91354.7011144
965    -91354.7011144
966    -91354.7011145
967    -91354.7011145
968    -91354.7011144
969    -91354.7011143
970    -91354.7011141
971    -91354.7011142
972    -91354.7011144
973    -91354.7011145
974    -91354.7011145
975    -91354.7011143
976    -91354.7011143
977    -91354.7011145
978    -91354.7011144
979    -91354.7011143
980    -91354.7011143
981    -91354.7011143
982    -91354.7011142
983    -91354.7011141
984    -91354.7011141
985    -91354.7011144
986    -91354.7011148
987    -91354.7011148
988    -91354.7011149
989    -91354.7011147
990    -91354.7011146
991    -91354.7011148
992    -91354.7011149
993    -91354.701115
994    -91354.7011148
995    -91354.7011148
996    -91354.7011148
997    -91354.7011148
998    -91354.7011147
999    -91354.7011147
1000    -91354.7011147
1001    -91354.7011146
1002    -91354.7011148
1003    -91354.7011147
1004    -91354.7011147
1005    -91354.7011148
1006    -91354.7011148
1007    -91354.7011147
1008    -91354.7011144
1009    -91354.7011143
1010    -91354.7011143
1011    -91354.7011141
1012    -91354.7011144
1013    -91354.7011143
1014    -91354.7011143
1015    -91354.7011142
1016    -91354.701114
1017    -91354.701114
1018    -91354.7011139
1019    -91354.7011139
1020    -91354.7011137
1021    -91354.7011137
1022    -91354.7011135
1023    -91354.7011135
1024    -91354.7011137
