#x,Ay
1    -0
2    1.6385375e-07
3    1.89963145e-07
4    2.14985375e-07
5    1.53487875e-07
6    5.0727725e-08
7    5.8611125e-08
8    -1.01986975e-07
9    -2.56957375e-07
10    -2.3788839e-07
11    -4.6850689e-07
12    -2.7071264e-07
13    -3.5210759e-07
14    -5.611969e-08
15    2.3681021e-07
16    2.8800581e-07
17    3.3807351e-07
18    5.2642631e-07
19    4.3612766e-07
20    4.373369125e-07
21    6.106089125e-07
22    6.537728475e-07
23    4.976338975e-07
24    7.249123975e-07
25    8.003511975e-07
26    8.507677475e-07
27    1.1221054975e-06
28    1.1298842475e-06
29    1.4381274475e-06
30    1.4957660975e-06
31    1.5310088425e-06
32    1.2827050425e-06
33    9.070924925e-07
34    7.908297925e-07
35    9.363122425e-07
36    8.179449925e-07
37    7.294398925e-07
38    6.981853625e-07
39    4.993795125e-07
40    4.99396960158e-07
41    3.62844410158e-07
42    6.14411160158e-07
43    5.09810810158e-07
44    4.78835330158e-07
45    3.86217030158e-07
46    2.64315030158e-07
47    1.28524080158e-07
48    -1.12553269842e-07
49    -3.11056769842e-07
50    -2.97348034842e-07
51    -3.72751934842e-07
52    -5.07816184842e-07
53    -7.39062534842e-07
54    -6.95029444842e-07
55    -8.46767444842e-07
56    -6.82285794842e-07
57    -6.55845019842e-07
58    -6.03823869842e-07
59    -2.56524119842e-07
60    -6.68390969842e-07
61    -5.72999519842e-07
62    -5.27268829842e-07
63    -4.17157079842e-07
64    -9.29933579842e-07
65    -8.17348879842e-07
66    -6.01171679842e-07
67    -5.78707484842e-07
68    -5.59650129842e-07
69    -4.39375979842e-07
70    3.2516070158e-08
71    -2.74680679842e-07
72    -4.49789779842e-07
73    -3.65049079842e-07
74    -5.51698429842e-07
75    -6.96797129842e-07
76    -7.71701029842e-07
77    -1.04168997984e-06
78    -6.48357229842e-07
79    -8.48075779842e-07
80    -9.02492179842e-07
81    -5.40658129842e-07
82    -6.67786629842e-07
83    -9.35450129842e-07
84    -7.86107379842e-07
85    -8.43872479842e-07
86    -6.74949179842e-07
87    -1.19399767984e-06
88    -1.11309402984e-06
89    -1.36461862984e-06
90    -1.53543722984e-06
91    -1.41934892984e-06
92    -1.33357917984e-06
93    -1.30737094984e-06
94    -1.20897959984e-06
95    -1.24302762484e-06
96    -1.17735587484e-06
97    -1.46450692484e-06
98    -1.48366892984e-06
99    -1.56661902984e-06
100    -1.57213042984e-06
101    -1.58292940984e-06
102    -1.54111716984e-06
103    -1.64281066984e-06
104    -1.94647266984e-06
105    -2.12203526984e-06
106    -1.96643696984e-06
107    -1.80379681984e-06
108    -1.93523331984e-06
109    -2.00287881984e-06
110    -2.00841347484e-06
111    -1.63748677484e-06
112    -1.73338982484e-06
113    -1.76222584984e-06
114    -1.71555915484e-06
115    -1.87383175484e-06
116    -1.95863280484e-06
117    -2.02551380484e-06
118    -2.07502340484e-06
119    -2.21663390484e-06
120    -2.16325235484e-06
121    -2.48579730484e-06
122    -2.34412870484e-06
123    -2.15732240484e-06
124    -2.28354980484e-06
125    -2.15964790484e-06
126    -2.11002201984e-06
127    -2.09196461984e-06
128    -2.11645198984e-06
129    -1.98398068984e-06
130    -1.63297178984e-06
131    -1.39187698984e-06
132    -1.09562163984e-06
133    -1.04643178484e-06
134    -1.25367913484e-06
135    -1.14479988484e-06
136    -9.90434084842e-07
137    -1.12385303484e-06
138    -1.11902764984e-06
139    -1.03608919984e-06
140    -1.36180839984e-06
141    -1.55662599984e-06
142    -1.72071229984e-06
143    -1.70703843984e-06
144    -1.45341508984e-06
145    -1.31592943984e-06
146    -1.45159833984e-06
147    -1.40322822484e-06
148    -1.44441259484e-06
149    -1.38193839484e-06
150    -1.37356664484e-06
151    -1.36070670484e-06
152    -1.11049890484e-06
153    -1.05446050484e-06
154    -1.08677313484e-06
155    -1.18368778484e-06
156    -1.23405783484e-06
157    -1.04243773484e-06
158    -9.40511684842e-07
159    -7.76285834842e-07
160    -7.74657994342e-07
161    -8.21842114342e-07
162    -8.99815664342e-07
163    -8.30902764342e-07
164    -8.09996639342e-07
165    -7.13762189342e-07
166    -8.92289789342e-07
167    -7.68294839342e-07
168    -9.05377189342e-07
169    -9.21196314342e-07
170    -9.21347467512e-07
171    -9.76298717512e-07
172    -9.50253272512e-07
173    -4.00455772512e-07
174    -5.55164572512e-07
175    -5.14887152512e-07
176    -4.05566052512e-07
177    -3.30569102512e-07
178    -3.61800387512e-07
179    -2.73327237512e-07
180    -5.61315437512e-07
181    -4.22460637512e-07
182    -4.05019482512e-07
183    -3.76090432512e-07
184    -5.62175832512e-07
185    -7.02835782512e-07
186    -6.00781832512e-07
187    -4.82042482512e-07
188    -6.74011382512e-07
189    -4.64649282512e-07
190    -3.10562582512e-07
191    -2.72703662512e-07
192    -2.09264412512e-07
193    -4.24557912512e-07
194    -3.66746312512e-07
195    -9.9222362512e-08
196    -3.39788112512e-07
197    -4.04018062512e-07
198    -5.82407212512e-07
199    -9.12873912512e-07
200    -6.85336712512e-07
201    -8.66166512512e-07
202    -8.14157012512e-07
203    -7.47090012512e-07
204    -7.52159562512e-07
205    -5.63034512512e-07
206    -9.62785612512e-07
207    -9.97388832512e-07
208    -1.24784373251e-06
209    -1.48901993251e-06
210    -1.62921623251e-06
211    -1.52480188251e-06
212    -1.51693011751e-06
213    -1.49358223251e-06
214    -1.44830500751e-06
215    -1.24866200751e-06
216    -1.53235970751e-06
217    -1.56073063751e-06
218    -1.41957363751e-06
219    -1.43470673751e-06
220    -1.65734878751e-06
221    -1.40619628751e-06
222    -1.24773763751e-06
223    -1.28875922251e-06
224    -1.24102861251e-06
225    -1.36665141251e-06
226    -1.37236048251e-06
227    -1.29715423251e-06
228    -1.23834268251e-06
229    -9.57040232512e-07
230    -1.22911923251e-06
231    -1.49352123251e-06
232    -1.92515478251e-06
233    -1.90478351751e-06
234    -1.73386026751e-06
235    -1.52408396751e-06
236    -1.25832741751e-06
237    -1.50468941751e-06
238    -1.29702346751e-06
239    -1.58346526751e-06
240    -1.58202345851e-06
241    -1.56407070351e-06
242    -1.89873725351e-06
243    -2.05007990351e-06
244    -1.85552970351e-06
245    -1.70367545351e-06
246    -1.79877765351e-06
247    -2.02069885351e-06
248    -2.23112045351e-06
249    -2.16740215351e-06
250    -0.000212696402154
251    0.000275893747846
252    0.000801099747846
253    0.00383148374785
254    -0.00253703625215
255    0.00357573874785
256    -0.00608678625215
257    0.000792063747846
258    0.00355803724785
259    -0.00120680925215
260    -0.00224816125215
261    -0.00589692475215
262    -0.00121174175215
263    0.0305192432478
264    -0.0407281017522
265    0.0584877882478
266    -0.0436803517522
267    0.0753112782478
268    -0.0193030817522
269    0.0495877932478
270    -0.0630278967522
271    0.0659284932478
272    3.06826259325
273    12.0845535932
274    36.3707715932
275    77.7470430932
276    156.793368093
277    262.194373093
278    387.446458093
279    532.811038093
280    697.469908093
281    870.663453093
282    1057.00820809
283    1258.87135809
284    1462.28924309
285    1670.57616809
286    1888.18169809
287    2115.34684309
288    2356.52241309
289    2600.20103309
290    2846.68055809
291    3097.05810309
292    3347.56954309
293    3598.08112809
294    3848.53862809
295    4099.00943809
296    4349.49388809
297    4599.98290309
298    4850.45698809
299    5100.92714309
300    5351.43588309
301    5601.90607809
302    5852.39384309
303    6102.87177809
304    6353.35313309
305    6603.83461309
306    6854.31568309
307    7104.79736809
308    7355.28019809
309    7605.76200309
310    7856.24497809
311    8106.72506309
312    8357.20689309
313    8607.69175309
314    8858.17214809
315    9108.65323809
316    9359.13563809
317    9609.61846809
318    9860.10394309
319    10110.5814681
320    10361.0626181
321    10611.5513081
322    10862.0310681
323    11112.5121381
324    11362.9859781
325    11613.4794181
326    11863.9599781
327    12114.4610581
328    12364.9049181
329    12615.4140881
330    12865.8822331
331    13116.3639581
332    13366.8498181
333    13617.3634081
334    13867.8052781
335    14118.3010931
336    14368.8096881
337    14619.2428981
338    14869.7567781
339    15120.2245381
340    15370.8054481
341    15621.1292531
342    15871.6901131
343    16122.1278881
344    16372.7536081
345    16623.1702081
346    16873.6544131
347    17124.2333581
348    17387.8357781
349    18103.8413781
350    22306.6024781
351    39014.6554781
352    73324.4214781
353    111242.153978
354    141269.980978
355    159300.715978
356    159449.916803
357    147005.886303
358    132795.129303
359    124858.675303
360    123424.878553
361    125528.334153
362    127909.545403
363    129332.154853
364    129666.122133
365    129155.219133
366    127984.481733
367    126486.340733
368    125521.279533
369    124951.651533
370    124181.014033
371    123270.875233
372    122672.326883
373    122504.363888
374    122260.531998
375    122439.799583
376    122450.898383
377    122474.828549
378    122406.486289
379    122284.263319
380    122418.378904
381    122414.03996
382    122731.12758
383    122961.88989
384    123086.26957
385    122714.956645
386    122752.709195
387    122812.12611
388    122688.046435
389    122763.075625
390    122912.14713
391    123009.99199
392    123148.39958
393    123270.895705
394    123126.54944
395    122952.4464
396    123047.131985
397    122850.221495
398    123150.324705
399    123228.31569
400    123290.28331
401    123056.487215
402    122771.060445
403    122842.013695
404    122710.962075
405    122794.29537
406    122942.076225
407    122866.069445
408    123113.43188
409    123191.17317
410    123340.34998
411    123426.93761
412    123250.551295
413    123105.0628
414    122882.63644
415    123106.96029
416    123207.328295
417    123165.565999
418    123019.311449
419    122986.65838
420    122811.83643
421    122819.331479
422    123183.589004
423    123158.45166
424    123321.13324
425    123357.555696
426    123338.432882
427    123259.020902
428    123220.938928
429    123434.743778
430    123072.585658
431    122975.032988
432    123162.901373
433    123184.941941
434    123207.249454
435    123449.184629
436    123299.682054
437    123461.236814
438    123228.989659
439    123209.411919
440    123089.640064
441    123195.453679
442    123176.647068
443    122983.150228
444    123035.950703
445    122904.639498
446    122968.194873
447    123025.945738
448    122951.898133
449    122862.945463
450    122850.627041
451    122766.426216
452    122691.182466
453    122811.480921
454    122910.178556
455    122954.848703
456    122796.701538
457    122924.666663
458    123177.206053
459    123038.148308
460    123148.500498
461    122748.298073
462    123022.565023
463    123114.853363
464    123239.498638
465    123114.079488
466    123097.872999
467    122984.734384
468    123121.161629
469    123018.825619
470    123320.098564
471    123106.417474
472    123007.116189
473    122976.091124
474    123009.082738
475    123253.413703
476    123132.306668
477    123270.944248
478    123349.996863
479    123099.438133
480    123428.498033
481    123468.080822
482    123395.247832
483    123366.740614
484    123271.761489
485    123407.857244
486    123438.276856
487    123566.389146
488    123412.065791
489    123450.69894
490    123763.943715
491    123996.43368
492    123884.78999
493    123849.163018
494    124115.217713
495    123939.489403
496    123874.622233
497    123971.757593
498    124097.083438
499    124124.182308
500    124082.608889
501    124419.413854
502    124653.325009
503    124775.896079
504    124603.530724
505    124451.716119
506    124571.324144
507    124771.379769
508    124482.213864
509    124601.465064
510    124384.235774
511    124195.016854
512    124568.565379
513    124614.913124
514    124667.216984
515    124532.562744
516    124638.964639
517    124810.102034
518    125060.689069
519    125014.369842
520    124857.390572
521    124910.704472
522    124610.961752
523    124643.181326
524    124749.022846
525    124799.094546
526    124606.541281
527    124734.128116
528    125031.658691
529    124997.226108
530    124986.814382
531    124881.275032
532    124956.330637
533    125161.696212
534    125131.196395
535    125230.479645
536    125336.166195
537    125467.502775
538    125361.66156
539    125489.247525
540    125200.989295
541    125287.684885
542    125333.139554
543    125164.378139
544    125306.091504
545    125062.214949
546    125415.257834
547    125496.105764
548    125643.774304
549    125476.969734
550    125305.497209
551    125032.686244
552    125037.839463
553    124895.469868
554    125040.055628
555    125090.340143
556    125259.196113
557    125229.782071
558    125545.927901
559    125366.871036
560    125062.258296
561    125042.029759
562    125174.988039
563    124990.968604
564    124864.211749
565    124969.761194
566    125014.949991
567    124897.530131
568    124825.172556
569    124811.140692
570    124961.257892
571    124869.511722
572    124909.044015
573    124726.14416
574    124735.407005
575    124967.03564
576    124912.218245
577    124640.276245
578    124733.830685
579    124759.570916
580    124587.852791
581    124465.182966
582    124446.793378
583    124688.604058
584    124614.758558
585    124494.184393
586    124661.647518
587    124662.92102
588    124572.461845
589    124729.39637
590    124608.277485
591    124547.70185
592    124584.965528
593    124405.385153
594    124519.250953
595    124436.171483
596    124413.048969
597    124467.643079
598    124490.346928
599    124377.643358
600    124535.379643
601    124691.502863
602    124652.829987
603    124653.482863
604    124665.567292
605    124765.811412
606    124723.226071
607    124220.915721
608    124142.006256
609    124026.917501
610    123954.726671
611    123933.511062
612    124210.568617
613    123939.075907
614    123907.331582
615    124357.933322
616    124385.705393
617    124362.987285
618    124245.664565
619    124363.256075
620    124629.56122
621    124419.94752
622    124348.875105
623    124399.362915
624    124307.27269
625    123977.35574
626    124154.000575
627    124205.034185
628    124187.028997
629    124307.415647
630    124226.930037
631    124120.397737
632    124235.153567
633    124418.477337
634    124541.114237
635    124346.393817
636    124248.174422
637    124082.028782
638    124231.095002
639    124371.307552
640    124539.122292
641    124388.991707
642    124437.867749
643    124512.602779
644    124487.797518
645    124289.301793
646    124330.078064
647    123988.416819
648    123774.236734
649    123716.100479
650    123636.894094
651    123519.231099
652    123687.127499
653    123985.569104
654    123901.421134
655    123840.671304
656    123807.17095
657    123612.26365
658    123812.431465
659    123951.452335
660    123834.122035
661    123651.817205
662    123531.32153
663    123613.75444
664    123595.611123
665    123336.611313
666    123130.598283
667    123110.351732
668    123055.454637
669    123214.191082
670    123108.658442
671    123021.913557
672    122033.810257
673    119467.457507
674    114795.852857
675    107646.493357
676    100615.365357
677    96242.9767572
678    93352.2552072
679    91192.1552072
680    89474.7181572
681    88058.5461572
682    86822.3610072
683    85706.9514572
684    84683.8983572
685    83750.7059572
686    82911.2505072
687    82152.6855572
688    81430.6607072
689    80737.0455572
690    80096.7824072
691    79507.5287572
692    78976.1000572
693    78490.8609022
694    78030.9390822
695    77593.8691772
696    77188.8709922
697    76797.1773122
698    76416.0466022
699    76047.1406472
700    75687.1057272
701    75334.7300022
702    74996.4385172
703    74673.5305622
704    74361.8730072
705    74050.6889122
706    73747.0669722
707    73454.1722122
708    73176.3086672
709    72907.3101772
710    72643.2535522
711    72381.5317472
712    72124.2374522
713    71871.5962972
714    71629.0395122
715    71392.0567872
716    71158.1403522
717    70927.9566422
718    70697.7825572
719    70468.1650172
720    70244.0271472
721    70026.0615372
722    69811.6807672
723    69613.2159672
724    69423.4177922
725    69234.4537072
726    69057.0112172
727    68896.7647622
728    68741.0607472
729    68586.2622472
730    68441.2356372
731    68300.0319972
732    68168.5823472
733    68041.9948722
734    67919.9830172
735    67807.7619172
736    67706.1664822
737    67604.6186322
738    67503.0729672
739    67401.5255622
740    67299.9782772
741    67198.4324472
742    67096.8854922
743    66995.3381972
744    66893.7914972
745    66792.2447022
746    66690.6988922
747    66589.1518222
748    66487.6038122
749    66386.0581272
750    66285.1711672
751    66189.3401372
752    66094.5624972
753    65999.8210672
754    65915.0649472
755    65848.7226022
756    65790.1549122
757    65735.9294322
758    65681.7712572
759    65628.8916072
760    65591.7505177
761    65564.2965787
762    65540.6928462
763    65520.3829672
764    65500.0732867
765    65479.7642652
766    65459.4544962
767    65439.1458282
768    65418.8359992
769    65398.5261097
770    65378.2178307
771    65357.9081067
772    65337.5986272
773    65317.2892537
774    65296.9798752
775    65276.6706132
776    65259.5458427
777    65246.0031277
778    65232.5021842
779    65223.0313867
780    65216.2619672
781    65209.4915597
782    65202.7221197
783    65195.9525257
784    65189.1827517
785    65182.4125842
786    65177.1623372
787    65176.7943565
788    65176.7943565
789    65176.7943566
790    65176.7943564
791    65176.7943567
792    65176.7943567
793    65176.7943568
794    65176.7943571
795    65176.7943571
796    65176.794357
797    65176.7943569
798    65176.7943569
799    65176.7943573
800    65176.794357
801    65176.7943568
802    65176.7943571
803    65176.7943569
804    65176.7943565
805    65176.7943568
806    65176.794357
807    65176.7943568
808    65176.7943568
809    65176.7943568
810    65176.7943567
811    65176.7943567
812    65176.7943569
813    65176.7943566
814    65176.7943563
815    65176.7943564
816    65176.7943561
817    65176.7943561
818    65176.7943562
819    65176.7943561
820    65176.794356
821    65176.794356
822    65176.7943565
823    65176.7943567
824    65176.7943568
825    65176.7943568
826    65176.7943566
827    65176.7943564
828    65176.7943563
829    65176.7943561
830    65176.7943561
831    65176.7943561
832    65176.7943561
833    65176.7943562
834    65176.7943563
835    65176.7943564
836    65176.7943567
837    65176.7943567
838    65176.7943567
839    65176.7943565
840    65176.7943569
841    65176.794357
842    65176.7943571
843    65176.794357
844    65176.7943571
845    65176.7943572
846    65176.7943572
847    65176.7943572
848    65176.7943572
849    65176.7943571
850    65176.7943569
851    65176.7943567
852    65176.7943566
853    65176.7943567
854    65176.7943569
855    65176.7943565
856    65176.7943566
857    65176.7943564
858    65176.7943563
859    65176.7943566
860    65176.7943567
861    65176.7943568
862    65176.7943567
863    65176.7943568
864    65176.7943569
865    65176.794357
866    65176.7943572
867    65176.7943573
868    65176.7943574
869    65176.7943575
870    65176.7943575
871    65176.7943577
872    65176.7943578
873    65176.7943579
874    65176.7943577
875    65176.7943577
876    65176.7943578
877    65176.7943577
878    65176.7943575
879    65176.7943576
880    65176.7943575
881    65176.7943575
882    65176.7943574
883    65176.7943577
884    65176.7943578
885    65176.7943577
886    65176.7943582
887    65176.7943581
888    65176.7943583
889    65176.7943578
890    65176.7943576
891    65176.7943572
892    65176.7943572
893    65176.7943571
894    65176.7943568
895    65176.7943568
896    65176.7943569
897    65176.7943566
898    65176.794357
899    65176.7943573
900    65176.7943575
901    65176.7943577
902    65176.7943575
903    65176.7943574
904    65176.7943571
905    65176.794357
906    65176.7943572
907    65176.7943572
908    65176.7943571
909    65176.7943571
910    65176.794357
911    65176.794357
912    65176.7943573
913    65176.794357
914    65176.7943568
915    65176.7943567
916    65176.794357
917    65176.7943569
918    65176.7943568
919    65176.7943569
920    65176.7943564
921    65176.7943561
922    65176.7943562
923    65176.794356
924    65176.7943559
925    65176.7943561
926    65176.7943559
927    65176.7943557
928    65176.7943554
929    65176.7943555
930    65176.7943557
931    65176.794356
932    65176.7943559
933    65176.7943554
934    65176.7943556
935    65176.7943559
936    65176.7943557
937    65176.7943552
938    65176.7943554
939    65176.7943555
940    65176.7943555
941    65176.7943558
942    65176.794356
943    65176.7943557
944    65176.7943558
945    65176.7943558
946    65176.7943558
947    65176.7943558
948    65176.7943557
949    65176.7943559
950    65176.7943561
951    65176.7943563
952    65176.7943567
953    65176.7943567
954    65176.7943567
955    65176.7943567
956    65176.7943566
957    65176.7943566
958    65176.7943569
959    65176.7943568
960    65176.7943566
961    65176.7943566
962    65176.7943569
963    65176.7943568
964    65176.7943569
965    65176.7943569
966    65176.7943567
967    65176.7943566
968    65176.7943571
969    65176.7943576
970    65176.7943576
971    65176.7943574
972    65176.7943575
973    65176.7943574
974    65176.7943577
975    65176.7943576
976    65176.7943578
977    65176.7943579
978    65176.7943579
979    65176.7943578
980    65176.7943577
981    65176.7943574
982    65176.7943577
983    65176.7943574
984    65176.7943575
985    65176.7943576
986    65176.7943574
987    65176.7943575
988    65176.7943575
989    65176.7943574
990    65176.7943573
991    65176.7943572
992    65176.7943574
993    65176.7943576
994    65176.7943582
995    65176.7943581
996    65176.7943584
997    65176.7943583
998    65176.7943581
999    65176.794358
1000    65176.7943579
1001    65176.7943582
1002    65176.7943581
1003    65176.7943583
1004    65176.7943583
1005    65176.7943584
1006    65176.7943582
1007    65176.7943582
1008    65176.7943583
1009    65176.7943582
1010    65176.7943584
1011    65176.7943582
1012    65176.7943583
1013    65176.7943584
1014    65176.7943587
1015    65176.7943585
1016    65176.7943584
1017    65176.7943585
1018    65176.7943586
1019    65176.7943589
1020    65176.7943591
1021    65176.7943593
1022    65176.7943591
1023    65176.7943593
1024    65176.7943591
