#x,Ay
1    -0
2    -2.00922e-08
3    1.214369e-07
4    -5.44629e-08
5    -7.67411e-09
6    -1.7050466e-07
7    -2.9119741e-07
8    -2.5850107e-07
9    -2.48594495e-07
10    -2.5818131e-07
11    -4.75851e-09
12    2.2656054e-07
13    3.066159e-08
14    9.081075e-09
15    -1.54859875e-07
16    -2.23641975e-07
17    -3.71984725e-07
18    -5.18571775e-07
19    -4.59143975e-07
20    -2.54303525e-07
21    -8.6345275e-08
22    -1.1287907e-07
23    5.906738e-08
24    -1.1922762e-07
25    -1.5122631e-07
26    -4.1949441e-07
27    -3.0866176e-07
28    -3.56683055e-07
29    -7.38248855e-07
30    -7.1891244e-07
31    -3.3390494e-07
32    -4.1950609e-07
33    -7.6945694e-07
34    -6.9877379e-07
35    -6.1370749e-07
36    -5.0773509e-07
37    -5.1424645e-07
38    -6.184951e-07
39    -3.29536e-07
40    -4.2174155e-07
41    -3.6861035e-07
42    -9.45024e-08
43    2.020901e-07
44    2.950514e-07
45    1.4425525e-07
46    1.14861105e-07
47    4.05221305e-07
48    4.29057545e-07
49    1.69033295e-07
50    4.25482095e-07
51    4.3617933e-07
52    2.7047098e-07
53    2.1454303e-07
54    2.6630833e-07
55    1.5521983e-07
56    -3.212137e-08
57    4.607313e-08
58    1.4758643e-07
59    4.1557548e-07
60    3.9973892e-07
61    3.4802012e-07
62    7.0907512e-07
63    8.2718657e-07
64    8.5697605e-07
65    1.1729166e-06
66    1.33193335e-06
67    1.68225045e-06
68    1.69966834e-06
69    1.64374039e-06
70    1.71917919e-06
71    1.44702754e-06
72    1.58651019e-06
73    1.49551394e-06
74    1.63311879e-06
75    1.620346055e-06
76    1.732422855e-06
77    1.603753705e-06
78    1.498653355e-06
79    1.312556305e-06
80    1.30451012e-06
81    1.14229582e-06
82    1.34993022e-06
83    7.6496572e-07
84    8.9075707e-07
85    8.6331633e-07
86    7.6564588e-07
87    8.3010838e-07
88    6.4805768e-07
89    7.7530868e-07
90    1.04539068e-06
91    9.9178823e-07
92    1.26826528e-06
93    1.30526377e-06
94    1.350192165e-06
95    1.317216765e-06
96    1.430223765e-06
97    1.540941615e-06
98    1.314346215e-06
99    8.51225615e-07
100    8.28778865e-07
101    9.76400715e-07
102    8.04384515e-07
103    6.56995165e-07
104    6.401819e-07
105    3.00149e-08
106    -9.017785e-08
107    -1.15944235e-07
108    -2.05428935e-07
109    -4.6557535e-08
110    -7.505637e-08
111    -1.529137e-08
112    -2.7646967e-07
113    -1.9144987e-07
114    -1.7009028e-07
115    -7.57948e-09
116    5.224002e-08
117    2.4141832e-07
118    6.2646072e-07
119    3.8040102e-07
120    3.8745015e-07
121    5.2723515e-07
122    4.091993e-07
123    1.9416155e-07
124    2.8355325e-07
125    6.614215e-07
126    4.67662e-07
127    5.03311705e-07
128    6.16423355e-07
129    8.15624505e-07
130    9.78931805e-07
131    9.95694205e-07
132    1.186198055e-06
133    1.237591305e-06
134    1.2554743e-06
135    1.220592005e-06
136    1.379552105e-06
137    1.36441319e-06
138    1.410989775e-06
139    1.567960125e-06
140    1.657316925e-06
141    1.786666275e-06
142    1.578488725e-06
143    1.707250925e-06
144    1.567431075e-06
145    1.720959675e-06
146    1.758667435e-06
147    1.961118485e-06
148    1.847355685e-06
149    1.903301085e-06
150    2.258088935e-06
151    2.494486235e-06
152    2.708268185e-06
153    2.495207135e-06
154    2.380118835e-06
155    2.193159935e-06
156    2.158568325e-06
157    1.803550875e-06
158    1.896515075e-06
159    2.100971825e-06
160    2.407593025e-06
161    2.498589325e-06
162    2.473148505e-06
163    2.357531155e-06
164    2.593195955e-06
165    2.339880755e-06
166    2.278906505e-06
167    2.461782755e-06
168    2.711540005e-06
169    2.68209935e-06
170    2.44371375e-06
171    2.40313401e-06
172    2.35050826e-06
173    2.21154881e-06
174    2.41295916e-06
175    2.52853581e-06
176    2.65532131e-06
177    2.90563666e-06
178    2.937147e-06
179    2.84540075e-06
180    2.6481588e-06
181    2.66978582e-06
182    2.40690702e-06
183    2.39658186e-06
184    2.11846821e-06
185    2.24088181e-06
186    2.45268421e-06
187    2.412127725e-06
188    2.40153223e-06
189    2.62789508e-06
190    2.31687293e-06
191    2.42040358e-06
192    2.16436753e-06
193    2.34049988e-06
194    2.68760198e-06
195    2.79168203e-06
196    3.04697393e-06
197    3.12878453e-06
198    3.31401823e-06
199    3.38639318e-06
200    3.30326288e-06
201    3.20961918e-06
202    3.46930623e-06
203    3.65050813e-06
204    3.43033108e-06
205    3.470910815e-06
206    3.565744165e-06
207    3.414494515e-06
208    3.041579515e-06
209    3.01523757e-06
210    3.18069737e-06
211    3.31183152e-06
212    3.45749997e-06
213    3.29018122e-06
214    3.18918827e-06
215    3.01547442e-06
216    3.18667672e-06
217    3.07665797e-06
218    3.22225667e-06
219    3.03677587e-06
220    2.95679077e-06
221    2.973022665e-06
222    2.946047015e-06
223    2.668337415e-06
224    2.777914315e-06
225    3.100377865e-06
226    3.189164915e-06
227    3.272766165e-06
228    3.454712215e-06
229    3.459793405e-06
230    3.292730455e-06
231    3.442561555e-06
232    3.388979455e-06
233    3.308378105e-06
234    3.065699105e-06
235    3.305317205e-06
236    3.529866155e-06
237    3.48131e-06
238    3.59586055e-06
239    3.6797641e-06
240    3.666264655e-06
241    4.029087055e-06
242    4.170220805e-06
243    4.067969155e-06
244    3.656879655e-06
245    3.340567005e-06
246    3.519440505e-06
247    3.460326655e-06
248    3.489255705e-06
249    3.4915811895e-06
250    -0.000206705918811
251    0.00028214628119
252    0.000807480281189
253    0.00383804228119
254    -0.00253004771881
255    0.00358307728119
256    -0.00607926271881
257    0.00079941728119
258    0.00356582228119
259    -0.00109671621881
260    0.00036108478119
261    -0.00227959971881
262    0.00387144528119
263    -0.00201358471881
264    -0.00282380921881
265    0.0173878407812
266    -0.0128804292188
267    0.00911252578119
268    -0.0104794292188
269    0.0290987307812
270    -0.0318888192188
271    0.0231172157812
272    0.00244106078119
273    0.0101477507812
274    -0.0212095092188
275    8.44605699078
276    49.4008959908
277    117.142840991
278    208.594630991
279    321.174470991
280    451.468740991
281    606.483365991
282    787.910625991
283    977.821790991
284    1173.87333099
285    1383.19058599
286    1599.82681599
287    1816.45160099
288    2033.10040599
289    2249.72310099
290    2467.66122599
291    2690.54723599
292    2913.97961099
293    3138.04434599
294    3367.15631599
295    3597.44251099
296    3835.39465599
297    4079.41850599
298    4328.23596599
299    4578.70612099
300    4829.21486099
301    5079.68505599
302    5330.17282099
303    5580.65075599
304    5831.13211099
305    6081.61359099
306    6332.09466099
307    6582.57634599
308    6833.05917599
309    7083.54098099
310    7334.02395599
311    7584.50404099
312    7834.98587099
313    8085.47073099
314    8335.95112599
315    8586.43221599
316    8838.08425099
317    9096.91348099
318    9360.79871099
319    9624.81816599
320    9888.84012099
321    10152.863836
322    10416.884276
323    10680.905471
324    10944.926686
325    11208.950256
326    11472.971926
327    11737.003321
328    12001.005551
329    12265.049071
330    12529.049931
331    12793.076206
332    13057.103606
333    13321.138871
334    13585.139836
335    13849.174776
336    14115.923991
337    14386.626236
338    14657.462601
339    14928.236546
340    15199.345461
341    15478.368976
342    15762.730191
343    16047.038446
344    16331.441256
345    16616.750511
346    16915.525796
347    17290.476341
348    18115.386841
349    20728.657291
350    28427.130791
351    41031.871291
352    47465.128791
353    47236.598636
354    46037.961336
355    45906.672526
356    46107.459306
357    45117.562356
358    44042.419306
359    43443.607106
360    42972.620356
361    43000.8163725
362    42723.0892425
363    42410.9089775
364    42413.4128464
365    42659.2741214
366    42197.9290264
367    42020.6514214
368    42279.1327364
369    42041.9363664
370    42190.0183664
371    42227.1560689
372    42294.9503439
373    42132.3103089
374    42279.2034689
375    42237.6778444
376    42371.0784944
377    42512.0301094
378    42337.5617894
379    42178.0963894
380    41966.2264494
381    42058.8591894
382    42073.6172964
383    41981.0647464
384    41785.4945114
385    42154.8833414
386    41812.9014614
387    42050.6711464
388    41895.5256564
389    41896.413348
390    41622.833358
391    41408.351643
392    41589.090018
393    41604.0919135
394    41689.9744585
395    41883.3155285
396    41400.1835235
397    41512.0237685
398    41462.684146
399    41447.745938
400    41685.831918
401    41523.357813
402    41361.845888
403    41685.417518
404    41945.458838
405    41809.090138
406    41529.558248
407    41408.050808
408    41334.999463
409    41245.398818
410    41241.8685121
411    41160.6079721
412    41331.3917371
413    41337.4867126
414    41224.8191276
415    41307.3037076
416    41308.4902403
417    41369.9630253
418    41318.0212703
419    41340.2659268
420    41164.1415118
421    41234.0529618
422    41242.4326648
423    41411.4838298
424    41223.6982648
425    40947.7949598
426    41020.2327948
427    41206.8551748
428    41319.0294798
429    41524.1597198
430    41390.1859798
431    41347.9369713
432    41274.1965913
433    41259.0726948
434    41412.2577298
435    41229.9422498
436    41053.2582598
437    41109.6050948
438    41300.7291648
439    41140.5891548
440    41274.2753748
441    41398.0562098
442    41289.9559498
443    41363.9323098
444    41467.9201848
445    41621.8053898
446    41660.2018723
447    41758.2829773
448    41691.9694723
449    41696.0711846
450    41662.8434881
451    41631.7925721
452    41702.9381421
453    41948.9058071
454    41840.0891171
455    41654.5394371
456    41506.1434271
457    41517.8116396
458    41769.9846646
459    41871.7527846
460    41727.7177146
461    41667.8206396
462    41705.5959561
463    41716.7239981
464    41544.4934831
465    41451.1123931
466    41426.7002256
467    41251.1617006
468    41528.9758706
469    41578.9356631
470    41752.1105481
471    41747.9496508
472    41570.1696708
473    41335.9856608
474    41454.9037308
475    41395.9724408
476    41500.3435708
477    41534.4641368
478    41324.1011118
479    41163.4799818
480    41501.6961218
481    41280.5007768
482    41324.7277053
483    41303.9478243
484    41436.1584793
485    41325.2051093
486    41234.9152593
487    41087.8989943
488    41010.4562793
489    40954.4648443
490    40826.8690693
491    40898.1628593
492    40891.6026253
493    40709.5517703
494    40802.0471403
495    40781.4938168
496    40671.9861718
497    40848.6854018
498    40739.7987218
499    40742.9483784
500    40517.3520834
501    40628.1507084
502    40636.4726149
503    40471.5878999
504    40516.3666824
505    40447.6518324
506    40340.9282974
507    40813.7023824
508    40779.4423504
509    40761.0543299
510    40687.2336749
511    40589.1841199
512    40781.9740149
513    40762.4155559
514    40466.7682009
515    40229.8182659
516    40136.8911859
517    40241.3984359
518    40020.5447159
519    40424.5641609
520    40199.5031559
521    39948.7834309
522    40023.8189109
523    40082.7330009
524    40000.0463059
525    40204.1730259
526    40274.9233909
527    40143.8866059
528    40290.1918859
529    40002.3180609
530    40060.3650109
531    40064.9016682
532    39947.2302532
533    40084.4014732
534    39995.0903232
535    40024.0212802
536    39918.2047752
537    40072.1857952
538    39939.5486602
539    40016.1849852
540    40057.6482787
541    40001.4406937
542    40104.4771837
543    40003.8582087
544    39830.4034237
545    39951.7474737
546    39967.7708467
547    39925.0383742
548    39941.9667482
549    39852.8127632
550    39834.9610882
551    39915.1682182
552    39960.1389497
553    40134.0940647
554    40217.9844697
555    39990.3243847
556    40026.5294332
557    40101.8092382
558    39953.5682832
559    39860.1264832
560    40057.4812232
561    40107.8417732
562    40176.9126832
563    40375.6554982
564    40501.8334932
565    40363.5577532
566    40539.7243182
567    40469.1127782
568    40546.0386082
569    40487.3775832
570    40659.2273332
571    40808.7820632
572    40433.3574882
573    40293.7042532
574    40303.4200172
575    40313.2004882
576    40366.7403082
577    40519.9801182
578    40606.5895782
579    40505.2297382
580    40607.7514732
581    40785.2592332
582    40561.1746082
583    40632.3711682
584    40650.6160222
585    40481.1372522
586    40526.1226987
587    40584.9498587
588    40776.7668287
589    40548.5775237
590    40633.1733137
591    40624.3451887
592    40629.6356037
593    40536.8797287
594    40824.7638537
595    40671.8574987
596    40629.8895577
597    40618.8755137
598    40424.3764237
599    40553.3820637
600    40460.2610087
601    40355.3923687
602    40212.1911087
603    39981.4141937
604    40003.9071757
605    40207.0836257
606    40527.1088357
607    40203.9789207
608    40234.9048777
609    40318.3320527
610    40665.6039577
611    40810.9285227
612    40555.5994677
613    40637.7583427
614    40705.7555027
615    40566.6661877
616    40396.3818377
617    40108.9997177
618    40129.8768647
619    40184.1483397
620    40313.9112897
621    40318.3597166
622    40228.2197216
623    40450.2007416
624    40144.8449866
625    40393.6493566
626    40482.5805116
627    40411.4453566
628    40375.2292671
629    40472.1250121
630    40406.3505271
631    40248.1947121
632    40204.4310921
633    40110.4802571
634    40174.9538021
635    39963.3003971
636    39935.1346501
637    39778.4441651
638    39977.1451201
639    40301.6630501
640    40145.4752201
641    40043.8519151
642    40076.2376406
643    39777.3513306
644    39660.1861706
645    39679.2725451
646    40019.4494201
647    40183.8516551
648    40329.2136051
649    40437.5119451
650    40447.5372981
651    40519.0231531
652    40369.6680531
653    40477.0822731
654    40779.3894581
655    40508.1988281
656    40377.8752081
657    40427.9646581
658    40262.9127031
659    40378.4052781
660    40602.2480731
661    40553.8789161
662    40535.2863736
663    40944.6506486
664    41143.5713136
665    41047.5641236
666    41191.4284836
667    40945.3223736
668    41069.8525186
669    41009.0820736
670    40994.7775746
671    41086.4642296
672    39834.8223796
673    37295.6688796
674    31891.7913796
675    23593.5928796
676    17035.5553796
677    13156.4549796
678    10512.4288296
679    8490.14122964
680    6792.04577964
681    5385.52362964
682    4159.45682964
683    3068.85977964
684    2078.90687964
685    1187.28027964
686    395.017779641
687    -322.173220359
688    -976.380120359
689    -1600.07587036
690    -2190.73502036
691    -2742.81922036
692    -3265.49137036
693    -3760.21804536
694    -4205.85613036
695    -4626.09672036
696    -5031.71094536
697    -5422.82475536
698    -5796.00562036
699    -6151.93073536
700    -6497.70952536
701    -6826.71382536
702    -7140.14204036
703    -7443.11658536
704    -7741.03365536
705    -8031.68094036
706    -8313.62887536
707    -8590.53455036
708    -8862.28840036
709    -9131.65492036
710    -9393.42833536
711    -9650.71927036
712    -9907.97260536
713    -10163.1455204
714    -10408.2428304
715    -10644.7967654
716    -10875.0292404
717    -11105.2027704
718    -11335.3768554
719    -11563.1850904
720    -11781.9360854
721    -11996.2685854
722    -12199.2395804
723    -12390.2878754
724    -12573.0513554
725    -12743.0256904
726    -12900.7962604
727    -13054.7165554
728    -13199.0429754
729    -13341.2065554
730    -13478.7729704
731    -13603.2162704
732    -13715.5011804
733    -13822.3780054
734    -13924.3317854
735    -14025.8791804
736    -14127.4252354
737    -14228.9730854
738    -14330.5187504
739    -14432.0661554
740    -14533.6134404
741    -14635.1592704
742    -14736.7062254
743    -14838.2535204
744    -14939.7816454
745    -15037.4595104
746    -15132.2355954
747    -15226.6556254
748    -15312.5849754
749    -15377.4552004
750    -15432.5180754
751    -15486.6757254
752    -15538.8593404
753    -15580.3854869
754    -15609.3284349
755    -15635.9938684
756    -15657.7348884
757    -15678.0441759
758    -15698.3534419
759    -15718.6624364
760    -15738.9724104
761    -15759.2817274
762    -15779.5902369
763    -15799.9001159
764    -15820.2097964
765    -15840.5188179
766    -15860.8285869
767    -15877.6848339
768    -15891.2249954
769    -15904.7651454
770    -15917.3619004
771    -15924.8876884
772    -15931.6574024
773    -15938.4268719
774    -15945.1972349
775    -15951.9664444
776    -15958.5073274
777    -15960.3590234
778    -15960.3590233
779    -15960.3590233
780    -15960.3590233
781    -15960.3590232
782    -15960.3590233
783    -15960.359023
784    -15960.359023
785    -15960.3590229
786    -15960.3590224
787    -15960.3590223
788    -15960.3590223
789    -15960.3590222
790    -15960.3590221
791    -15960.3590223
792    -15960.3590224
793    -15960.3590222
794    -15960.3590222
795    -15960.3590221
796    -15960.3590222
797    -15960.3590221
798    -15960.3590223
799    -15960.3590222
800    -15960.3590222
801    -15960.3590223
802    -15960.3590223
803    -15960.3590224
804    -15960.3590221
805    -15960.3590224
806    -15960.3590226
807    -15960.3590226
808    -15960.3590225
809    -15960.3590228
810    -15960.3590228
811    -15960.3590226
812    -15960.3590224
813    -15960.3590223
814    -15960.3590222
815    -15960.3590224
816    -15960.3590227
817    -15960.3590225
818    -15960.3590228
819    -15960.3590229
820    -15960.359023
821    -15960.3590229
822    -15960.3590229
823    -15960.3590226
824    -15960.359023
825    -15960.3590229
826    -15960.359023
827    -15960.359023
828    -15960.359023
829    -15960.359023
830    -15960.3590227
831    -15960.3590226
832    -15960.3590226
833    -15960.3590223
834    -15960.3590225
835    -15960.3590226
836    -15960.3590225
837    -15960.3590224
838    -15960.3590222
839    -15960.359022
840    -15960.359022
841    -15960.3590219
842    -15960.3590222
843    -15960.3590223
844    -15960.3590222
845    -15960.359022
846    -15960.3590221
847    -15960.3590222
848    -15960.3590221
849    -15960.3590225
850    -15960.3590223
851    -15960.3590226
852    -15960.3590226
853    -15960.3590228
854    -15960.359023
855    -15960.3590231
856    -15960.3590231
857    -15960.3590232
858    -15960.3590233
859    -15960.3590234
860    -15960.3590232
861    -15960.3590232
862    -15960.3590231
863    -15960.3590229
864    -15960.3590232
865    -15960.3590229
866    -15960.3590229
867    -15960.3590228
868    -15960.359023
869    -15960.3590231
870    -15960.3590232
871    -15960.3590231
872    -15960.3590228
873    -15960.3590229
874    -15960.359023
875    -15960.359023
876    -15960.359023
877    -15960.3590231
878    -15960.3590232
879    -15960.3590232
880    -15960.359023
881    -15960.3590232
882    -15960.3590236
883    -15960.3590236
884    -15960.3590234
885    -15960.3590235
886    -15960.3590235
887    -15960.3590233
888    -15960.3590233
889    -15960.3590232
890    -15960.3590234
891    -15960.3590233
892    -15960.3590232
893    -15960.3590231
894    -15960.3590233
895    -15960.3590229
896    -15960.3590229
897    -15960.3590231
898    -15960.3590228
899    -15960.3590228
900    -15960.3590229
901    -15960.3590229
902    -15960.3590227
903    -15960.3590227
904    -15960.3590226
905    -15960.3590225
906    -15960.3590229
907    -15960.3590227
908    -15960.3590232
909    -15960.3590229
910    -15960.3590231
911    -15960.3590232
912    -15960.3590232
913    -15960.3590233
914    -15960.3590232
915    -15960.3590231
916    -15960.3590233
917    -15960.3590232
918    -15960.359023
919    -15960.3590227
920    -15960.3590224
921    -15960.3590222
922    -15960.3590224
923    -15960.3590224
924    -15960.3590226
925    -15960.3590224
926    -15960.3590223
927    -15960.3590223
928    -15960.3590222
929    -15960.3590225
930    -15960.3590226
931    -15960.3590227
932    -15960.3590228
933    -15960.3590226
934    -15960.3590227
935    -15960.3590226
936    -15960.359023
937    -15960.3590228
938    -15960.3590225
939    -15960.3590226
940    -15960.3590227
941    -15960.3590226
942    -15960.3590227
943    -15960.3590228
944    -15960.3590231
945    -15960.3590232
946    -15960.3590232
947    -15960.3590231
948    -15960.359023
949    -15960.3590231
950    -15960.3590233
951    -15960.3590234
952    -15960.3590235
953    -15960.3590233
954    -15960.3590233
955    -15960.3590232
956    -15960.3590232
957    -15960.3590234
958    -15960.3590235
959    -15960.3590234
960    -15960.3590233
961    -15960.3590232
962    -15960.3590234
963    -15960.359023
964    -15960.3590228
965    -15960.3590228
966    -15960.3590229
967    -15960.3590227
968    -15960.3590228
969    -15960.3590228
970    -15960.3590228
971    -15960.3590228
972    -15960.3590226
973    -15960.3590228
974    -15960.3590229
975    -15960.3590229
976    -15960.3590229
977    -15960.3590228
978    -15960.3590226
979    -15960.3590225
980    -15960.3590229
981    -15960.3590229
982    -15960.3590228
983    -15960.3590228
984    -15960.3590227
985    -15960.3590226
986    -15960.3590226
987    -15960.3590228
988    -15960.3590227
989    -15960.3590225
990    -15960.3590223
991    -15960.359022
992    -15960.3590221
993    -15960.359022
994    -15960.3590221
995    -15960.3590221
996    -15960.3590224
997    -15960.3590224
998    -15960.3590223
999    -15960.3590222
1000    -15960.3590224
1001    -15960.3590225
1002    -15960.3590224
1003    -15960.3590224
1004    -15960.3590223
1005    -15960.3590221
1006    -15960.3590222
1007    -15960.3590222
1008    -15960.3590221
1009    -15960.3590221
1010    -15960.3590221
1011    -15960.3590224
1012    -15960.3590225
1013    -15960.3590224
1014    -15960.3590225
1015    -15960.3590224
1016    -15960.3590223
1017    -15960.359022
1018    -15960.3590221
1019    -15960.359022
1020    -15960.3590219
1021    -15960.3590223
1022    -15960.3590222
1023    -15960.3590221
1024    -15960.3590221
