#x,Ay
1    -0
2    -1.0000175e-07
3    1.966373e-07
4    3.971582e-07
5    4.2613376e-07
6    2.8818591e-07
7    1.4102916e-07
8    1.43936018e-07
9    -4.9742132e-08
10    -1.26018082e-07
11    -1.2562275047e-07
12    -7.618291047e-08
13    -3.2221936047e-07
14    -1.2439171047e-07
15    -6.623131047e-08
16    1.9100818953e-07
17    1.6750914953e-07
18    1.4642861953e-07
19    1.6512553453e-07
20    5.210688453e-08
21    3.0542793453e-07
22    4.2977168453e-07
23    5.4746453453e-07
24    5.47836612165e-07
25    7.07433262165e-07
26    4.43513812165e-07
27    7.33362412165e-07
28    8.00894512165e-07
29    4.17410162165e-07
30    4.52304082165e-07
31    6.60504882165e-07
32    4.69672582165e-07
33    6.11800482165e-07
34    5.38338382165e-07
35    5.12037132165e-07
36    6.91866982165e-07
37    9.12044032165e-07
38    8.93440142165e-07
39    8.04501892165e-07
40    7.15627642165e-07
41    4.16628242165e-07
42    4.78246342165e-07
43    6.89958592165e-07
44    5.69242592165e-07
45    4.63165542165e-07
46    6.61041192165e-07
47    6.69785022165e-07
48    4.72676772165e-07
49    3.64466072165e-07
50    3.59559295165e-07
51    1.01542245165e-07
52    1.94538445165e-07
53    1.58307365165e-07
54    1.34587405165e-07
55    -7.1869294835e-08
56    -1.755894835e-09
57    2.6428995165e-08
58    -8.1357304835e-08
59    -3.6021949835e-08
60    -3.1057038335e-08
61    -1.14315288335e-07
62    7.330911665e-09
63    5.6073111665e-08
64    1.1077861665e-08
65    1.79024461665e-07
66    1.3170761665e-08
67    1.48048961665e-07
68    -1.10242788335e-07
69    -2.34330738335e-07
70    -2.28656553335e-07
71    -4.66414253335e-07
72    -7.16543553335e-07
73    -6.90498108335e-07
74    -6.29709908335e-07
75    -4.59158758335e-07
76    -3.44186708335e-07
77    -3.14600703335e-07
78    -2.87241358335e-07
79    -3.40495008335e-07
80    -6.0436658335e-08
81    -1.78013258335e-07
82    -2.44115208335e-07
83    -2.25836888335e-07
84    -3.03461638335e-07
85    -4.78663788335e-07
86    -4.34386528335e-07
87    -5.84333878335e-07
88    -6.44773278335e-07
89    -7.84895478335e-07
90    -5.11848478335e-07
91    -7.18931578335e-07
92    -5.85471928335e-07
93    -8.66088378335e-07
94    -7.08961078335e-07
95    -6.86682918335e-07
96    -8.57048018335e-07
97    -6.00407368335e-07
98    -9.22347718335e-07
99    -1.32840086833e-06
100    -1.38288701833e-06
101    -1.35274871333e-06
102    -1.38760775333e-06
103    -1.72562300333e-06
104    -1.65289340333e-06
105    -1.70434480333e-06
106    -1.41665305333e-06
107    -9.86019503335e-07
108    -1.01359976833e-06
109    -8.98023118335e-07
110    -9.48061768335e-07
111    -1.12351971833e-06
112    -1.28779206833e-06
113    -1.42601896833e-06
114    -1.65903271833e-06
115    -1.60624416833e-06
116    -1.75679616833e-06
117    -1.78251604833e-06
118    -1.74486642333e-06
119    -1.89896477333e-06
120    -1.73664582333e-06
121    -1.88217477333e-06
122    -2.02104117333e-06
123    -2.33940022333e-06
124    -2.36225394333e-06
125    -2.53400854333e-06
126    -2.62142359333e-06
127    -2.44012869333e-06
128    -2.41466461833e-06
129    -2.48238276833e-06
130    -2.49814048333e-06
131    -2.53823186333e-06
132    -2.36614586333e-06
133    -2.83282446333e-06
134    -2.74203746333e-06
135    -2.80759291333e-06
136    -2.59825266333e-06
137    -2.36315761333e-06
138    -2.43313151333e-06
139    -2.45612185333e-06
140    -2.53407215333e-06
141    -2.45007560333e-06
142    -2.41012083833e-06
143    -2.30319498833e-06
144    -2.56690513833e-06
145    -2.58014878333e-06
146    -2.22937243333e-06
147    -2.46311868333e-06
148    -2.37723848333e-06
149    -2.51837223333e-06
150    -2.35144883333e-06
151    -2.75293238333e-06
152    -2.70858535833e-06
153    -2.58655545833e-06
154    -2.69094655833e-06
155    -2.51179110833e-06
156    -2.31049700833e-06
157    -2.31496194333e-06
158    -2.08226214333e-06
159    -1.70888204333e-06
160    -1.64907054333e-06
161    -1.66660470833e-06
162    -1.61932757333e-06
163    -1.64669854833e-06
164    -1.61716487333e-06
165    -1.42576572333e-06
166    -1.27224002333e-06
167    -1.17888337333e-06
168    -1.30569212333e-06
169    -1.45344187333e-06
170    -1.58964562333e-06
171    -1.56913482833e-06
172    -1.81594447833e-06
173    -1.73377342833e-06
174    -1.70692568833e-06
175    -1.64106793833e-06
176    -1.64884669333e-06
177    -1.70512344333e-06
178    -1.36185839333e-06
179    -1.50556764333e-06
180    -1.39973474333e-06
181    -1.31786019333e-06
182    -1.24783979333e-06
183    -1.22025952333e-06
184    -1.43234387333e-06
185    -1.30118642333e-06
186    -1.07147487333e-06
187    -1.00636127333e-06
188    -7.94178823335e-07
189    -7.65528833335e-07
190    -5.37677683335e-07
191    -6.13395533335e-07
192    -5.75373833335e-07
193    -6.82014833335e-07
194    -9.48143483335e-07
195    -8.89413333335e-07
196    -9.23936638335e-07
197    -8.04883388335e-07
198    -7.56042358335e-07
199    -9.66952358335e-07
200    -1.17819955833e-06
201    -1.05443715833e-06
202    -7.61239808335e-07
203    -6.55104608335e-07
204    -7.49403108335e-07
205    -5.07971108335e-07
206    -7.31555008335e-07
207    -6.75411958335e-07
208    -6.11879658335e-07
209    -6.86847508335e-07
210    -5.64126308335e-07
211    -6.75290358335e-07
212    -2.96352358335e-07
213    -4.70150858335e-07
214    -3.79044108335e-07
215    -5.13550258335e-07
216    -9.58648358335e-07
217    -7.17355908335e-07
218    -7.58075173335e-07
219    -6.12639273335e-07
220    -4.85086323335e-07
221    -5.07248203335e-07
222    -4.76330868335e-07
223    -4.93248778335e-07
224    -4.14845028335e-07
225    -3.81602208335e-07
226    -3.58742678335e-07
227    -2.40096378335e-07
228    -2.10190623335e-07
229    -3.37929573335e-07
230    -4.60808273335e-07
231    -3.21382273335e-07
232    -6.8218173335e-08
233    -3.65985073335e-07
234    -2.10258873335e-07
235    -3.24719323335e-07
236    -2.16816773335e-07
237    -3.31137673335e-07
238    -4.72690023335e-07
239    -7.81002973335e-07
240    -7.01680623335e-07
241    -4.45435273335e-07
242    -7.84497023335e-07
243    -9.23316923335e-07
244    -8.33250823335e-07
245    -4.94302473335e-07
246    -4.05852623335e-07
247    -4.88174823335e-07
248    -2.58230723335e-07
249    -3.75853823335e-07
250    2.76389592415
251    9.50261742415
252    16.2720119241
253    23.0418499241
254    29.8123189241
255    36.5812039241
256    43.3515104241
257    50.1215284241
258    56.8902804241
259    63.6614079241
260    70.4305859241
261    77.1999169241
262    83.9702319241
263    93.4479134241
264    112.415993924
265    143.857903924
266    177.706830424
267    211.712516424
268    250.245608424
269    290.864309424
270    331.481658424
271    372.102066924
272    413.842234424
273    460.621616424
274    511.172726424
275    570.138961424
276    631.067326424
277    691.994216424
278    752.922181424
279    817.267111424
280    884.964796424
281    952.663811424
282    1020.36134142
283    1090.86563642
284    1166.66505642
285    1253.88092642
286    1348.19167642
287    1442.96849642
288    1537.74693642
289    1632.56629642
290    1731.46815642
291    1833.01238142
292    1935.18664142
293    2047.74801642
294    2174.88684142
295    2308.89547642
296    2444.32719642
297    2584.02845642
298    2735.97211642
299    2904.31341642
300    3079.43261142
301    3255.44637642
302    3432.42636642
303    3624.76441142
304    3836.42357142
305    4053.06078642
306    4273.45407642
307    4498.39353642
308    4734.30251142
309    4981.26778142
310    5231.75063142
311    5482.23071642
312    5732.71254642
313    5983.24766142
314    6239.54239142
315    6503.25649142
316    6767.27873142
317    7031.30013142
318    7295.32417642
319    7559.35008142
320    7827.04907642
321    8101.02750642
322    8379.55352142
323    8665.25023642
324    8963.02847142
325    9267.37784142
326    9582.44914642
327    9913.57871642
328    10252.2614114
329    10599.4044964
330    10961.6469964
331    11333.1851614
332    11720.6475114
333    12130.6583014
334    12555.9443414
335    13001.9642114
336    13473.0661814
337    13971.0993964
338    14489.3164464
339    15028.3239464
340    15590.9728464
341    16176.0541464
342    16796.2604964
343    17460.8218964
344    18225.5445964
345    19116.0494964
346    20170.5536964
347    21501.0025964
348    23323.8500464
349    26020.5455464
350    30741.1730964
351    37357.5645964
352    40166.5545464
353    39916.4624114
354    38774.6961114
355    37837.1406114
356    37541.8672214
357    37223.9690614
358    36841.8489614
359    36640.2870314
360    36652.4391259
361    36694.9618319
362    36572.1959569
363    36378.6728569
364    36487.4942569
365    36600.5365969
366    36812.2823869
367    36886.4075669
368    37180.3925819
369    37183.7513989
370    37105.2453939
371    37191.5680189
372    37242.3821739
373    37194.0566394
374    37182.5262369
375    36844.7102969
376    36628.8150319
377    36831.3693369
378    36872.6201299
379    36805.9873099
380    36971.6026699
381    37164.7029999
382    37202.5643684
383    37175.3942639
384    37284.6303339
385    36973.2404539
386    36776.9554639
387    36775.9662835
388    36723.4589235
389    36723.6812298
390    36664.5882348
391    36886.4175798
392    36821.9507098
393    36417.4110698
394    36240.3655648
395    36476.3454648
396    36419.5053548
397    36328.3621248
398    36382.9093048
399    36058.6688398
400    36393.5948898
401    36401.6126863
402    36077.6878763
403    35786.9748913
404    35766.8296678
405    35982.9314728
406    35678.2697828
407    35887.5460978
408    36141.0472728
409    35904.1612178
410    35925.8604818
411    35881.9901048
412    35757.7707048
413    35829.0767598
414    35717.6365498
415    35736.8975138
416    35908.7283588
417    35769.5600288
418    35856.9804938
419    35770.0177338
420    35735.7327548
421    35854.2812248
422    35792.7147298
423    35929.8128248
424    36059.3387598
425    36370.4358598
426    36300.5871398
427    36201.7814098
428    35989.4642848
429    35797.7701348
430    35987.5279048
431    35999.4749028
432    36117.5085878
433    36055.3955428
434    36082.1660748
435    36384.5086498
436    36394.3658823
437    36447.2407473
438    36610.4568123
439    36628.2460503
440    36219.7117903
441    36294.2411303
442    36300.1504043
443    36417.8973593
444    36455.0204083
445    36450.1769056
446    36419.6909231
447    36546.7289981
448    36531.0378441
449    36541.7243511
450    36629.8349411
451    36611.9557116
452    36460.0258366
453    36487.6621986
454    36592.9331786
455    36892.3532586
456    36973.1936036
457    36912.4865186
458    37123.2516886
459    37060.0902136
460    37108.7299321
461    36892.0330371
462    36985.2883171
463    36984.2026182
464    37197.6978532
465    37201.5714769
466    37149.9828219
467    37136.5278114
468    37128.2201799
469    37049.0351599
470    36899.2105849
471    37088.8548549
472    37095.7592954
473    37295.4510704
474    37208.6581904
475    37147.2329704
476    37128.3998989
477    37056.9569939
478    37027.8492894
479    36976.6577094
480    37378.7625194
481    37433.6873844
482    37283.0980444
483    37181.1601244
484    37205.9962974
485    37319.7518824
486    37301.0881284
487    37335.7892409
488    37323.1619884
489    37355.5576544
490    37342.6294959
491    37090.3316059
492    37356.1372859
493    37227.1325459
494    37290.3198059
495    37300.3928749
496    37214.0310399
497    37308.2803699
498    37470.3677349
499    37585.1326349
500    37369.4098099
501    37490.0539799
502    37398.2503499
503    37574.9682149
504    37525.3543654
505    37401.7002004
506    37441.1561439
507    37421.5916869
508    37387.9311044
509    37483.1361344
510    37322.7756644
511    37365.8270054
512    37291.5152454
513    37259.3700194
514    37248.3590959
515    37365.0903159
516    37531.2205109
517    37474.2460309
518    37429.2596064
519    37372.2779914
520    37433.0951214
521    37478.5877654
522    37776.9104004
523    37857.7118954
524    37794.8496254
525    37583.8333504
526    37841.9323854
527    37864.6528234
528    38071.8057684
529    37848.5982434
530    37630.8103784
531    37783.2880134
532    37543.1591934
533    37452.3712084
534    37700.7528734
535    37560.7734884
536    37753.5695884
537    37885.5546684
538    37742.7363434
539    37725.1054824
540    37617.6887324
541    37445.2254224
542    37346.6452274
543    37500.0631724
544    37498.2302495
545    37384.0316595
546    37655.4058945
547    37575.2231145
548    37675.9035545
549    37590.6125495
550    37472.5131145
551    37381.7375195
552    37473.9358995
553    37184.5462095
554    36992.3862595
555    37209.8495545
556    37078.1320845
557    37217.5142245
558    37357.1893195
559    37188.4063395
560    37314.5510345
561    37121.9119995
562    37368.7504945
563    37211.1125445
564    37166.8072135
565    37501.7063335
566    37785.3920185
567    37692.8687235
568    37719.5944015
569    37589.5294215
570    37628.3184135
571    37334.3631985
572    37263.0838535
573    37265.3591197
574    37524.6184097
575    37421.5294947
576    37415.3963997
577    37412.4643933
578    37486.8349733
579    37367.7354783
580    37411.1058103
581    37511.7673553
582    37414.2470953
583    37479.8376353
584    37473.9314863
585    37389.3338763
586    37639.4142963
587    37630.9020133
588    37785.9290383
589    37821.8965698
590    37863.3572113
591    37953.3545013
592    38104.1775463
593    38033.8425213
594    37804.7217013
595    37719.3384813
596    37878.1022763
597    37906.0053113
598    37843.3863013
599    37671.0172813
600    37824.7817563
601    37829.7803618
602    38225.1538468
603    38277.7984418
604    38142.1971468
605    38192.5845618
606    38348.4871468
607    38393.1933738
608    38305.9680288
609    38280.6159188
610    38383.5311138
611    38252.2555738
612    38057.9677938
613    38315.5504488
614    38142.1638788
615    38334.0689938
616    38299.4818423
617    38268.3633808
618    38573.3639108
619    38814.8616758
620    38526.0063908
621    38768.7660108
622    38733.7584513
623    38772.2436428
624    38834.9690528
625    38702.4243678
626    38609.7392278
627    38804.2936578
628    38603.3632128
629    38679.0800878
630    38645.5389858
631    38361.8481808
632    38460.6897108
633    38542.1280558
634    38422.5695008
635    38474.9080708
636    38480.1058488
637    38517.4447213
638    38420.9545013
639    38451.5994423
640    38320.7468023
641    38445.0838523
642    38581.4216723
643    38782.6121523
644    38670.3589373
645    38244.4925723
646    38302.0147523
647    37875.1977873
648    37818.5125173
649    37760.6546073
650    38016.3464423
651    38331.8575973
652    38172.7338973
653    38096.1002173
654    38450.0813723
655    38138.2142473
656    38250.1966873
657    38208.1026148
658    38106.0192448
659    38402.1544348
660    38230.9132998
661    38147.2982698
662    38205.8006298
663    38246.6501963
664    38176.4458713
665    38083.5597113
666    38078.1217663
667    38156.9070613
668    38081.8009063
669    38109.4320258
670    37753.1124258
671    38004.0340208
672    37034.4325208
673    34663.2922208
674    28075.6017208
675    18919.4602208
676    13089.9942208
677    9689.08182079
678    7252.18367079
679    5278.61142079
680    3642.10967079
681    2240.09392079
682    1032.67382079
683    -29.4474292059
684    -959.328629206
685    -1781.81207921
686    -2535.42587921
687    -3232.83227921
688    -3868.95057921
689    -4459.90482921
690    -5008.95152921
691    -5510.70187921
692    -5978.29824921
693    -6418.31608921
694    -6839.92408421
695    -7235.93216421
696    -7616.67137921
697    -7989.73776421
698    -8353.12652921
699    -8705.74494421
700    -9047.81435421
701    -9374.12745921
702    -9689.72808921
703    -9992.02722421
704    -10283.8609992
705    -10567.6109292
706    -10840.6888942
707    -11111.4787292
708    -11382.2090092
709    -11648.7448042
710    -11910.7387692
711    -12168.1593442
712    -12424.4552792
713    -12675.6578392
714    -12920.8274192
715    -13156.7692242
716    -13387.3565942
717    -13617.5301242
718    -13843.9377742
719    -14060.9903842
720    -14268.2740542
721    -14470.4187192
722    -14656.4600442
723    -14828.7242042
724    -14990.9460792
725    -15141.4096492
726    -15279.5423442
727    -15414.9391692
728    -15548.5087892
729    -15670.5774442
730    -15782.0185842
731    -15889.0933192
732    -15991.1689892
733    -16092.7147992
734    -16194.2618692
735    -16295.8092642
736    -16397.3553192
737    -16498.9031792
738    -16600.4488442
739    -16701.8566992
740    -16798.7418442
741    -16889.4255242
742    -16977.2482592
743    -17053.5954042
744    -17110.2904842
745    -17164.0809542
746    -17212.4992277
747    -17252.5025222
748    -17281.0738142
749    -17307.8416272
750    -17329.7932737
751    -17350.1021582
752    -17370.4129857
753    -17390.7216002
754    -17411.0305037
755    -17431.3400847
756    -17451.6497897
757    -17471.9590772
758    -17492.2579062
759    -17508.8147307
760    -17522.3551507
761    -17535.8945732
762    -17549.1977462
763    -17557.8011607
764    -17564.5716062
765    -17571.3411312
766    -17578.1107557
767    -17584.8758622
768    -17588.0102593
769    -17588.0102593
770    -17588.0102595
771    -17588.0102592
772    -17588.0102595
773    -17588.0102596
774    -17588.0102595
775    -17588.0102598
776    -17588.0102601
777    -17588.0102604
778    -17588.0102606
779    -17588.0102607
780    -17588.0102609
781    -17588.010261
782    -17588.0102613
783    -17588.0102613
784    -17588.0102612
785    -17588.0102614
786    -17588.0102616
787    -17588.0102616
788    -17588.0102616
789    -17588.0102617
790    -17588.0102617
791    -17588.0102616
792    -17588.0102614
793    -17588.0102617
794    -17588.0102617
795    -17588.0102614
796    -17588.0102612
797    -17588.0102612
798    -17588.0102612
799    -17588.0102611
800    -17588.010261
801    -17588.0102611
802    -17588.010261
803    -17588.010261
804    -17588.0102609
805    -17588.0102608
806    -17588.0102609
807    -17588.0102611
808    -17588.010261
809    -17588.010261
810    -17588.0102611
811    -17588.010261
812    -17588.0102611
813    -17588.0102612
814    -17588.0102616
815    -17588.0102613
816    -17588.0102615
817    -17588.0102616
818    -17588.0102615
819    -17588.0102613
820    -17588.0102612
821    -17588.0102613
822    -17588.0102612
823    -17588.0102611
824    -17588.0102608
825    -17588.0102608
826    -17588.0102605
827    -17588.0102606
828    -17588.0102607
829    -17588.0102608
830    -17588.0102609
831    -17588.0102607
832    -17588.0102608
833    -17588.0102608
834    -17588.0102611
835    -17588.0102612
836    -17588.0102611
837    -17588.010261
838    -17588.0102612
839    -17588.0102614
840    -17588.0102614
841    -17588.0102614
842    -17588.0102614
843    -17588.0102613
844    -17588.010261
845    -17588.0102613
846    -17588.0102612
847    -17588.010261
848    -17588.0102611
849    -17588.0102611
850    -17588.0102609
851    -17588.010261
852    -17588.0102613
853    -17588.0102616
854    -17588.0102616
855    -17588.0102614
856    -17588.0102613
857    -17588.0102613
858    -17588.0102611
859    -17588.010261
860    -17588.0102613
861    -17588.0102615
862    -17588.0102612
863    -17588.0102613
864    -17588.0102612
865    -17588.0102614
866    -17588.0102613
867    -17588.0102612
868    -17588.0102612
869    -17588.0102613
870    -17588.0102613
871    -17588.0102614
872    -17588.0102615
873    -17588.0102613
874    -17588.0102615
875    -17588.0102612
876    -17588.0102613
877    -17588.0102613
878    -17588.0102611
879    -17588.010261
880    -17588.010261
881    -17588.0102609
882    -17588.0102608
883    -17588.010261
884    -17588.0102612
885    -17588.0102612
886    -17588.010261
887    -17588.0102607
888    -17588.0102606
889    -17588.0102606
890    -17588.0102606
891    -17588.0102607
892    -17588.0102607
893    -17588.010261
894    -17588.0102606
895    -17588.0102604
896    -17588.0102605
897    -17588.0102605
898    -17588.0102604
899    -17588.0102602
900    -17588.0102604
901    -17588.0102606
902    -17588.0102606
903    -17588.0102605
904    -17588.0102604
905    -17588.0102602
906    -17588.0102603
907    -17588.0102603
908    -17588.0102604
909    -17588.0102603
910    -17588.0102603
911    -17588.0102601
912    -17588.0102606
913    -17588.0102604
914    -17588.0102606
915    -17588.0102607
916    -17588.0102603
917    -17588.0102605
918    -17588.0102605
919    -17588.0102604
920    -17588.0102606
921    -17588.0102606
922    -17588.0102602
923    -17588.0102603
924    -17588.0102608
925    -17588.0102611
926    -17588.0102611
927    -17588.010261
928    -17588.010261
929    -17588.010261
930    -17588.0102608
931    -17588.010261
932    -17588.010261
933    -17588.010261
934    -17588.0102608
935    -17588.0102609
936    -17588.0102611
937    -17588.0102612
938    -17588.0102612
939    -17588.0102609
940    -17588.0102609
941    -17588.0102608
942    -17588.0102606
943    -17588.0102605
944    -17588.0102605
945    -17588.0102604
946    -17588.0102607
947    -17588.0102607
948    -17588.0102608
949    -17588.0102608
950    -17588.0102609
951    -17588.0102608
952    -17588.0102609
953    -17588.0102606
954    -17588.0102607
955    -17588.0102608
956    -17588.0102608
957    -17588.0102608
958    -17588.0102612
959    -17588.0102612
960    -17588.0102613
961    -17588.0102613
962    -17588.0102613
963    -17588.0102611
964    -17588.010261
965    -17588.0102609
966    -17588.0102612
967    -17588.0102611
968    -17588.0102608
969    -17588.0102609
970    -17588.0102607
971    -17588.0102606
972    -17588.0102606
973    -17588.0102606
974    -17588.0102606
975    -17588.0102607
976    -17588.0102608
977    -17588.0102608
978    -17588.0102607
979    -17588.0102604
980    -17588.0102603
981    -17588.0102607
982    -17588.0102606
983    -17588.0102605
984    -17588.0102604
985    -17588.0102603
986    -17588.0102603
987    -17588.0102602
988    -17588.0102601
989    -17588.01026
990    -17588.0102595
991    -17588.0102596
992    -17588.0102593
993    -17588.0102596
994    -17588.0102596
995    -17588.0102593
996    -17588.0102592
997    -17588.0102595
998    -17588.0102594
999    -17588.0102592
1000    -17588.0102593
1001    -17588.0102597
1002    -17588.0102598
1003    -17588.0102598
1004    -17588.0102597
1005    -17588.0102601
1006    -17588.0102601
1007    -17588.0102601
1008    -17588.0102603
1009    -17588.0102603
1010    -17588.0102606
1011    -17588.0102605
1012    -17588.0102602
1013    -17588.0102604
1014    -17588.0102608
1015    -17588.0102606
1016    -17588.0102605
1017    -17588.0102605
1018    -17588.0102606
1019    -17588.0102604
1020    -17588.0102602
1021    -17588.0102605
1022    -17588.0102603
1023    -17588.0102601
1024    -17588.0102601
