#x,Ay
1    -0
2    1.691704e-07
3    1.54891915e-07
4    2.96897765e-07
5    3.0196732e-07
6    2.8713072e-07
7    2.56575275e-07
8    8.4163725e-08
9    2.31273975e-07
10    3.47548275e-07
11    3.56059555e-07
12    1.28999055e-07
13    2.75283755e-07
14    3.55722355e-07
15    3.9469751e-07
16    5.3316276e-07
17    2.1539196e-07
18    4.6939321e-07
19    2.0441566e-07
20    2.4358848e-07
21    1.1582628e-07
22    1.7830628e-07
23    -4.334747e-08
24    1.9182898e-07
25    6.81328e-09
26    1.8801518e-07
27    -1.2955322e-07
28    6.222963e-08
29    -6.280012e-08
30    -1.04426325e-07
31    -5.27815975e-07
32    -5.96092275e-07
33    -3.03929775e-07
34    -2.42467175e-07
35    -1.52398175e-07
36    -1.4979363e-07
37    -3.1825188e-07
38    -4.8368698e-07
39    -6.1461188e-07
40    -7.7384958e-07
41    -9.3681968e-07
42    -9.58911795e-07
43    -1.302851245e-06
44    -1.161415145e-06
45    -1.418329045e-06
46    -1.41016659e-06
47    -1.16040934e-06
48    -1.51551114e-06
49    -1.20757024e-06
50    -1.236493475e-06
51    -9.47470375e-07
52    -1.126532825e-06
53    -1.032176225e-06
54    -1.07180251e-06
55    -1.00073566e-06
56    -6.2964471e-07
57    -2.2800996e-07
58    -3.4572606e-07
59    -4.2430426e-07
60    -6.5015551e-07
61    -6.9610421e-07
62    -6.82802425e-07
63    -8.34772975e-07
64    -7.69386125e-07
65    -6.40135575e-07
66    -7.82083275e-07
67    -8.92753175e-07
68    -1.073521975e-06
69    -1.276257875e-06
70    -1.199598225e-06
71    -1.406566525e-06
72    -1.555333725e-06
73    -1.127455875e-06
74    -1.500143425e-06
75    -1.332520925e-06
76    -1.515257625e-06
77    -1.47243961e-06
78    -1.42112486e-06
79    -1.50495281e-06
80    -1.28565946e-06
81    -1.23910322e-06
82    -1.2374288735e-06
83    -1.1624086735e-06
84    -9.431153235e-07
85    -5.818277735e-07
86    -5.365156685e-07
87    -5.411869905e-07
88    -6.689015905e-07
89    -5.585805405e-07
90    -3.758438405e-07
91    -6.344611405e-07
92    -5.750216905e-07
93    -5.972300855e-07
94    -8.053378855e-07
95    -6.828545355e-07
96    -4.719387355e-07
97    -6.634192855e-07
98    -8.002043855e-07
99    -5.592607355e-07
100    -3.665244355e-07
101    -1.708114855e-07
102    -7.67629855e-08
103    -3.414498355e-07
104    -1.128893855e-07
105    -3.015793355e-07
106    -2.621826855e-07
107    -4.811737355e-07
108    -6.079272855e-07
109    -5.151171355e-07
110    -6.487395855e-07
111    -5.096057355e-07
112    -4.721654005e-07
113    -4.080517505e-07
114    -3.637221655e-07
115    -4.056274305e-07
116    -4.951586305e-07
117    -1.626605805e-07
118    -3.671289805e-07
119    -1.607653305e-07
120    -3.381069305e-07
121    -1.987637805e-07
122    -1.605131455e-07
123    -2.815081955e-07
124    -4.826394955e-07
125    -7.653110955e-07
126    -9.475826955e-07
127    -9.077238605e-07
128    -8.492844105e-07
129    -4.388360605e-07
130    -4.611287555e-07
131    -2.721132555e-07
132    -3.794882055e-07
133    -3.181884055e-07
134    -1.469396055e-07
135    -6.16640055e-08
136    -1.834729555e-07
137    -2.011989755e-07
138    -1.196674255e-07
139    -9.12964905e-08
140    6.42785595e-08
141    2.938738095e-07
142    6.90748595e-08
143    1.479204595e-07
144    3.727950095e-07
145    4.838253595e-07
146    5.323320995e-07
147    3.619669995e-07
148    4.622361495e-07
149    4.980021295e-07
150    6.809713795e-07
151    8.219888795e-07
152    6.951568295e-07
153    2.512447295e-07
154    2.188390745e-07
155    3.213697745e-07
156    3.984363745e-07
157    9.128338745e-07
158    9.401815945e-07
159    5.473342445e-07
160    8.685769445e-07
161    8.969653195e-07
162    8.974769305e-07
163    8.075968805e-07
164    6.792591305e-07
165    5.346603805e-07
166    1.0298261805e-06
167    9.187609305e-07
168    7.418844305e-07
169    6.486556805e-07
170    6.982815555e-07
171    4.737326055e-07
172    4.608952005e-07
173    3.817938005e-07
174    1.853251005e-07
175    3.591784505e-07
176    4.184551005e-07
177    7.284657005e-07
178    1.0405488505e-06
179    1.0705127405e-06
180    1.0768380655e-06
181    1.1344287155e-06
182    1.2893816655e-06
183    1.3962203155e-06
184    1.4576596655e-06
185    1.454502818e-06
186    1.715050318e-06
187    1.534592568e-06
188    1.603752518e-06
189    1.204303718e-06
190    1.494827468e-06
191    1.601023718e-06
192    1.579024613e-06
193    1.558351038e-06
194    1.816724188e-06
195    1.901368988e-06
196    1.743282438e-06
197    1.771618488e-06
198    1.595707088e-06
199    1.556452878e-06
200    1.557599634e-06
201    1.527089254e-06
202    1.716383854e-06
203    1.762963339e-06
204    2.196038689e-06
205    2.305592339e-06
206    2.374077889e-06
207    2.340195554e-06
208    2.421657354e-06
209    1.996971204e-06
210    1.917695354e-06
211    1.860813954e-06
212    1.720866204e-06
213    1.526269504e-06
214    1.796746804e-06
215    2.063491704e-06
216    2.033074344e-06
217    2.242368094e-06
218    2.268494929e-06
219    1.922788129e-06
220    2.067084579e-06
221    2.113524539e-06
222    2.176414389e-06
223    2.077232389e-06
224    2.024967089e-06
225    2.307653189e-06
226    2.231656289e-06
227    2.258655184e-06
228    2.214610474e-06
229    2.332547524e-06
230    2.275654524e-06
231    2.193471824e-06
232    2.065663074e-06
233    2.084034419e-06
234    2.061058619e-06
235    2.238481619e-06
236    2.068674619e-06
237    2.0695641145e-06
238    2.2212323145e-06
239    2.3515641645e-06
240    2.3244373595e-06
241    2.3557471295e-06
242    2.0490154795e-06
243    2.0630149045e-06
244    1.8714413545e-06
245    1.8488434395e-06
246    2.1171580395e-06
247    2.3012435395e-06
248    2.0702994895e-06
249    2.2529431895e-06
250    -0.000208067956811
251    0.00028048939319
252    0.00080563039319
253    0.00383602939319
254    -0.00253213560681
255    0.00358065439319
256    -0.00608166060681
257    0.00079728439319
258    0.00356347789319
259    -0.00109900660681
260    0.00035832739319
261    -0.00228248060681
262    0.00386872439319
263    -0.00201626060681
264    -0.00282629360681
265    0.0173853163932
266    -0.0128827036068
267    0.00911031639319
268    -0.0104816886068
269    0.0290962563932
270    -0.0318909036068
271    0.0231154863932
272    0.00243892139319
273    0.146950901393
274    10.0737309014
275    42.8925929014
276    101.357307901
277    180.568257901
278    286.290462901
279    412.570152901
280    561.713347901
281    717.394587901
282    875.902077901
283    1056.2098429
284    1258.7226979
285    1467.6401179
286    1679.3642429
287    1895.7565379
288    2112.4826979
289    2333.4421979
290    2556.8530279
291    2780.2275279
292    3006.2616629
293    3236.3856329
294    3466.8648279
295    3706.1854029
296    3950.1970679
297    4199.0073179
298    4449.4814029
299    4699.9515579
300    4950.4602979
301    5200.9304929
302    5451.4182579
303    5701.8961929
304    5952.3775479
305    6202.8590279
306    6453.3400979
307    6703.8217829
308    6954.3046129
309    7204.7864179
310    7455.2693929
311    7705.7494779
312    7956.2313079
313    8206.7161679
314    8457.1965629
315    8707.6776529
316    8958.1877229
317    9212.8026829
318    9474.7625879
319    9738.7820429
320    10002.8039979
321    10266.8277129
322    10530.8481529
323    10794.8693479
324    11058.8905629
325    11322.9141329
326    11586.9358029
327    11850.9671979
328    12114.9694279
329    12379.0129479
330    12643.0138079
331    12907.0400829
332    13171.0674829
333    13435.1027479
334    13699.1037129
335    13963.1386529
336    14227.1871079
337    14491.1474779
338    14756.8512929
339    15027.3218879
340    15298.1500629
341    15568.8825129
342    15839.7128779
343    16112.8373329
344    16396.0016779
345    16684.3324729
346    16996.3459479
347    17453.7501579
348    18556.6752579
349    21509.9574579
350    28502.4729579
351    35471.9374579
352    31072.4278079
353    25139.5063079
354    21548.6220579
355    18542.5847079
356    17296.3210079
357    16777.0451079
358    16042.7705079
359    15299.9990079
360    14654.8943079
361    14378.1454079
362    14318.4905729
363    14616.7700779
364    14363.6751679
365    14271.3657479
366    14631.4075079
367    14641.6087464
368    14798.1395464
369    14904.7737764
370    14616.9919064
371    14873.9272914
372    14691.1767764
373    14490.1580214
374    14524.5831429
375    14617.3956979
376    14445.7335679
377    14326.9226879
378    14210.6358229
379    14454.9226579
380    14619.4381829
381    14755.3259429
382    14759.8977756
383    14732.1471991
384    14889.8858491
385    14908.4421051
386    14728.0866051
387    14629.8191401
388    14564.3405751
389    14622.1111051
390    14735.7786401
391    14875.3695001
392    14985.5180151
393    14741.6178051
394    14620.3063601
395    14595.4803891
396    14488.9259191
397    14429.3139141
398    14963.8843141
399    14654.2379591
400    14560.9287041
401    14520.2885581
402    14233.3338181
403    14522.0637031
404    14299.0030981
405    14180.8071831
406    14342.8518431
407    14413.6389831
408    14482.1619931
409    14562.7393231
410    14553.8900796
411    14502.8612996
412    14411.0503696
413    14440.8720886
414    14551.4481536
415    14726.9177636
416    14567.0249336
417    14812.9461136
418    14695.6170336
419    14734.0069806
420    14629.4135406
421    14651.7733536
422    14877.6183786
423    14800.4241186
424    15060.2584236
425    15172.1565536
426    15092.7884386
427    15003.8976286
428    14840.8764786
429    14728.1735936
430    14861.7128886
431    14731.5281836
432    14801.7122336
433    14811.2820916
434    14926.3808716
435    14916.3641956
436    15044.0217006
437    15149.2041156
438    15061.4499256
439    15034.5827846
440    14806.4591996
441    15085.9449896
442    14988.9168446
443    15142.2361746
444    14887.6670696
445    15044.4776996
446    14914.5454846
447    14651.4925396
448    14879.2900046
449    14884.4855001
450    14779.1242651
451    14669.1274651
452    14744.3407951
453    14705.3576756
454    14707.1353154
455    14918.0752204
456    15307.6379154
457    15275.5992134
458    15224.8336534
459    14906.9126184
460    14970.9262734
461    15052.5714084
462    15150.0028184
463    15191.5856999
464    15196.6573334
465    15209.3122904
466    15243.4281049
467    15234.1390469
468    15237.5567269
469    15062.3759869
470    15007.8906469
471    15217.6086919
472    15276.3564319
473    15289.5994309
474    15515.9219459
475    15423.0861959
476    15153.2986109
477    15419.3736459
478    15523.5331159
479    15627.8818909
480    15524.9019609
481    15574.2711669
482    15514.2499769
483    15617.1789669
484    15845.8211869
485    15536.5541019
486    15595.5761019
487    15841.2960219
488    16015.7157419
489    16005.6280254
490    16169.6111604
491    16184.4960729
492    16303.8091329
493    16315.2376309
494    16427.7593059
495    16411.5761904
496    16456.4706644
497    16366.1183544
498    16423.2759094
499    16578.6155194
500    16580.7039108
501    16991.0493808
502    16767.5742808
503    16632.5657158
504    16762.5153608
505    16851.2134608
506    16818.9232258
507    16828.1633428
508    16643.9607728
509    16566.6288928
510    16701.0651428
511    16583.3879728
512    16512.7512278
513    16585.8148128
514    16500.3958328
515    16832.0638428
516    16992.9092478
517    16911.8873028
518    16929.8004958
519    16917.6254108
520    16951.9883293
521    16970.9341648
522    17107.7998648
523    17270.7676198
524    17136.0738248
525    17169.7084973
526    17234.8269023
527    17319.1832823
528    17338.3115358
529    17246.2279558
530    17343.5552758
531    17285.2568208
532    17004.1947258
533    17208.8806308
534    17150.8791308
535    17374.8561308
536    17613.5002308
537    17736.7873408
538    17428.7658258
539    17707.0391158
540    17504.3801158
541    17314.0866108
542    17333.2168763
543    17158.3761863
544    17222.8491963
545    17334.7044763
546    17342.7544083
547    17250.2639133
548    17362.5797983
549    17420.4242283
550    17444.3966748
551    17140.7415798
552    17024.6399798
553    16786.0894298
554    16908.9176848
555    17054.6067848
556    17025.0893958
557    17045.8964203
558    16949.2560703
559    16889.1603203
560    16943.6062603
561    16798.1704053
562    16649.9774653
563    16817.4243303
564    16862.1752193
565    16789.8907943
566    16850.5414543
567    16729.8272343
568    17026.0045693
569    16936.7652743
570    16736.5718193
571    16634.5723443
572    16656.9051313
573    16781.5960363
574    16700.6148213
575    16598.4866513
576    16817.3064013
577    16721.8840313
578    16749.0408568
579    16732.4034528
580    16714.1891628
581    16898.3644528
582    16698.4660528
583    16825.7013078
584    16792.5708218
585    16898.5765818
586    16868.9009903
587    16931.0520103
588    16840.9148203
589    17029.4254803
590    17028.1052818
591    17120.4813268
592    17168.1354808
593    16787.0012458
594    16989.5343158
595    16848.4940158
596    16962.7743708
597    16952.8973078
598    16870.4742128
599    17114.2993028
600    16934.6388078
601    17063.3759878
602    17372.7089778
603    17430.9879678
604    17466.5588118
605    17395.9307918
606    17450.3236118
607    17241.0060518
608    17332.0111118
609    17328.2598862
610    17211.7485212
611    16851.1646162
612    17015.2551162
613    17159.9096162
614    17153.0926242
615    17073.2286692
616    17290.1226192
617    17489.0594192
618    17394.1399742
619    17304.0730792
620    17476.0222792
621    17571.4513492
622    17466.4337192
623    17593.5950742
624    17346.8921742
625    17353.2921597
626    17457.5069747
627    17289.0463497
628    17211.0378397
629    17472.4448647
630    17366.0794947
631    17335.9380752
632    17519.8749352
633    17443.7954402
634    17615.4357202
635    17601.9962832
636    17696.1107082
637    17412.1165782
638    17590.7904282
639    17477.2505482
640    17716.5857482
641    17801.0236982
642    17622.3166132
643    17847.9907932
644    17716.4600082
645    17699.2516587
646    17513.1167637
647    17224.9839937
648    16761.5535437
649    16520.6025337
650    16792.2302087
651    16860.6641337
652    17024.6188037
653    16820.5087337
654    16925.2952787
655    16897.7068757
656    16825.9519407
657    16910.3284807
658    16791.5586007
659    16687.3655557
660    16543.8181957
661    16518.3057172
662    16723.2910022
663    16384.7387022
664    16213.7444972
665    16256.5783892
666    16232.9414512
667    16015.7315962
668    16026.5625237
669    16085.9217737
670    16073.0734027
671    16182.1117677
672    14996.4348677
673    12791.2626677
674    7373.38266765
675    -1005.40783235
676    -7597.37933235
677    -11493.7239323
678    -14188.4557823
679    -16221.3333323
680    -17908.6013823
681    -19299.3542823
682    -20524.9381823
683    -21627.2872823
684    -22621.4082823
685    -23518.7309823
686    -24308.0363323
687    -25026.9556823
688    -25682.8558823
689    -26309.0525323
690    -26904.6375823
691    -27460.5990323
692    -27984.3225823
693    -28482.3821323
694    -28929.9507023
695    -29347.0311023
696    -29753.0042973
697    -30144.1243323
698    -30517.5864723
699    -30876.5279623
700    -31223.3440623
701    -31553.5725123
702    -31869.4011873
703    -32172.2014673
704    -32469.9413873
705    -32759.8973273
706    -33041.9976123
707    -33319.1739123
708    -33591.2497273
709    -33861.5842723
710    -34124.0768223
711    -34381.3448423
712    -34638.5981773
713    -34893.6457973
714    -35138.3871623
715    -35374.9265323
716    -35605.2288823
717    -35835.4024123
718    -36065.5764973
719    -36293.7347173
720    -36512.9077673
721    -36727.8456973
722    -36931.6596673
723    -37122.8985073
724    -37306.9839273
725    -37478.3486673
726    -37636.6855473
727    -37791.3660123
728    -37936.7237773
729    -38078.8873573
730    -38218.1829573
731    -38344.2993073
732    -38457.9505273
733    -38565.4203823
734    -38667.6718723
735    -38769.2192673
736    -38870.7653223
737    -38972.3131723
738    -39073.8588373
739    -39175.4062423
740    -39276.9535273
741    -39378.4993573
742    -39480.0463123
743    -39581.5936073
744    -39683.1403073
745    -39782.7420423
746    -39877.7161973
747    -39972.4934823
748    -40063.5864323
749    -40135.2001873
750    -40192.1403173
751    -40246.2979673
752    -40300.0515923
753    -40346.7302178
754    -40379.3713213
755    -40406.4563108
756    -40430.2398348
757    -40450.5496283
758    -40470.8588943
759    -40491.1678903
760    -40511.4778643
761    -40531.7871813
762    -40552.0956908
763    -40572.4055698
764    -40592.7152503
765    -40613.0242718
766    -40633.3340408
767    -40652.7691718
768    -40667.1282158
769    -40680.6683658
770    -40694.1973718
771    -40703.9994458
772    -40710.7691598
773    -40717.5386293
774    -40724.3089928
775    -40731.0782023
776    -40737.8481778
777    -40742.8564773
778    -40743.1188009
779    -40743.1188007
780    -40743.1188008
781    -40743.1188008
782    -40743.1188008
783    -40743.1188006
784    -40743.1188005
785    -40743.1188001
786    -40743.1188001
787    -40743.1188
788    -40743.1188002
789    -40743.1187998
790    -40743.1188001
791    -40743.1188003
792    -40743.1188005
793    -40743.1188006
794    -40743.1188004
795    -40743.1188006
796    -40743.1188006
797    -40743.1188005
798    -40743.1188005
799    -40743.1188006
800    -40743.1188005
801    -40743.1188004
802    -40743.1188006
803    -40743.1188008
804    -40743.1188007
805    -40743.1188005
806    -40743.1188004
807    -40743.1188005
808    -40743.1188004
809    -40743.1188007
810    -40743.1188003
811    -40743.1188002
812    -40743.1188004
813    -40743.1188003
814    -40743.1188005
815    -40743.1188006
816    -40743.1188008
817    -40743.1188008
818    -40743.1188009
819    -40743.118801
820    -40743.1188009
821    -40743.1188008
822    -40743.1188009
823    -40743.1188012
824    -40743.1188014
825    -40743.1188017
826    -40743.1188017
827    -40743.1188018
828    -40743.1188018
829    -40743.1188021
830    -40743.1188022
831    -40743.118802
832    -40743.1188021
833    -40743.1188024
834    -40743.1188023
835    -40743.118802
836    -40743.1188019
837    -40743.1188018
838    -40743.1188019
839    -40743.1188019
840    -40743.1188021
841    -40743.1188022
842    -40743.1188021
843    -40743.1188023
844    -40743.1188024
845    -40743.1188023
846    -40743.118802
847    -40743.1188024
848    -40743.1188021
849    -40743.1188021
850    -40743.118802
851    -40743.1188019
852    -40743.118802
853    -40743.1188019
854    -40743.118802
855    -40743.1188021
856    -40743.1188024
857    -40743.1188021
858    -40743.1188023
859    -40743.1188019
860    -40743.1188018
861    -40743.1188018
862    -40743.1188017
863    -40743.118802
864    -40743.1188021
865    -40743.1188022
866    -40743.118802
867    -40743.118802
868    -40743.1188022
869    -40743.118802
870    -40743.118802
871    -40743.1188019
872    -40743.1188019
873    -40743.1188018
874    -40743.1188016
875    -40743.1188017
876    -40743.1188016
877    -40743.1188016
878    -40743.1188018
879    -40743.1188016
880    -40743.1188017
881    -40743.1188018
882    -40743.1188017
883    -40743.1188017
884    -40743.1188017
885    -40743.1188015
886    -40743.1188016
887    -40743.1188015
888    -40743.1188015
889    -40743.1188016
890    -40743.1188013
891    -40743.1188011
892    -40743.1188011
893    -40743.118801
894    -40743.1188012
895    -40743.1188011
896    -40743.1188011
897    -40743.118801
898    -40743.1188009
899    -40743.1188009
900    -40743.118801
901    -40743.1188012
902    -40743.118801
903    -40743.1188007
904    -40743.1188005
905    -40743.1188003
906    -40743.1188003
907    -40743.1188005
908    -40743.1188008
909    -40743.1188007
910    -40743.1188007
911    -40743.1188004
912    -40743.1188006
913    -40743.1188007
914    -40743.1188007
915    -40743.1188006
916    -40743.1188007
917    -40743.1188005
918    -40743.1188004
919    -40743.1188
920    -40743.1187998
921    -40743.1187997
922    -40743.1187998
923    -40743.1187997
924    -40743.1187997
925    -40743.1187998
926    -40743.1187997
927    -40743.1187995
928    -40743.1187996
929    -40743.1187994
930    -40743.1187993
931    -40743.1187992
932    -40743.1187992
933    -40743.1187992
934    -40743.1187991
935    -40743.1187991
936    -40743.118799
937    -40743.118799
938    -40743.1187988
939    -40743.1187989
940    -40743.1187988
941    -40743.1187988
942    -40743.1187987
943    -40743.1187989
944    -40743.1187986
945    -40743.1187988
946    -40743.1187989
947    -40743.1187988
948    -40743.1187989
949    -40743.1187988
950    -40743.1187989
951    -40743.1187986
952    -40743.1187987
953    -40743.118799
954    -40743.1187993
955    -40743.1187992
956    -40743.118799
957    -40743.1187988
958    -40743.1187988
959    -40743.1187986
960    -40743.1187987
961    -40743.1187989
962    -40743.1187989
963    -40743.1187988
964    -40743.1187989
965    -40743.118799
966    -40743.1187993
967    -40743.1187995
968    -40743.1187996
969    -40743.1187995
970    -40743.1187999
971    -40743.1188003
972    -40743.1188004
973    -40743.1188006
974    -40743.1188004
975    -40743.1188006
976    -40743.1188007
977    -40743.1188009
978    -40743.1188008
979    -40743.1188008
980    -40743.1188007
981    -40743.1188008
982    -40743.1188008
983    -40743.1188007
984    -40743.1188008
985    -40743.1188008
986    -40743.118801
987    -40743.1188012
988    -40743.1188012
989    -40743.1188012
990    -40743.118801
991    -40743.1188009
992    -40743.118801
993    -40743.118801
994    -40743.1188009
995    -40743.1188011
996    -40743.1188008
997    -40743.1188007
998    -40743.1188009
999    -40743.1188009
1000    -40743.1188009
1001    -40743.1188009
1002    -40743.1188008
1003    -40743.1188008
1004    -40743.1188011
1005    -40743.1188012
1006    -40743.1188013
1007    -40743.1188015
1008    -40743.1188011
1009    -40743.1188013
1010    -40743.1188014
1011    -40743.1188014
1012    -40743.1188013
1013    -40743.1188012
1014    -40743.1188013
1015    -40743.1188015
1016    -40743.1188013
1017    -40743.1188015
1018    -40743.1188018
1019    -40743.1188019
1020    -40743.118802
1021    -40743.118802
1022    -40743.1188017
1023    -40743.1188015
1024    -40743.1188015
