#x,Ay
1    -0
2    1.885853e-07
3    1.4504348e-07
4    -5.325072e-08
5    -2.1386552e-07
6    -3.0418742e-07
7    -3.3515127e-07
8    -4.7148872e-07
9    -5.1870772e-07
10    -5.3433499e-07
11    -6.6935854e-07
12    -9.7129969e-07
13    -9.46515825e-07
14    -7.23920275e-07
15    -8.87541475e-07
16    -1.211286975e-06
17    -1.298818275e-06
18    -9.75703575e-07
19    -1.383745025e-06
20    -1.318189575e-06
21    -1.319491846e-06
22    -1.400325746e-06
23    -1.407999851e-06
24    -1.385814711e-06
25    -1.567946811e-06
26    -1.732312161e-06
27    -1.672116961e-06
28    -1.566656161e-06
29    -1.816878461e-06
30    -1.843423886e-06
31    -1.517716236e-06
32    -1.655931486e-06
33    -1.414400686e-06
34    -1.148551086e-06
35    -1.311502286e-06
36    -1.051123386e-06
37    -7.45600986e-07
38    -6.67511136e-07
39    -4.37613536e-07
40    -6.36631536e-07
41    -4.33093336e-07
42    -7.01591086e-07
43    -7.26031946e-07
44    -6.90007251e-07
45    -1.012645251e-06
46    -1.345806051e-06
47    -1.289622301e-06
48    -1.189816801e-06
49    -1.130144801e-06
50    -1.092524251e-06
51    -9.83226401e-07
52    -1.255305401e-06
53    -1.25514843046e-06
54    -1.21859324046e-06
55    -1.41909669046e-06
56    -1.38271446046e-06
57    -1.06044856046e-06
58    -8.27527860455e-07
59    -6.20559560455e-07
60    -6.10629735455e-07
61    -8.31829985455e-07
62    -1.10698153546e-06
63    -1.34713448546e-06
64    -1.17229098546e-06
65    -1.33619418546e-06
66    -1.24994188546e-06
67    -1.28389399046e-06
68    -9.60407190455e-07
69    -1.02961949046e-06
70    -9.25237140455e-07
71    -7.30686940455e-07
72    -6.08017540455e-07
73    -4.40024390455e-07
74    -1.43920190455e-07
75    2.5572909545e-08
76    2.15830409545e-07
77    2.24534994545e-07
78    2.78404894545e-07
79    2.6136144545e-08
80    -1.35299105455e-07
81    -3.51336755455e-07
82    -1.64681605455e-07
83    -1.24822770455e-07
84    -3.63301370455e-07
85    -3.69626690455e-07
86    -5.38253490455e-07
87    -6.38993540455e-07
88    -4.27327790455e-07
89    -1.32284640455e-07
90    1.22391009545e-07
91    -8.1379740455e-08
92    -2.03786790455e-07
93    -2.11158585455e-07
94    -6.7745835455e-08
95    -1.38347585455e-07
96    -6.01189135455e-07
97    -6.37083020455e-07
98    -5.51301670455e-07
99    -2.66330770455e-07
100    -3.42490470455e-07
101    -3.62303615455e-07
102    -3.28246870455e-07
103    -2.87585740455e-07
104    -3.50214840455e-07
105    -4.17026090455e-07
106    -4.68388090455e-07
107    -4.00326890455e-07
108    -4.32186050455e-07
109    -4.56836205455e-07
110    -6.4980105455e-08
111    -1.62528455455e-07
112    -1.21134795455e-07
113    -2.15840245455e-07
114    -6.98704245455e-07
115    -7.23993910455e-07
116    -7.07994565455e-07
117    -5.83229315455e-07
118    -2.03646015455e-07
119    -3.39663715455e-07
120    -4.79236515455e-07
121    -2.65251065455e-07
122    -3.23254515455e-07
123    -2.50443515455e-07
124    -5.61881365455e-07
125    -3.95190515455e-07
126    -5.70485665455e-07
127    -6.81806715455e-07
128    -6.01368115455e-07
129    -8.09964265455e-07
130    -6.84806615455e-07
131    -6.65667860455e-07
132    -8.42683910455e-07
133    -9.78495210455e-07
134    -8.26745610455e-07
135    -1.05682341046e-06
136    -1.03428944546e-06
137    -1.10100764546e-06
138    -8.52017845455e-07
139    -1.03253374546e-06
140    -1.16531899546e-06
141    -9.06120295455e-07
142    -7.30592595455e-07
143    -6.77338945455e-07
144    -1.07419479546e-06
145    -1.25307554546e-06
146    -1.30844539545e-06
147    -1.14273124546e-06
148    -1.07468749545e-06
149    -9.58808495455e-07
150    -8.80090795455e-07
151    -8.48371160455e-07
152    -1.27195851046e-06
153    -9.80923910455e-07
154    -9.58930625455e-07
155    -1.06767037546e-06
156    -9.98196475455e-07
157    -1.19046477546e-06
158    -1.16554718546e-06
159    -1.05758648546e-06
160    -1.21316153546e-06
161    -1.02783623546e-06
162    -8.28844385455e-07
163    -6.32015235455e-07
164    -4.09640585455e-07
165    -1.65069185455e-07
166    -1.76824515455e-07
167    -1.21570965455e-07
168    -2.52984215455e-07
169    -2.08567065455e-07
170    -1.74940530455e-07
171    -2.68512280455e-07
172    -1.2359980455e-08
173    -4.08250780455e-07
174    -2.60547530455e-07
175    -4.9091080455e-08
176    -3.79576130455e-07
177    -6.01892630455e-07
178    -8.31790230455e-07
179    -8.80206855455e-07
180    -1.09601200546e-06
181    -1.19314175546e-06
182    -1.33706175545e-06
183    -1.42170945546e-06
184    -1.17488230545e-06
185    -9.73242305455e-07
186    -1.15881610545e-06
187    -1.17144931045e-06
188    -1.08696441046e-06
189    -1.32724531045e-06
190    -1.23417936045e-06
191    -1.45772836045e-06
192    -1.72629876046e-06
193    -1.87148386045e-06
194    -1.85508337045e-06
195    -1.65808562046e-06
196    -1.69892406046e-06
197    -1.55409276046e-06
198    -1.51179216545e-06
199    -1.42826071545e-06
200    -1.30383556545e-06
201    -1.37173976545e-06
202    -1.17988711545e-06
203    -1.17383503545e-06
204    -1.17488150095e-06
205    -1.21735651095e-06
206    -1.02550386095e-06
207    -9.57644710955e-07
208    -7.23003160955e-07
209    -1.11470806095e-06
210    -1.06239626095e-06
211    -9.80998410955e-07
212    -9.47807910955e-07
213    -1.02910691095e-06
214    -9.51947260955e-07
215    -1.40276606095e-06
216    -1.30607236095e-06
217    -1.53001671095e-06
218    -1.78962236095e-06
219    -1.86157291095e-06
220    -1.68697541095e-06
221    -1.89571106095e-06
222    -2.26695171095e-06
223    -2.06640176095e-06
224    -2.10603967595e-06
225    -2.05892531595e-06
226    -2.20652391596e-06
227    -2.12939916595e-06
228    -2.13823601596e-06
229    -2.50305831595e-06
230    -2.59057216595e-06
231    -2.57952610596e-06
232    -2.42953220596e-06
233    -2.33195480595e-06
234    -2.02587430595e-06
235    -2.25305105595e-06
236    -2.72640380595e-06
237    -2.89311790595e-06
238    -2.95441770595e-06
239    -2.78568040595e-06
240    -3.00018325595e-06
241    -2.82200450595e-06
242    -2.70324190595e-06
243    -2.63991890595e-06
244    -2.44276415595e-06
245    -2.50257565595e-06
246    -2.80015650595e-06
247    -2.76633812095e-06
248    -2.80538304096e-06
249    -3.00583994095e-06
250    -2.93891244095e-06
251    -3.08053454095e-06
252    -2.88078544095e-06
253    -3.12798464095e-06
254    -3.38741589095e-06
255    0.289478592584
256    5.36629259258
257    12.1363110926
258    18.9050635926
259    25.6761910926
260    32.4453685926
261    39.2146995926
262    45.9850145926
263    52.7549980926
264    59.5241410926
265    66.2936950926
266    73.0640660926
267    79.8346560926
268    87.4639825926
269    100.178542593
270    117.771704593
271    147.230687093
272    181.079063593
273    215.272730093
274    254.321895093
275    294.942167593
276    335.560686593
277    376.178898593
278    416.797404593
279    458.290639593
280    505.347054093
281    558.199609093
282    614.841699093
283    675.699599093
284    736.627984093
285    797.555774093
286    859.229894093
287    925.974759093
288    993.673369093
289    1061.36959909
290    1132.55228409
291    1210.14444909
292    1296.92564409
293    1391.60447909
294    1486.38128909
295    1581.15796909
296    1678.51713409
297    1780.00861909
298    1883.13094909
299    1998.96172409
300    2127.06168909
301    2263.04525409
302    2406.29732409
303    2563.45144409
304    2737.14578409
305    2913.16106409
306    3091.24217909
307    3280.14912409
308    3482.27197909
309    3691.34680909
310    3908.17663909
311    4139.59635909
312    4381.88917909
313    4630.47031909
314    4891.26953909
315    5155.29001909
316    5419.31225909
317    5683.33365909
318    5947.55744409
319    6219.45082409
320    6498.68476909
321    6785.02652409
322    7085.69448909
323    7393.08570909
324    7711.42836409
325    8036.90055909
326    8376.18288909
327    8736.40470909
328    9117.08948909
329    9523.37565909
330    9949.35216409
331    10390.0829941
332    10838.3076591
333    11297.8759491
334    11770.5488991
335    12261.7359741
336    12791.7494241
337    13346.8240741
338    13915.5065241
339    14506.0453741
340    15141.4864741
341    15832.9577741
342    16597.0371741
343    17459.0272741
344    18426.7275241
345    19558.7220741
346    20942.2912241
347    22668.7789741
348    24844.7317741
349    27785.8622741
350    32726.3693241
351    42034.7443241
352    49762.4288241
353    52325.3410741
354    52971.2460241
355    52869.8108291
356    53172.0916991
357    53417.7402691
358    53446.6691316
359    53208.8629066
360    53507.6391966
361    53766.5434866
362    53731.0297661
363    53776.1681471
364    54082.7931921
365    54223.1272921
366    54236.0149361
367    54162.2557111
368    54047.3669161
369    54305.5369361
370    54346.6482116
371    54049.6770316
372    53879.3138566
373    53826.2301366
374    53697.1847666
375    53854.3361616
376    53888.2252726
377    54200.0243626
378    54141.4246726
379    54229.0678676
380    54348.3931726
381    54212.1407776
382    54152.3259126
383    54086.1898126
384    54045.3492776
385    54170.0265626
386    54428.6640776
387    54657.6789326
388    54601.3074826
389    54453.8982076
390    54366.1307276
391    54228.8504726
392    54642.8533026
393    54548.7277876
394    54537.8126821
395    54673.7113171
396    54607.1242621
397    54792.1043121
398    54696.8629421
399    54436.9154221
400    54471.9137246
401    54526.2171446
402    54315.1943996
403    54445.2177296
404    54500.5255896
405    54693.4786896
406    54693.4161033
407    54331.4758483
408    54359.8585608
409    54507.2336258
410    54708.0058258
411    54910.0158958
412    54759.4369508
413    54563.8093058
414    54481.6797508
415    54594.1805158
416    54453.7340508
417    54619.6970808
418    54473.8622858
419    54476.4586215
420    54720.0048765
421    54780.1032465
422    54678.4518815
423    54669.451169
424    54638.7145725
425    54563.4280775
426    54518.6193375
427    54827.2715725
428    54771.5762575
429    55038.5374825
430    54963.0511925
431    54967.7765714
432    54933.4287444
433    54884.1762184
434    55157.8801534
435    55294.8331784
436    54963.9681084
437    54755.6032384
438    54915.0239734
439    55188.1752984
440    55076.5490984
441    55200.4245784
442    55179.5385699
443    55162.9314824
444    54970.8249474
445    54986.6271759
446    55014.7772149
447    54826.8177949
448    54723.8543299
449    54699.7020714
450    54764.4385814
451    55037.4195114
452    54957.9972214
453    54752.3401514
454    54741.2733544
455    54817.6411044
456    54761.5527994
457    54855.0408944
458    54709.5373544
459    54828.2781294
460    54881.6032994
461    55152.0111044
462    55162.3016599
463    55248.5865399
464    55334.7969149
465    55427.3028199
466    55267.0612399
467    55509.3512499
468    55630.9367699
469    55531.9472949
470    55494.2013774
471    55418.2524674
472    55145.8880074
473    55280.8767374
474    55269.7978394
475    55362.4036494
476    55422.7828894
477    55534.8708394
478    55773.5888944
479    55475.5507844
480    55251.8331444
481    55432.5469444
482    55509.4700944
483    55431.2394594
484    55595.5063544
485    55851.4101794
486    55601.8985294
487    55839.6689344
488    55882.9705204
489    56026.3874854
490    56051.3156234
491    56042.9003574
492    56001.7655144
493    56092.3481544
494    56105.6164784
495    56346.7872784
496    56127.6420034
497    56055.1305784
498    56187.7626434
499    56014.1601134
500    56172.3315384
501    56479.5443184
502    56309.0188784
503    56296.5997119
504    56373.7514419
505    56615.2925219
506    56649.4860039
507    56392.2330789
508    56139.2917239
509    56082.7530289
510    56436.8610739
511    56354.4637439
512    56520.3575889
513    56469.6938989
514    56503.9748689
515    56452.6713839
516    56736.2323439
517    56583.5438289
518    56586.1528319
519    56877.6328369
520    56853.4720384
521    56841.4929484
522    56677.8239584
523    56511.5581634
524    56692.5670384
525    56643.6838639
526    56622.5132439
527    56501.3027739
528    56591.6680289
529    56541.2982739
530    56777.0335389
531    56937.6573989
532    57027.8049339
533    56956.1477189
534    56929.7748139
535    56878.0509339
536    56835.3463964
537    56659.2665464
538    56648.9057459
539    56810.7251359
540    57202.1376659
541    57018.5777209
542    57079.3886209
543    57318.2347559
544    57244.3735359
545    56996.5845809
546    56849.6229759
547    56888.1433164
548    57011.8589914
549    56993.7946614
550    56661.1418314
551    56759.1061614
552    56971.0195414
553    56887.8750714
554    56862.1997254
555    56893.2832994
556    56980.5215144
557    56796.3673394
558    56625.8825944
559    56886.8026494
560    56729.4502344
561    56828.8163194
562    56788.7051514
563    56734.8733314
564    56670.6728314
565    56363.3251514
566    56363.5905121
567    56001.1188421
568    56112.6325121
569    56176.8099521
570    56335.9015321
571    56534.0509571
572    56194.6553921
573    56538.2647771
574    56363.7519521
575    56264.0586221
576    56180.9470171
577    56103.2336471
578    56112.3181631
579    56069.7293016
580    56194.9660766
581    56105.7262166
582    56186.2434866
583    56459.0346916
584    56378.0566616
585    56356.2474966
586    56322.9672456
587    56293.1069421
588    55981.9589521
589    56285.9793071
590    56059.0599221
591    55900.2728521
592    56095.4109021
593    56056.6715406
594    56190.0125606
595    55911.7655856
596    56171.0339906
597    56279.8876256
598    56302.4058566
599    56320.0667871
600    56360.5187011
601    56419.6144211
602    56350.1032561
603    56445.4306711
604    56323.4683061
605    56124.9358011
606    56222.4340261
607    56485.2924511
608    56355.5642561
609    56103.8996461
610    56117.1739616
611    56303.4048466
612    56187.5533866
613    56081.6259016
614    56217.6806266
615    56121.3706316
616    56369.4875316
617    56394.3491636
618    56348.6128076
619    56545.2740576
620    56309.9599626
621    56300.9819901
622    56119.9597801
623    56251.6628601
624    56083.4015151
625    56041.6106261
626    56318.8567411
627    56195.9841461
628    55963.2634161
629    55976.7633586
630    56072.6131486
631    56080.5419881
632    56314.5192731
633    56265.2097666
634    56390.8038766
635    56314.9880166
636    56275.6433101
637    56414.6718301
638    56505.4185951
639    56549.1996486
640    56598.0830126
641    56416.3821376
642    56282.6945776
643    56492.0206976
644    56329.1353826
645    56446.2265676
646    56683.7089426
647    56743.3126726
648    56407.2540176
649    56061.2253726
650    55838.7640326
651    55682.2496576
652    55561.0877226
653    55297.0805726
654    55694.4773176
655    55783.1267776
656    55919.0402076
657    55931.9928376
658    55926.2399066
659    55839.1343116
660    55561.8217566
661    55838.3546966
662    55482.4308516
663    55304.9104366
664    55190.2822466
665    55270.8910466
666    54917.4492566
667    55081.2912016
668    55106.2310391
669    54958.7336391
670    54885.2237891
671    55328.5389091
672    54756.4411591
673    52200.0317091
674    43844.8687091
675    34382.0557091
676    29026.9512091
677    25859.2722591
678    23545.8547591
679    21711.6114091
680    20182.2484091
681    18884.3511591
682    17782.4368591
683    16821.2541591
684    15973.2929591
685    15226.2658591
686    14550.4695591
687    13915.4708591
688    13318.8060591
689    12755.3551591
690    12225.3263091
691    11728.9341991
692    11271.8997341
693    10844.9867191
694    10443.3267341
695    10067.9404591
696    9702.30405413
697    9340.58064413
698    8986.37220413
699    8639.12896913
700    8296.01456413
701    7963.60638913
702    7647.78430913
703    7355.21759913
704    7076.42538913
705    6804.02604913
706    6533.23342913
707    6262.44359413
708    5991.64922913
709    5721.08233913
710    5455.21359913
711    5197.05604913
712    4947.51699913
713    4703.49427413
714    4465.19251913
715    4233.57827913
716    4005.01981913
717    3787.26750913
718    3580.06071913
719    3377.67983913
720    3192.42961913
721    3028.03334913
722    2877.06743413
723    2737.17432913
724    2601.69098913
725    2466.85989413
726    2345.62948413
727    2230.54204413
728    2117.10838413
729    2011.58749913
730    1910.03086413
731    1808.48649913
732    1706.93866413
733    1605.39285413
734    1507.34767913
735    1418.13465913
736    1330.14086413
737    1251.31343413
738    1191.44749413
739    1140.82493913
740    1095.61569763
741    1059.44156113
742    1030.98628313
743    1004.88029913
744    983.843838128
745    963.533732628
746    943.226138628
747    922.915158628
748    902.606299628
749    882.296791628
750    862.035579628
751    845.868895628
752    832.328450128
753    818.789460128
754    805.547058628
755    797.102175628
756    790.331832628
757    783.562075628
758    776.792580128
759    773.169467828
760    773.165332605
761    773.165332435
762    773.165332269
763    773.165332463
764    773.165332179
765    773.165332141
766    773.165332334
767    773.165332347
768    773.165332194
769    773.16533217
770    773.165331832
771    773.165331864
772    773.165331959
773    773.165332008
774    773.165331916
775    773.165332023
776    773.165332135
777    773.165332114
778    773.165331992
779    773.165332252
780    773.165332284
781    773.165332179
782    773.165331921
783    773.165332155
784    773.165332384
785    773.165332454
786    773.165332818
787    773.165332852
788    773.165332754
789    773.165332826
790    773.16533286
791    773.16533305
792    773.165333095
793    773.165332974
794    773.165333027
795    773.165332775
796    773.165332829
797    773.165333167
798    773.165333122
799    773.165333035
800    773.165333454
801    773.165333557
802    773.165333699
803    773.165333682
804    773.165333518
805    773.165333673
806    773.165333347
807    773.165333082
808    773.165333122
809    773.165333001
810    773.165333067
811    773.165333079
812    773.165333315
813    773.165333335
814    773.165333271
815    773.16533346
816    773.165333238
817    773.165332878
818    773.165333156
819    773.165333461
820    773.16533353
821    773.165333507
822    773.16533361
823    773.165333603
824    773.165334071
825    773.165334307
826    773.165334126
827    773.165334172
828    773.165334418
829    773.165334206
830    773.165334128
831    773.165334307
832    773.165334254
833    773.165334302
834    773.165334859
835    773.165335068
836    773.16533502
837    773.165335354
838    773.16533507
839    773.16533549
840    773.165335514
841    773.165335509
842    773.165335505
843    773.165335208
844    773.165335295
845    773.165335459
846    773.16533535
847    773.165335061
848    773.16533498
849    773.165334826
850    773.165335195
851    773.165335135
852    773.165334956
853    773.165334975
854    773.165334912
855    773.165334724
856    773.165334722
857    773.165334808
858    773.165334589
859    773.165334352
860    773.165334279
861    773.165334322
862    773.165334135
863    773.16533383
864    773.165333681
865    773.16533369
866    773.165333783
867    773.165333864
868    773.165334048
869    773.165334113
870    773.165334187
871    773.165334153
872    773.165334109
873    773.165334039
874    773.165334051
875    773.165334201
876    773.165334117
877    773.165334277
878    773.165334225
879    773.165334076
880    773.165333715
881    773.165333818
882    773.165334107
883    773.165334031
884    773.165333905
885    773.165333721
886    773.16533347
887    773.165333428
888    773.165333516
889    773.165333548
890    773.165333667
891    773.165333604
892    773.165333637
893    773.165333648
894    773.165333497
895    773.165333725
896    773.165333633
897    773.165333817
898    773.16533391
899    773.165333781
900    773.165334141
901    773.165334072
902    773.165333996
903    773.165333898
904    773.165333943
905    773.165333812
906    773.165333933
907    773.165334263
908    773.165334499
909    773.16533435
910    773.165334158
911    773.16533447
912    773.165334486
913    773.165334659
914    773.165334727
915    773.165334698
916    773.165334596
917    773.165334333
918    773.16533416
919    773.16533415
920    773.165334063
921    773.165333967
922    773.165334085
923    773.165333992
924    773.16533398
925    773.165334361
926    773.16533413
927    773.165334329
928    773.165334127
929    773.165334337
930    773.165334727
931    773.165334816
932    773.165334621
933    773.165334915
934    773.165334753
935    773.165335001
936    773.165334857
937    773.165334835
938    773.165335053
939    773.165334817
940    773.165335064
941    773.165335241
942    773.165335403
943    773.165335344
944    773.165335392
945    773.165335175
946    773.165335213
947    773.165335298
948    773.165335347
949    773.165335313
950    773.165335162
951    773.165335182
952    773.165335424
953    773.165335591
954    773.165335529
955    773.165335656
956    773.165335417
957    773.165335402
958    773.165335534
959    773.165335721
960    773.16533577
961    773.165335863
962    773.165335933
963    773.165335894
964    773.165335936
965    773.165336055
966    773.165335865
967    773.165336124
968    773.165335997
969    773.165336085
970    773.165336078
971    773.165336189
972    773.165336316
973    773.165336195
974    773.165336431
975    773.165336543
976    773.165336815
977    773.165336591
978    773.165336431
979    773.165336277
980    773.165336449
981    773.165336259
982    773.165336153
983    773.165336035
984    773.165336088
985    773.165336083
986    773.165336232
987    773.165336058
988    773.165336481
989    773.165336224
990    773.165336066
991    773.16533571
992    773.16533567
993    773.165335623
994    773.165335617
995    773.165335309
996    773.165335237
997    773.165335087
998    773.165335127
999    773.165334745
1000    773.165334832
1001    773.165334992
1002    773.165334529
1003    773.165334483
1004    773.165334465
1005    773.165334177
1006    773.165333959
1007    773.165334422
1008    773.165334001
1009    773.165334084
1010    773.165334039
1011    773.165334345
1012    773.165334432
1013    773.165334464
1014    773.165334586
1015    773.165334551
1016    773.165334584
1017    773.165334614
1018    773.16533471
1019    773.16533443
1020    773.165334832
1021    773.165334952
1022    773.165334994
1023    773.165334846
1024    773.165334652
