#x,Ay
1    -0
2    1.5358675e-07
3    2.4712945e-07
4    1.507613e-07
5    2.784189e-07
6    4.0869265e-07
7    2.970228e-07
8    4.778875e-07
9    4.9825876e-07
10    3.9212356e-07
11    3.1608016e-07
12    2.5488501e-07
13    1.5579606e-07
14    5.754426e-08
15    -1.24694e-09
16    6.872696e-08
17    7.04943305e-08
18    1.992158305e-07
19    4.395083305e-07
20    4.741115705e-07
21    4.526240705e-07
22    6.884283705e-07
23    8.136093205e-07
24    7.200317205e-07
25    5.100831705e-07
26    4.379582205e-07
27    5.927425705e-07
28    9.138689705e-07
29    8.824283905e-07
30    9.321007805e-07
31    8.165706305e-07
32    1.0741473305e-06
33    1.1475861805e-06
34    1.2525063305e-06
35    1.0540725805e-06
36    1.1870438805e-06
37    1.1288253305e-06
38    9.662738305e-07
39    9.957086705e-07
40    9.94871494e-07
41    6.51769244e-07
42    6.06236219e-07
43    4.31499169e-07
44    5.53598819e-07
45    5.30902069e-07
46    4.23057619e-07
47    4.80357619e-07
48    1.22509619e-07
49    1.36183479e-07
50    5.66605579e-07
51    6.96832829e-07
52    5.99674029e-07
53    6.53962529e-07
54    8.51814879e-07
55    9.17312179e-07
56    1.040231579e-06
57    9.20259729e-07
58    8.70959419e-07
59    9.07867339e-07
60    9.51446949e-07
61    9.07849894e-07
62    7.77988944e-07
63    6.87922844e-07
64    5.29045644e-07
65    4.31979844e-07
66    4.43607279e-07
67    3.93283779e-07
68    3.06944279e-07
69    3.81173829e-07
70    7.05346629e-07
71    9.26221329e-07
72    8.23946429e-07
73    1.043239779e-06
74    1.085306374e-06
75    1.054005329e-06
76    1.231532929e-06
77    1.085576679e-06
78    1.248965329e-06
79    9.41838329e-07
80    1.103343379e-06
81    1.145899779e-06
82    1.022753629e-06
83    8.98340129e-07
84    1.240419179e-06
85    1.245721284e-06
86    9.63011934e-07
87    9.51175209e-07
88    9.67337339e-07
89    1.195002439e-06
90    1.512198789e-06
91    1.069914539e-06
92    1.263767089e-06
93    1.526716089e-06
94    1.735684289e-06
95    1.581365039e-06
96    1.602428134e-06
97    1.690378034e-06
98    1.460480434e-06
99    1.330113684e-06
100    1.546552534e-06
101    1.464102434e-06
102    1.149696684e-06
103    9.71936534e-07
104    1.085577234e-06
105    1.073159139e-06
106    8.86934189e-07
107    6.63431689e-07
108    8.37575739e-07
109    8.92875789e-07
110    8.67807049e-07
111    7.66508849e-07
112    4.83601799e-07
113    3.95494949e-07
114    3.41055299e-07
115    4.15156899e-07
116    5.35076399e-07
117    7.51462899e-07
118    7.41974919e-07
119    7.15510884e-07
120    9.34798434e-07
121    1.047026384e-06
122    1.218972834e-06
123    1.118953684e-06
124    1.042956784e-06
125    8.86335284e-07
126    8.49546089e-07
127    1.038468589e-06
128    1.065211684e-06
129    1.241088184e-06
130    1.362897184e-06
131    1.531425184e-06
132    1.438382484e-06
133    1.352801684e-06
134    1.434135584e-06
135    1.491046034e-06
136    1.430746184e-06
137    1.542218484e-06
138    1.515475389e-06
139    1.646283989e-06
140    1.787580539e-06
141    1.768418529e-06
142    1.515545129e-06
143    1.565666629e-06
144    1.632338329e-06
145    1.478687629e-06
146    1.091819729e-06
147    1.176746479e-06
148    1.220134239e-06
149    1.071256589e-06
150    1.140346789e-06
151    1.296224139e-06
152    1.122975389e-06
153    8.82427089e-07
154    8.82659639575e-07
155    1.06544573957e-06
156    1.28511698957e-06
157    1.41929753958e-06
158    1.22409623958e-06
159    1.17716792458e-06
160    1.23062502458e-06
161    7.68353224575e-07
162    1.01527337458e-06
163    1.42826232457e-06
164    1.18441182458e-06
165    1.40765852457e-06
166    1.46281907457e-06
167    1.95456637457e-06
168    1.95605468657e-06
169    1.93205567157e-06
170    1.87066282157e-06
171    1.66781067157e-06
172    1.34940507157e-06
173    1.32564441657e-06
174    1.79706701657e-06
175    1.63169006657e-06
176    1.65803782157e-06
177    1.74901082157e-06
178    1.78023047657e-06
179    1.98691967657e-06
180    2.37318297657e-06
181    2.30948792657e-06
182    2.45684237657e-06
183    2.55052167657e-06
184    2.73527572657e-06
185    2.54072552657e-06
186    2.45214777657e-06
187    2.41187034657e-06
188    2.36045384657e-06
189    2.40440554157e-06
190    2.15927604157e-06
191    1.98905044157e-06
192    1.79231429157e-06
193    2.08895334157e-06
194    2.35119844157e-06
195    2.53486534157e-06
196    2.59872319157e-06
197    2.68504524157e-06
198    2.95951659157e-06
199    2.86124154157e-06
200    3.04932689157e-06
201    3.15428189157e-06
202    3.43668894157e-06
203    3.51881929157e-06
204    3.88619964157e-06
205    3.69206804157e-06
206    3.67690005657e-06
207    3.81028995658e-06
208    3.58125280658e-06
209    3.47288515658e-06
210    3.49233785158e-06
211    3.31278485157e-06
212    3.25308380158e-06
213    3.26051373158e-06
214    3.65667193157e-06
215    3.80571233158e-06
216    3.81371200657e-06
217    4.13183855657e-06
218    3.87184340657e-06
219    4.00700065657e-06
220    4.18099355658e-06
221    4.51391020657e-06
222    4.44475025658e-06
223    4.27958255658e-06
224    4.45241850657e-06
225    4.85226265658e-06
226    4.77721920658e-06
227    4.93205590658e-06
228    5.21971240658e-06
229    5.20923027658e-06
230    5.36657122658e-06
231    5.38061716158e-06
232    5.37955324808e-06
233    5.49392064808e-06
234    5.47338660808e-06
235    5.60194240808e-06
236    5.88918645808e-06
237    6.16193690808e-06
238    6.22698075808e-06
239    6.28148250808e-06
240    6.18592825808e-06
241    6.36396750808e-06
242    6.56197100808e-06
243    6.62087555808e-06
244    6.22396155808e-06
245    6.50238040808e-06
246    6.37544955808e-06
247    6.33828247808e-06
248    6.44783612808e-06
249    6.46409126308e-06
250    6.36930446308e-06
251    6.27256421308e-06
252    6.02308606307e-06
253    6.30299321307e-06
254    5.93649656307e-06
255    5.94470553307e-06
256    5.92168322307e-06
257    5.99598252307e-06
258    5.82224542307e-06
259    5.69632037308e-06
260    5.70813384808e-06
261    6.14332534807e-06
262    6.31303934808e-06
263    6.35284005807e-06
264    6.32236455307e-06
265    6.03935285307e-06
266    6.34522405308e-06
267    5.99728480307e-06
268    5.78985140307e-06
269    6.01957455307e-06
270    6.36303145307e-06
271    6.34878493307e-06
272    6.28855483307e-06
273    6.14463048307e-06
274    6.00807793307e-06
275    5.74594908307e-06
276    5.76184957807e-06
277    6.08978967807e-06
278    6.30410652807e-06
279    6.46459487807e-06
280    6.59897312807e-06
281    6.55579756307e-06
282    6.88015641307e-06
283    0.848880880156
284    6.77474288016
285    13.5453138802
286    20.3149038802
287    27.0841763802
288    33.8548788802
289    40.6232493802
290    47.3948263802
291    54.2402323802
292    66.0414803802
293    87.7748053802
294    120.42567788
295    154.32421488
296    192.33671038
297    232.95407488
298    274.29726588
299    320.70596488
300    374.88127488
301    435.80811988
302    496.73586988
303    557.66453488
304    620.97279488
305    695.48505488
306    782.00843488
307    870.09888488
308    966.14591488
309    1073.86583988
310    1193.43058988
311    1329.93756988
312    1475.79281988
313    1640.35889488
314    1824.92008988
315    2024.22284988
316    2241.86724988
317    2466.51982488
318    2696.97943988
319    2937.69339488
320    3181.45888988
321    3430.46150988
322    3687.08205488
323    3945.98253488
324    4214.96873988
325    4501.58025488
326    4827.81721488
327    5160.49015488
328    5502.85713988
329    5862.79395988
330    6228.35990988
331    6597.77888488
332    6983.57665988
333    7406.85631488
334    7866.88683988
335    8359.61761988
336    8875.65841988
337    9419.89761988
338    10010.8242699
339    10656.1265699
340    11351.2671699
341    12091.6622699
342    12901.2750199
343    13791.1528199
344    14796.5704199
345    15906.9752199
346    17191.2713699
347    18721.3192199
348    20635.6488699
349    23230.0503699
350    27126.2510699
351    35068.8225699
352    47952.2065699
353    50764.1171199
354    51053.6440449
355    51025.1918414
356    50917.2254264
357    50654.1698414
358    51109.4499514
359    51063.6784314
360    50861.2684664
361    50787.6136064
362    50826.3262104
363    51089.6343554
364    51174.5683504
365    51607.5164504
366    51689.1548104
367    51398.7980354
368    51863.6584804
369    51594.0044454
370    51325.0996304
371    51105.3964154
372    50995.9198054
373    50769.1516854
374    50792.9140534
375    51221.7549334
376    51305.0254734
377    51124.9445284
378    50961.2638134
379    50838.2222384
380    50758.9891484
381    51012.1302434
382    50918.2977134
383    50922.8261262
384    50904.5325597
385    50916.1690882
386    50875.8340737
387    51078.9224187
388    51044.6925282
389    50821.7137832
390    50828.2535432
391    50752.6383332
392    50810.6771782
393    50712.4369632
394    50710.809823
395    50650.753228
396    50597.163623
397    50662.707773
398    50783.001663
399    50509.517168
400    50416.344728
401    50604.532848
402    50404.063303
403    50290.117223
404    50523.141613
405    50497.9753335
406    50595.9765585
407    50496.8221885
408    50663.5635885
409    50500.4273135
410    50666.5039135
411    50646.352423
412    50516.980498
413    50640.264218
414    50371.557423
415    50640.473608
416    50601.1385425
417    50578.854439
418    50366.367619
419    50506.221269
420    50515.8207965
421    50700.7750415
422    50698.2829817
423    50944.6623767
424    50895.6689432
425    50812.9475132
426    50452.9673982
427    50694.7748832
428    50629.3531682
429    50738.5726682
430    50909.8844482
431    50684.7508982
432    50722.5357277
433    50717.5862157
434    50793.9966407
435    50814.3642567
436    50867.8228117
437    50659.1329017
438    50823.7466067
439    50865.6651117
440    51120.1020167
441    51127.3226742
442    50811.5172042
443    50775.4460057
444    50968.8128207
445    50829.0532657
446    50866.9510677
447    50599.1453127
448    50754.9738527
449    50739.2103467
450    50886.6963317
451    50716.5030767
452    50813.5741417
453    51126.2837317
454    50836.8076167
455    50762.5019017
456    50628.9128567
457    50714.5122017
458    50765.4354717
459    50834.2994117
460    50803.7617812
461    51166.1636562
462    51154.1536697
463    51199.7210552
464    51151.6992442
465    51083.5323992
466    51315.5865692
467    51023.5768742
468    50873.5090592
469    50879.0891377
470    51015.0627377
471    50925.4140777
472    50957.6660662
473    50917.0944592
474    50994.3382392
475    50714.4308492
476    50658.4706092
477    50754.5240392
478    50970.0185542
479    50929.5710047
480    50914.5869392
481    50947.4992747
482    50936.3222957
483    50905.9340947
484    50956.9137897
485    50884.5298097
486    50972.8386047
487    50991.4749617
488    51167.0799017
489    51056.5032017
490    51072.8648387
491    50741.0860737
492    51075.6128037
493    51083.3179322
494    51033.3043272
495    51006.2203002
496    50877.1752252
497    50700.8081802
498    50879.5923152
499    51029.5800402
500    50846.8848602
501    51153.8894402
502    51002.8270552
503    50732.8479202
504    50894.0931152
505    51054.1116502
506    50978.4919302
507    50958.2701587
508    50975.5740037
509    50992.3446442
510    50709.7520792
511    50645.9763142
512    50745.5560042
513    50789.7802242
514    50785.1631451
515    50754.9937551
516    50818.1119551
517    50881.8251351
518    51089.3031601
519    51030.0540951
520    50791.1418101
521    50930.0111601
522    50782.1057551
523    51006.9512901
524    50819.3070801
525    50967.1584051
526    50961.5488721
527    50923.0773201
528    50809.2878201
529    50779.9048926
530    50859.7817876
531    51003.6543426
532    50979.0431731
533    50875.9760781
534    50833.4496986
535    50715.6838736
536    50791.2118836
537    50888.3548336
538    50800.5964136
539    50573.6686336
540    50428.0270086
541    50742.0418736
542    50747.1867111
543    50839.0336011
544    50955.5081511
545    51016.1797511
546    50991.3513761
547    50899.4647111
548    50611.0123261
549    50419.7225111
550    50654.1636261
551    50757.2172361
552    50691.6601961
553    50875.8132861
554    50724.9964761
555    50681.8124351
556    50588.4416251
557    50340.1664751
558    50595.0577701
559    50798.7168301
560    50863.6180451
561    50906.5963491
562    50762.9573791
563    50744.6888366
564    50857.5019016
565    50664.1643716
566    50629.1291281
567    50422.9254081
568    50758.3963881
569    50719.0859316
570    50648.9177466
571    50797.8204866
572    50991.4296216
573    51204.8567216
574    50720.4037966
575    50630.2327716
576    50561.3008066
577    50575.1375146
578    50348.9795996
579    50428.0665596
580    50450.8601571
581    50610.0811071
582    50726.4575071
583    50708.9339716
584    50831.2332716
585    50989.5019766
586    51042.6466416
587    50947.6946666
588    50741.3320216
589    50802.1731016
590    50846.5256441
591    50774.1627341
592    50706.5001691
593    50719.1651906
594    50971.5781606
595    50803.8706456
596    50957.3332356
597    51000.9422931
598    50920.7679981
599    50846.7013081
600    50768.8073081
601    50827.8023681
602    50883.9393331
603    50731.2256381
604    50968.8420531
605    51027.4842081
606    50767.7694431
607    50925.6490281
608    51019.0504031
609    50931.3170031
610    51099.9024831
611    51102.0699286
612    51112.8061616
613    51114.2775129
614    51219.9598929
615    51379.8413529
616    51205.2491679
617    51167.5227934
618    51172.3560059
619    51232.1694309
620    51265.6557974
621    51394.6813724
622    51440.1373569
623    51244.2743569
624    51227.7170719
625    51396.4316169
626    51345.9696219
627    51256.7084019
628    51213.0558194
629    51364.2919544
630    51410.8701609
631    51023.0378609
632    51164.5589509
633    51127.4257924
634    51219.1689124
635    51110.1618824
636    51361.0848074
637    51403.9238654
638    51218.3218154
639    51126.7051404
640    51376.8725804
641    51093.0694854
642    51170.6963154
643    51111.8653204
644    51157.1593904
645    51117.8507314
646    50921.7006414
647    50971.1898704
648    51098.5252754
649    51082.8388884
650    51044.5185659
651    50890.1764309
652    50654.7108659
653    50459.1090709
654    50481.9109219
655    50696.0428819
656    50993.0525469
657    51411.8631419
658    51264.9443919
659    51051.4930669
660    50984.1519269
661    51146.7144069
662    50872.1060969
663    50768.7219119
664    50425.4043269
665    50351.6061969
666    50602.3894069
667    50603.3127228
668    50839.3414278
669    50939.0530078
670    50537.9496678
671    50756.0913428
672    50955.8298328
673    48404.3909828
674    35603.1049828
675    27565.8234828
676    23642.8519328
677    21075.0901828
678    19124.0882328
679    17534.0691828
680    16173.5303328
681    15021.7216328
682    14046.4204328
683    13195.0235828
684    12415.3873328
685    11708.1842828
686    11087.1424328
687    10520.0962828
688    9989.23043278
689    9492.42167778
690    9012.02842278
691    8544.18768778
692    8099.76034278
693    7690.12216778
694    7297.80786278
695    6921.57826278
696    6560.61940778
697    6210.68346278
698    5866.91240778
699    5534.23981278
700    5214.44326278
701    4904.29868778
702    4612.25910778
703    4339.78268278
704    4068.99151278
705    3798.20089778
706    3532.44823778
707    3279.09118278
708    3034.56669778
709    2810.63157778
710    2606.31275778
711    2419.22705778
712    2249.50160778
713    2096.60421278
714    1955.40706278
715    1827.00918778
716    1711.19274778
717    1596.10649278
718    1484.61492778
719    1384.25291278
720    1300.64726278
721    1235.55691778
722    1183.71968278
723    1145.56423978
724    1111.71551028
725    1079.63727428
726    1056.62163778
727    1036.31055678
728    1016.00213078
729    995.81453678
730    980.04903678
731    966.51072128
732    953.74551928
733    946.05664578
734    939.39829778
735    937.13291683
736    937.132916372
737    937.132916365
738    937.132916219
739    937.132915991
740    937.132916222
741    937.132916154
742    937.132916486
743    937.132916319
744    937.132916531
745    937.132916313
746    937.132916318
747    937.132916212
748    937.132916159
749    937.132916037
750    937.132916073
751    937.132916336
752    937.132916446
753    937.132916337
754    937.132916508
755    937.132916704
756    937.132916716
757    937.132916507
758    937.13291653
759    937.132916529
760    937.132916639
761    937.132916758
762    937.132916904
763    937.132916748
764    937.132916272
765    937.132915944
766    937.132915758
767    937.132915762
768    937.132915726
769    937.132915713
770    937.132915955
771    937.132916262
772    937.132916283
773    937.132916441
774    937.132916655
775    937.132916978
776    937.132917017
777    937.1329169
778    937.132916815
779    937.132917002
780    937.132917084
781    937.132917027
782    937.132917181
783    937.132917535
784    937.132917511
785    937.132917437
786    937.132917495
787    937.132917614
788    937.132917803
789    937.132917905
790    937.132918139
791    937.132918495
792    937.132918665
793    937.132918724
794    937.132918607
795    937.13291843
796    937.132918527
797    937.132918759
798    937.132918665
799    937.132918498
800    937.132918439
801    937.132918869
802    937.132918604
803    937.132918844
804    937.132919059
805    937.132919326
806    937.132919005
807    937.132918924
808    937.132918971
809    937.132918969
810    937.13291892
811    937.132919002
812    937.132919097
813    937.132919087
814    937.132918887
815    937.132919019
816    937.132918767
817    937.132918999
818    937.132919029
819    937.132919224
820    937.13291928
821    937.132919055
822    937.132919161
823    937.132919308
824    937.132919372
825    937.132919358
826    937.132919048
827    937.132918919
828    937.132918784
829    937.132918942
830    937.132918699
831    937.132918825
832    937.132918973
833    937.132918852
834    937.132918979
835    937.132919226
836    937.132919192
837    937.132918826
838    937.132918945
839    937.132919148
840    937.132919214
841    937.132919405
842    937.132919299
843    937.132919384
844    937.132919157
845    937.132919351
846    937.132919214
847    937.132919051
848    937.132918946
849    937.132918879
850    937.132918891
851    937.132918925
852    937.132918789
853    937.132919042
854    937.132918961
855    937.132919071
856    937.13291916
857    937.132919374
858    937.132919473
859    937.132919544
860    937.132919371
861    937.13291912
862    937.132919239
863    937.132919057
864    937.132919188
865    937.132918942
866    937.132918725
867    937.132918736
868    937.132918349
869    937.132918194
870    937.13291817
871    937.132918339
872    937.132918082
873    937.132917951
874    937.132917826
875    937.132917664
876    937.132917658
877    937.132917683
878    937.132917599
879    937.132917489
880    937.132917209
881    937.132917231
882    937.132917029
883    937.132917103
884    937.13291766
885    937.132917359
886    937.132917282
887    937.13291723
888    937.132917185
889    937.132917056
890    937.132917003
891    937.13291724
892    937.132917475
893    937.132917664
894    937.132917643
895    937.132917724
896    937.132917686
897    937.132917595
898    937.13291761
899    937.132917479
900    937.13291763
901    937.132917761
902    937.132917869
903    937.132917989
904    937.132917975
905    937.132917739
906    937.132917956
907    937.132917851
908    937.132918151
909    937.132918203
910    937.13291799
911    937.132918285
912    937.132918227
913    937.13291832
914    937.132918441
915    937.132918662
916    937.132918685
917    937.132918652
918    937.132918485
919    937.132918458
920    937.132918551
921    937.132918525
922    937.132918884
923    937.132918909
924    937.132919175
925    937.132919364
926    937.132919566
927    937.132919466
928    937.132919646
929    937.132919152
930    937.13291907
931    937.132919128
932    937.132919129
933    937.132919304
934    937.132919257
935    937.132919174
936    937.132919004
937    937.132918753
938    937.132918677
939    937.132918656
940    937.132918518
941    937.132918489
942    937.132918736
943    937.132919158
944    937.132919497
945    937.132919422
946    937.132919263
947    937.132919396
948    937.132919271
949    937.132919262
950    937.132919195
951    937.132919156
952    937.132919199
953    937.132919413
954    937.132919313
955    937.132919339
956    937.132919335
957    937.132919085
958    937.132918962
959    937.132919259
960    937.132918967
961    937.132918914
962    937.132918823
963    937.13291917
964    937.132919448
965    937.132919164
966    937.132918945
967    937.13291887
968    937.132918683
969    937.13291869
970    937.132918903
971    937.132918644
972    937.132918589
973    937.132918346
974    937.132918354
975    937.132918334
976    937.132918406
977    937.132918478
978    937.132918301
979    937.132918563
980    937.132918748
981    937.132918783
982    937.132919118
983    937.132919127
984    937.132919094
985    937.132919153
986    937.132919117
987    937.132919564
988    937.132919496
989    937.132919573
990    937.132919346
991    937.132919554
992    937.132919297
993    937.132919134
994    937.132919055
995    937.132919027
996    937.132919049
997    937.132919457
998    937.132919321
999    937.132919308
1000    937.132919217
1001    937.132919146
1002    937.132919181
1003    937.132919075
1004    937.132918919
1005    937.132918732
1006    937.132918472
1007    937.132918072
1008    937.13291798
1009    937.132918289
1010    937.132918454
1011    937.132917976
1012    937.132917741
1013    937.132917728
1014    937.132917804
1015    937.132917897
1016    937.132917994
1017    937.132917954
1018    937.132917798
1019    937.132917844
1020    937.132917803
1021    937.132917649
1022    937.132917974
1023    937.132917801
1024    937.132917943
