#x,Ay
1    -0
2    -8.081065e-08
3    1.017611e-07
4    1.611482e-07
5    4.264145e-08
6    -3.27508e-08
7    2.0921895e-07
8    2.932882e-07
9    6.289489e-07
10    8.541955e-07
11    9.0470505e-07
12    8.9164163e-07
13    1.05205368e-06
14    1.18285068e-06
15    9.8319023e-07
16    8.4763763e-07
17    7.4296748e-07
18    7.4926955e-07
19    8.2725835e-07
20    7.6372605e-07
21    6.4275425e-07
22    4.6159885e-07
23    5.9105865e-07
24    6.5884655e-07
25    4.3432375e-07
26    4.31486656e-07
27    4.28219345e-07
28    5.50603895e-07
29    6.86202995e-07
30    6.11671145e-07
31    7.38216095e-07
32    6.55103195e-07
33    1.026646145e-06
34    1.01320483e-06
35    1.29636183e-06
36    1.322128215e-06
37    1.206016665e-06
38    1.130647665e-06
39    9.33847565e-07
40    8.02341315e-07
41    7.38093915e-07
42    7.29460545e-07
43    8.40171145e-07
44    9.44445945e-07
45    6.03599445e-07
46    5.92841165e-07
47    3.52664965e-07
48    2.73389115e-07
49    3.53757915e-07
50    1.86857765e-07
51    6.19223815e-07
52    3.99837415e-07
53    5.29413515e-07
54    5.4718023e-07
55    3.7802433e-07
56    5.9851533e-07
57    8.6608578e-07
58    8.2371542e-07
59    7.8169388e-07
60    5.6890608e-07
61    5.76859245e-07
62    8.62568495e-07
63    7.51549795e-07
64    8.04291845e-07
65    7.48458545e-07
66    3.80450295e-07
67    4.94433995e-07
68    4.31009245e-07
69    7.10428045e-07
70    7.57054045e-07
71    8.98373845e-07
72    7.14892995e-07
73    8.13694195e-07
74    6.60677195e-07
75    6.98838425e-07
76    4.99218675e-07
77    4.21942775e-07
78    2.26075775e-07
79    -8.5100425e-08
80    1.90516225e-07
81    3.85205925e-07
82    3.6467188e-07
83    3.94531125e-07
84    3.94717161715e-07
85    2.43793111715e-07
86    1.10054411715e-07
87    1.59936091715e-07
88    1.87237301715e-07
89    1.85609462215e-07
90    8.8078562215e-08
91    -2.74348487785e-07
92    -7.27283487785e-07
93    -8.75858787785e-07
94    -1.11003523778e-06
95    -1.33490978779e-06
96    -1.31305021778e-06
97    -1.24590181778e-06
98    -1.39580266779e-06
99    -1.54266876779e-06
100    -1.43217911779e-06
101    -1.42056331278e-06
102    -1.52237311278e-06
103    -1.47355533778e-06
104    -1.48239218778e-06
105    -1.44106539279e-06
106    -1.39317200278e-06
107    -1.39832004778e-06
108    -1.24832619778e-06
109    -1.11448284778e-06
110    -1.41474964778e-06
111    -1.57606864778e-06
112    -1.70668539779e-06
113    -1.83300579778e-06
114    -1.96594224778e-06
115    -1.79657704778e-06
116    -1.97895329778e-06
117    -2.03520099779e-06
118    -1.94041414778e-06
119    -2.16070749778e-06
120    -2.20642655778e-06
121    -1.92299630778e-06
122    -1.69235455778e-06
123    -1.90053210779e-06
124    -1.77987425778e-06
125    -1.51132710778e-06
126    -1.73873640778e-06
127    -1.41759835778e-06
128    -1.57647560778e-06
129    -1.50892020778e-06
130    -1.43615645778e-06
131    -1.65868225778e-06
132    -1.46351000778e-06
133    -1.38499285778e-06
134    -1.27129980778e-06
135    -1.13558440778e-06
136    -1.15581614278e-06
137    -1.35478474278e-06
138    -1.42961889278e-06
139    -1.80704534278e-06
140    -1.98022429278e-06
141    -2.10484709278e-06
142    -2.12809032778e-06
143    -2.16011227778e-06
144    -1.96970147778e-06
145    -1.80450472778e-06
146    -1.75016392778e-06
147    -1.74711754278e-06
148    -1.73948994278e-06
149    -1.71467700278e-06
150    -1.42969880278e-06
151    -1.56640250278e-06
152    -1.74202035278e-06
153    -1.77701891278e-06
154    -1.72660236278e-06
155    -1.60514221278e-06
156    -1.48647266278e-06
157    -1.58874756278e-06
158    -2.03375261278e-06
159    -1.98251051278e-06
160    -1.97352250778e-06
161    -1.99728898278e-06
162    -2.39427273278e-06
163    -2.32648478278e-06
164    -2.46101418278e-06
165    -2.55213838278e-06
166    -2.58664859778e-06
167    -2.56962603778e-06
168    -2.13978313778e-06
169    -2.04363298778e-06
170    -1.96591523778e-06
171    -1.93517231278e-06
172    -2.11251391278e-06
173    -2.27837921278e-06
174    -2.01148896278e-06
175    -1.83069981278e-06
176    -1.83206022029e-06
177    -1.67878742028e-06
178    -1.84146682029e-06
179    -1.87494219529e-06
180    -2.16500009528e-06
181    -2.39352564528e-06
182    -2.51579099529e-06
183    -2.73299144529e-06
184    -2.71221322528e-06
185    -2.65716897528e-06
186    -2.74438707528e-06
187    -2.69805176028e-06
188    -2.76970001028e-06
189    -2.62382736028e-06
190    -2.62017053528e-06
191    -2.23739548528e-06
192    -2.01841023528e-06
193    -1.77088548528e-06
194    -1.57394003528e-06
195    -1.64984388528e-06
196    -1.43034123528e-06
197    -1.16731858528e-06
198    -1.34809898528e-06
199    -1.01146158528e-06
200    -9.24162835285e-07
201    -9.40961565285e-07
202    -8.02443965285e-07
203    -8.55232515285e-07
204    -5.52877165285e-07
205    -3.83171865285e-07
206    -6.26324715285e-07
207    -5.18794215285e-07
208    -9.31835465285e-07
209    -7.90835415285e-07
210    -9.29027415285e-07
211    -8.54989715285e-07
212    -1.06684151528e-06
213    -7.29369815285e-07
214    -7.76065580285e-07
215    -8.14482615285e-07
216    -1.06693741528e-06
217    -8.91316665285e-07
218    -6.28522165285e-07
219    -5.87576160285e-07
220    -2.30393110285e-07
221    5.8113989715e-08
222    -1.75103210285e-07
223    -1.28093505285e-07
224    -4.06500755285e-07
225    -2.55512755285e-07
226    -5.32571205285e-07
227    -5.39687200285e-07
228    -5.05956025285e-07
229    -3.47357875285e-07
230    -1.66283875285e-07
231    -3.52904125285e-07
232    -1.85585375285e-07
233    -2.98208675285e-07
234    -1.38261725285e-07
235    -1.85492350285e-07
236    -3.92960600285e-07
237    -4.89683400285e-07
238    -3.87675950285e-07
239    -3.67025635285e-07
240    -8.39006335285e-07
241    -7.65334935285e-07
242    -8.63319285285e-07
243    -9.80802835285e-07
244    -8.44622335285e-07
245    -8.13257340285e-07
246    -7.17400790285e-07
247    -8.42930540285e-07
248    -9.50007590285e-07
249    -1.07760704029e-06
250    -0.00021155075704
251    0.00027700894296
252    0.00080232744296
253    0.00383282044296
254    -0.00253564455704
255    0.00357737044296
256    -0.00608538955704
257    0.00079355044296
258    0.00355982144296
259    -0.00110268605704
260    0.00035451544296
261    -0.00228623705704
262    0.00386531294296
263    -0.00201978205704
264    -0.00283016005704
265    0.017381339943
266    -0.012886730057
267    0.00910620994296
268    -0.010485890057
269    0.029092069943
270    -0.031895460057
271    0.134364569943
272    8.15630006994
273    35.4941460699
274    85.4666105699
275    166.59287057
276    268.20206557
277    386.64657057
278    520.11477057
279    662.15607557
280    809.43882557
281    975.71257557
282    1148.60436557
283    1326.70366557
284    1514.62997057
285    1712.75033557
286    1919.17823057
287    2133.63354557
288    2351.33897557
289    2574.08621557
290    2799.19543057
291    3029.04787557
292    3259.25813057
293    3492.14737057
294    3734.91962557
295    3979.61354057
296    4229.39118557
297    4479.88018057
298    4730.35426557
299    4980.82442057
300    5231.33316057
301    5481.80335557
302    5732.29112057
303    5982.76905557
304    6233.25041057
305    6483.73189057
306    6734.21296057
307    6984.69464557
308    7235.17747557
309    7485.65928057
310    7736.14225557
311    7986.62234057
312    8237.10417057
313    8487.58903057
314    8738.06942557
315    8988.55051557
316    9239.03291557
317    9489.91644057
318    9746.20736057
319    10008.9295106
320    10272.9514656
321    10536.9751806
322    10800.9956206
323    11065.0168156
324    11329.0380306
325    11593.0616006
326    11857.0832706
327    12121.1146656
328    12385.1168956
329    12649.1604156
330    12913.1612756
331    13177.1875506
332    13441.2149506
333    13705.2502156
334    13969.2511806
335    14233.2861206
336    14497.3345756
337    14761.2949456
338    15025.3587606
339    15289.3737306
340    15553.4342706
341    15821.2944206
342    16092.1247856
343    16362.9007156
344    16633.8572806
345    16909.0304306
346    17210.0485406
347    17649.8028406
348    18605.5056406
349    20887.6985406
350    25362.7954406
351    24099.6512406
352    3417.59174057
353    -13786.6792594
354    -21769.2117594
355    -27059.4027594
356    -30641.6768594
357    -31910.7516594
358    -32671.2589094
359    -33662.7429094
360    -34206.5595094
361    -34776.1243594
362    -35151.3156244
363    -35183.5805744
364    -35222.3318399
365    -35527.4823449
366    -35633.2060249
367    -35723.5172549
368    -36173.1198149
369    -36127.3498924
370    -36287.5293174
371    -36087.4100424
372    -36086.1314008
373    -36019.1434858
374    -36076.8845758
375    -36049.3413413
376    -35924.6426763
377    -36009.2020913
378    -35804.2589363
379    -35723.9899563
380    -35853.4340713
381    -35986.8646213
382    -35998.6749968
383    -35921.1273968
384    -36050.5893418
385    -36177.4345168
386    -35645.6912668
387    -35700.3762368
388    -35735.4630593
389    -35653.1753443
390    -35521.8409543
391    -35617.7001843
392    -35613.1555158
393    -35842.6890058
394    -35580.8158958
395    -35335.0532958
396    -35065.0659658
397    -35316.7754058
398    -35297.5056123
399    -35412.4099723
400    -35266.8959873
401    -34970.9055523
402    -34906.6688323
403    -34975.6058573
404    -35111.7873223
405    -34963.8099023
406    -34957.2405613
407    -34892.2906763
408    -34860.5935548
409    -34884.9835323
410    -34993.8477773
411    -34833.0903323
412    -34812.3109273
413    -34847.7365198
414    -34979.8671798
415    -34958.7186818
416    -35020.9088918
417    -35177.6328168
418    -35057.2346768
419    -35070.7303953
420    -35055.2049373
421    -34996.2147073
422    -35180.7294123
423    -35231.2283973
424    -35347.5820073
425    -35373.6077428
426    -35427.8548378
427    -35331.6042128
428    -35364.3615683
429    -35379.1014738
430    -35444.4003038
431    -35371.9609638
432    -35253.0688688
433    -35209.3035028
434    -35353.0495178
435    -35577.7421528
436    -35585.9346558
437    -35427.4083458
438    -35689.5275658
439    -35223.2190208
440    -35613.1463858
441    -35551.2935808
442    -35649.2234408
443    -35508.3232508
444    -35792.9957408
445    -35808.6548178
446    -35743.6818128
447    -35872.9930528
448    -35676.8229778
449    -35770.5076128
450    -35601.1653328
451    -35514.1365778
452    -35628.1717878
453    -35654.6052188
454    -35794.1311188
455    -35764.8139628
456    -35941.7545078
457    -36106.3474128
458    -36124.2557778
459    -36029.6040578
460    -36016.2804648
461    -36135.8319198
462    -36144.5156608
463    -36161.6253798
464    -36005.6384448
465    -35970.7705048
466    -35836.5121248
467    -35951.0137898
468    -36121.1895848
469    -36008.8636848
470    -36092.3560098
471    -36107.0342243
472    -36217.3862293
473    -36054.0022693
474    -36249.9090143
475    -36178.8972893
476    -36111.2559043
477    -36150.7381623
478    -36077.8227923
479    -36259.4624723
480    -36257.7682043
481    -36168.6439643
482    -36249.6893793
483    -36505.3714693
484    -36512.8538998
485    -36343.9471298
486    -36392.8399348
487    -36207.9465148
488    -36452.6968698
489    -36580.4887598
490    -36577.1496488
491    -36708.6818838
492    -36653.4179938
493    -36651.9842687
494    -36558.6950637
495    -36684.8738287
496    -36700.5667002
497    -36858.8830402
498    -36654.1787652
499    -36851.1041652
500    -37045.5533502
501    -37198.0379802
502    -37135.8010102
503    -36955.4620152
504    -37089.4808202
505    -36967.4408152
506    -36992.8224777
507    -37182.2107027
508    -37174.2600817
509    -37106.2236567
510    -36982.7262667
511    -36906.4045317
512    -36913.6874437
513    -36942.4786322
514    -37016.0310922
515    -36790.6499022
516    -36836.3634792
517    -36951.1601542
518    -36931.3045882
519    -37128.9189532
520    -37103.8795062
521    -36726.1229562
522    -37008.3375212
523    -37198.9491812
524    -37269.9541212
525    -37247.0830272
526    -37390.6206422
527    -37455.6654572
528    -37386.5614972
529    -37352.5791867
530    -37264.5925917
531    -37081.2689017
532    -37023.2391017
533    -37053.9705167
534    -37059.5377252
535    -37204.4023902
536    -37514.4964802
537    -37639.0424852
538    -37462.2343452
539    -37269.5085152
540    -37269.3703796
541    -37259.1006296
542    -37150.4657196
543    -36976.0292646
544    -37058.2520846
545    -37122.4503046
546    -36959.4762396
547    -37230.0318696
548    -37047.1987596
549    -37121.0116896
550    -37051.5763246
551    -36844.7083996
552    -36643.3637046
553    -36796.6801496
554    -36699.2099596
555    -36645.5459996
556    -36811.5671696
557    -36903.7767296
558    -36671.6841796
559    -36376.2175196
560    -36650.9084896
561    -36508.7579146
562    -36551.6041276
563    -36783.6360576
564    -36943.4617926
565    -36878.9942626
566    -36964.2444026
567    -37120.0082476
568    -37164.1311531
569    -37093.6782481
570    -36871.9044431
571    -37046.4720731
572    -36792.8586481
573    -36739.0673581
574    -36799.5779131
575    -36480.2939981
576    -36726.6641581
577    -37101.8503431
578    -36756.3291481
579    -36826.0217581
580    -36969.3432031
581    -37107.3473981
582    -36875.1189631
583    -36766.4718881
584    -36974.2944881
585    -36971.00749
586    -37025.935905
587    -36991.1848445
588    -37089.5231195
589    -37106.9213965
590    -37306.7027115
591    -37321.3482105
592    -37307.176419
593    -37161.644034
594    -37172.695878
595    -37234.326653
596    -37071.114978
597    -37165.997263
598    -37096.720918
599    -37077.0141275
600    -37259.7007025
601    -37165.3469575
602    -37314.5721025
603    -37381.4683625
604    -37296.7092825
605    -37685.9398725
606    -37741.3396025
607    -37419.2376975
608    -37327.7865825
609    -37346.3651875
610    -37674.4689575
611    -37633.028886
612    -37357.844531
613    -37608.509326
614    -37656.726204
615    -37527.568314
616    -37460.897609
617    -37562.210594
618    -37515.301282
619    -37551.953644
620    -37672.194429
621    -37926.577614
622    -37689.905449
623    -37803.027509
624    -37745.708934
625    -37873.831499
626    -37798.362719
627    -37692.486749
628    -37681.2670755
629    -37668.907791
630    -37725.963666
631    -37797.125056
632    -37820.415245
633    -37778.3744925
634    -37670.3384175
635    -37746.5690125
636    -37554.8066825
637    -37549.1703825
638    -37691.6852025
639    -38050.2425275
640    -38069.114548
641    -38221.671828
642    -38010.283188
643    -37725.197203
644    -37715.0826205
645    -37506.2475905
646    -37414.3149705
647    -37474.1273005
648    -37227.8586205
649    -37076.4966355
650    -37143.5499955
651    -37497.7523305
652    -37335.9413755
653    -37521.5027105
654    -37778.3888605
655    -37542.0677455
656    -37392.5671555
657    -37460.3385605
658    -37328.3466505
659    -37307.852134
660    -37525.256814
661    -37388.479834
662    -37424.3675525
663    -37492.1134975
664    -37557.2833925
665    -37474.7337425
666    -37448.0764265
667    -37314.8481915
668    -37171.7301615
669    -37472.5078165
670    -37318.4701715
671    -37130.0576115
672    -38197.6631115
673    -40694.6294615
674    -46278.4749615
675    -54701.8964615
676    -61345.1254615
677    -65258.8000615
678    -67978.5953615
679    -70042.3639615
680    -71713.6389615
681    -73094.3414115
682    -74314.2898115
683    -75426.6099115
684    -76425.6348615
685    -77326.9834115
686    -78115.2582615
687    -78834.1857115
688    -79495.7439615
689    -80123.1093115
690    -80723.1942615
691    -81283.2755615
692    -81808.8566115
693    -82308.0409215
694    -82758.7685715
695    -83172.6636765
696    -83578.0108815
697    -83969.4610565
698    -84343.2473915
699    -84704.0635815
700    -85052.5982415
701    -85384.6196715
702    -85702.7068615
703    -86005.8596865
704    -86302.7932665
705    -86592.5045365
706    -86874.8809765
707    -87152.2779065
708    -87424.7121215
709    -87695.4739015
710    -87959.1699965
711    -88216.4231865
712    -88473.6765215
713    -88728.5049415
714    -88972.8974315
715    -89209.4049565
716    -89439.7983615
717    -89669.9718915
718    -89900.1459765
719    -90128.5881065
720    -90348.2114065
721    -90563.6257215
722    -90768.3735165
723    -90959.7482615
724    -91145.0608665
725    -91317.7204765
726    -91476.7816815
727    -91631.9732765
728    -91778.5992115
729    -91920.7627915
730    -92061.2175515
731    -92189.3795365
732    -92304.3067015
733    -92412.4776365
734    -92515.0986565
735    -92616.6460515
736    -92718.1921065
737    -92819.7399565
738    -92921.2856215
739    -93022.8330265
740    -93124.3803115
741    -93225.9261415
742    -93327.4730965
743    -93429.0203915
744    -93530.5670915
745    -93631.4515415
746    -93727.2801365
747    -93822.0574215
748    -93916.0234015
749    -93995.2840915
750    -94055.5313865
751    -94109.9406915
752    -94164.1000565
753    -94214.8346165
754    -94252.823017
755    -94280.522222
756    -94306.283433
757    -94327.070925
758    -94347.380191
759    -94367.6891855
760    -94387.9991595
761    -94408.3084765
762    -94428.616986
763    -94448.926865
764    -94469.2365455
765    -94489.545567
766    -94509.855336
767    -94530.164004
768    -94547.046798
769    -94560.586948
770    -94574.1255375
771    -94586.5188265
772    -94593.8795425
773    -94600.649012
774    -94607.419375
775    -94614.1885845
776    -94620.95856
777    -94627.6151285
778    -94629.8732676
779    -94629.8732675
780    -94629.8732674
781    -94629.8732674
782    -94629.8732677
783    -94629.8732677
784    -94629.8732675
785    -94629.8732676
786    -94629.8732677
787    -94629.8732675
788    -94629.8732672
789    -94629.873267
790    -94629.873267
791    -94629.8732668
792    -94629.8732667
793    -94629.8732667
794    -94629.8732664
795    -94629.8732663
796    -94629.8732661
797    -94629.8732662
798    -94629.8732663
799    -94629.8732663
800    -94629.8732661
801    -94629.873266
802    -94629.8732659
803    -94629.8732657
804    -94629.8732656
805    -94629.8732658
806    -94629.8732661
807    -94629.8732662
808    -94629.8732662
809    -94629.8732659
810    -94629.8732663
811    -94629.8732658
812    -94629.8732654
813    -94629.8732652
814    -94629.8732654
815    -94629.8732656
816    -94629.8732656
817    -94629.8732655
818    -94629.8732656
819    -94629.8732658
820    -94629.8732658
821    -94629.8732658
822    -94629.8732658
823    -94629.8732658
824    -94629.8732658
825    -94629.8732658
826    -94629.8732656
827    -94629.8732654
828    -94629.8732652
829    -94629.8732651
830    -94629.8732651
831    -94629.8732653
832    -94629.8732652
833    -94629.8732651
834    -94629.873265
835    -94629.8732648
836    -94629.8732651
837    -94629.8732652
838    -94629.8732652
839    -94629.8732654
840    -94629.8732654
841    -94629.8732657
842    -94629.8732659
843    -94629.8732658
844    -94629.8732658
845    -94629.8732658
846    -94629.8732658
847    -94629.8732657
848    -94629.8732657
849    -94629.8732657
850    -94629.8732655
851    -94629.8732657
852    -94629.8732661
853    -94629.8732662
854    -94629.873266
855    -94629.873266
856    -94629.8732662
857    -94629.8732661
858    -94629.8732663
859    -94629.8732662
860    -94629.8732661
861    -94629.8732661
862    -94629.8732665
863    -94629.8732664
864    -94629.8732663
865    -94629.8732662
866    -94629.8732662
867    -94629.873266
868    -94629.8732663
869    -94629.8732661
870    -94629.8732662
871    -94629.8732663
872    -94629.8732665
873    -94629.8732669
874    -94629.8732666
875    -94629.8732665
876    -94629.8732664
877    -94629.8732663
878    -94629.8732666
879    -94629.873267
880    -94629.873267
881    -94629.873267
882    -94629.8732668
883    -94629.8732669
884    -94629.8732671
885    -94629.8732671
886    -94629.873267
887    -94629.8732675
888    -94629.8732676
889    -94629.8732677
890    -94629.8732678
891    -94629.8732675
892    -94629.8732676
893    -94629.8732674
894    -94629.8732673
895    -94629.8732673
896    -94629.8732675
897    -94629.8732673
898    -94629.8732675
899    -94629.8732673
900    -94629.8732674
901    -94629.8732676
902    -94629.8732676
903    -94629.8732672
904    -94629.8732672
905    -94629.8732676
906    -94629.8732675
907    -94629.8732673
908    -94629.8732674
909    -94629.8732677
910    -94629.8732677
911    -94629.8732675
912    -94629.8732674
913    -94629.8732676
914    -94629.8732673
915    -94629.8732675
916    -94629.8732676
917    -94629.8732675
918    -94629.8732675
919    -94629.8732675
920    -94629.8732677
921    -94629.8732676
922    -94629.8732675
923    -94629.8732678
924    -94629.873268
925    -94629.8732679
926    -94629.8732681
927    -94629.8732679
928    -94629.8732679
929    -94629.8732678
930    -94629.8732677
931    -94629.8732681
932    -94629.8732684
933    -94629.8732683
934    -94629.8732683
935    -94629.8732681
936    -94629.8732685
937    -94629.8732686
938    -94629.8732688
939    -94629.8732685
940    -94629.8732683
941    -94629.873268
942    -94629.8732684
943    -94629.8732684
944    -94629.8732685
945    -94629.8732687
946    -94629.8732688
947    -94629.8732687
948    -94629.8732686
949    -94629.8732686
950    -94629.8732687
951    -94629.8732688
952    -94629.8732691
953    -94629.8732687
954    -94629.8732687
955    -94629.8732688
956    -94629.8732686
957    -94629.8732685
958    -94629.8732684
959    -94629.8732685
960    -94629.8732685
961    -94629.8732684
962    -94629.8732686
963    -94629.8732688
964    -94629.8732688
965    -94629.8732685
966    -94629.8732689
967    -94629.8732688
968    -94629.8732688
969    -94629.873269
970    -94629.8732691
971    -94629.873269
972    -94629.8732692
973    -94629.8732693
974    -94629.8732693
975    -94629.8732693
976    -94629.8732693
977    -94629.8732697
978    -94629.8732702
979    -94629.87327
980    -94629.87327
981    -94629.87327
982    -94629.87327
983    -94629.8732699
984    -94629.8732697
985    -94629.8732695
986    -94629.8732695
987    -94629.8732694
988    -94629.8732694
989    -94629.8732693
990    -94629.8732693
991    -94629.8732693
992    -94629.8732692
993    -94629.8732696
994    -94629.8732695
995    -94629.8732691
996    -94629.8732692
997    -94629.873269
998    -94629.8732691
999    -94629.8732692
1000    -94629.873269
1001    -94629.8732688
1002    -94629.8732686
1003    -94629.8732686
1004    -94629.8732687
1005    -94629.8732686
1006    -94629.8732686
1007    -94629.8732689
1008    -94629.8732686
1009    -94629.8732685
1010    -94629.8732685
1011    -94629.8732684
1012    -94629.8732686
1013    -94629.8732687
1014    -94629.8732687
1015    -94629.8732688
1016    -94629.8732689
1017    -94629.873269
1018    -94629.8732692
1019    -94629.8732692
1020    -94629.873269
1021    -94629.8732692
1022    -94629.8732691
1023    -94629.873269
1024    -94629.8732689
