#x,Ay
1    -0
2    3.427767e-08
3    -2.2782788e-07
4    -1.2252988e-07
5    -3.3827688e-07
6    -4.9561928e-07
7    -5.3519906e-07
8    -7.2188911e-07
9    -7.2843535e-07
10    -9.6850405e-07
11    -7.103053e-07
12    -6.46773e-07
13    -7.7076795e-07
14    -7.8253491e-07
15    -7.9337167e-07
16    -8.17289295e-07
17    -9.16820095e-07
18    -1.106579795e-06
19    -9.41888845e-07
20    -9.92700745e-07
21    -1.041140625e-06
22    -1.125230225e-06
23    -6.88364375e-07
24    -6.3843037e-07
25    -5.0476142e-07
26    -4.1806727e-07
27    -4.1085826e-07
28    -7.2772901e-07
29    -2.9488626e-07
30    -6.4439521e-07
31    -7.6642511e-07
32    -8.7256031e-07
33    -1.13575886e-06
34    -8.5279366e-07
35    -5.8389186e-07
36    -6.9244556e-07
37    -4.4590911e-07
38    -5.2916736e-07
39    -4.2879936e-07
40    -4.32720712e-07
41    -4.03547487e-07
42    -5.31402737e-07
43    -6.33131137e-07
44    -5.40338437e-07
45    -5.50814752e-07
46    -6.17509702e-07
47    -6.41578482e-07
48    -8.50023482e-07
49    -1.126081982e-06
50    -1.024920432e-06
51    -1.149503982e-06
52    -1.021555732e-06
53    -1.090820332e-06
54    -1.110307907e-06
55    -1.060542502e-06
56    -9.17339052e-07
57    -8.30947252e-07
58    -9.01495252e-07
59    -1.233109602e-06
60    -1.343593452e-06
61    -1.151197952e-06
62    -8.48001052e-07
63    -6.13033902e-07
64    -4.38436402e-07
65    -5.83872302e-07
66    -8.00933202e-07
67    -8.15508187e-07
68    -8.42036172e-07
69    -1.044586022e-06
70    -7.97084522e-07
71    -9.74821422e-07
72    -9.51845617e-07
73    -1.146384167e-06
74    -8.52698517e-07
75    -6.25475267e-07
76    -5.58640767e-07
77    -4.16646567e-07
78    -2.93488817e-07
79    -1.22418067e-07
80    -1.6300317e-08
81    2.19131933e-07
82    2.77455133e-07
83    3.1941933e-08
84    8.3765383e-08
85    3.23895083e-07
86    6.27603583e-07
87    6.32347574e-07
88    7.07042174e-07
89    6.29673224e-07
90    4.06728874e-07
91    2.50188774e-07
92    1.19694124e-07
93    1.93319024e-07
94    -3.43542976e-07
95    -1.70131476e-07
96    -1.66689755e-07
97    -4.76305005e-07
98    -3.39566405e-07
99    -4.69712255e-07
100    -4.23208345e-07
101    -5.24714345e-07
102    -4.13660745e-07
103    -2.73852495e-07
104    -1.33137295e-07
105    -2.84898545e-07
106    -3.12385795e-07
107    -3.96207945e-07
108    -2.92212195e-07
109    -3.8152845e-08
110    -2.37074945e-07
111    -4.44503995e-07
112    -4.7453765e-07
113    -2.2828025e-07
114    -1.4949275e-07
115    -3.778555e-07
116    -5.0415265e-07
117    -7.320503e-07
118    -6.70797e-07
119    1.31285e-08
120    1.5144845e-07
121    4.848755e-08
122    -2.946845e-07
123    -3.0235861e-07
124    -1.8837201e-07
125    -4.0651426e-07
126    -6.0176211e-07
127    -7.6630191e-07
128    -9.1085416e-07
129    -9.20737475e-07
130    -1.201842275e-06
131    -1.1972261815e-06
132    -1.2330386715e-06
133    -1.4853481215e-06
134    -1.3185671715e-06
135    -1.3669372865e-06
136    -1.5627664865e-06
137    -1.7362332365e-06
138    -1.6506204865e-06
139    -1.3732015865e-06
140    -1.4645699365e-06
141    -1.5836595365e-06
142    -1.6256578165e-06
143    -1.5814503215e-06
144    -1.5684828315e-06
145    -1.7301971315e-06
146    -1.3595960315e-06
147    -1.4396857815e-06
148    -1.3758046815e-06
149    -1.2955753815e-06
150    -1.1431339315e-06
151    -1.2953718815e-06
152    -1.4886197815e-06
153    -1.5388560815e-06
154    -1.7476411815e-06
155    -1.6425524315e-06
156    -1.9168900315e-06
157    -1.9023789915e-06
158    -2.1278116415e-06
159    -1.9378658915e-06
160    -1.7840116915e-06
161    -1.7020266415e-06
162    -1.8556017415e-06
163    -2.0828715415e-06
164    -2.0685930515e-06
165    -1.9585045515e-06
166    -2.0518030515e-06
167    -2.2817239015e-06
168    -2.4973139015e-06
169    -2.4672918715e-06
170    -2.4306538315e-06
171    -2.3923647015e-06
172    -2.4205495915e-06
173    -2.4442521115e-06
174    -2.1732632115e-06
175    -2.1542407315e-06
176    -2.5547824815e-06
177    -2.8080279315e-06
178    -2.9152277815e-06
179    -2.7371096815e-06
180    -2.6268467315e-06
181    -2.8737436315e-06
182    -2.8894871765e-06
183    -2.7915936265e-06
184    -2.7801173515e-06
185    -2.6060547015e-06
186    -2.5835905015e-06
187    -2.6346116515e-06
188    -2.5362668515e-06
189    -2.5586961615e-06
190    -2.3889443615e-06
191    -2.7016874115e-06
192    -2.7321142265e-06
193    -2.8174014265e-06
194    -2.6488763265e-06
195    -2.9333298265e-06
196    -3.0343954765e-06
197    -2.8854756765e-06
198    -2.9555658265e-06
199    -2.9291017965e-06
200    -3.1407907965e-06
201    -3.1926840465e-06
202    -3.4250466465e-06
203    -3.3661885965e-06
204    -3.1620573965e-06
205    -3.2514955965e-06
206    -3.1689989965e-06
207    -3.2275082465e-06
208    -3.3310970465e-06
209    -3.3370967965e-06
210    -3.2205899465e-06
211    -3.4732772965e-06
212    -3.6637840465e-06
213    -4.0831622465e-06
214    -3.9149191465e-06
215    -4.3823883965e-06
216    -4.3330880815e-06
217    -4.3064845165e-06
218    -4.2639862515e-06
219    -4.4796634515e-06
220    -4.4858027315e-06
221    -4.3187862815e-06
222    -4.5810546315e-06
223    -4.6142393265e-06
224    -4.5815895015e-06
225    -4.2381384015e-06
226    -4.3125656015e-06
227    -4.2828923965e-06
228    -4.3647029965e-06
229    -4.3036124465e-06
230    -3.9981365465e-06
231    -3.9221861465e-06
232    -3.7617740965e-06
233    -3.6782004465e-06
234    -3.6095288465e-06
235    -3.3676491965e-06
236    -3.3828346215e-06
237    -3.3048610715e-06
238    -3.1665760215e-06
239    -3.5611645215e-06
240    -3.5312413265e-06
241    -3.4519073765e-06
242    -3.4372568165e-06
243    -3.6771074665e-06
244    -3.8610883165e-06
245    -3.9144349665e-06
246    -4.0056870665e-06
247    -3.8691141665e-06
248    -4.0053179165e-06
249    -3.9900162165e-06
250    -3.8235128665e-06
251    0.628911876487
252    6.30289337649
253    13.0727313765
254    19.8432003765
255    26.6120853765
256    33.3823918765
257    40.1524103765
258    46.9211628765
259    53.6922903765
260    60.4614683765
261    67.2307988765
262    74.0011138765
263    80.7710973765
264    88.2906908765
265    101.462108376
266    123.745912376
267    156.631938376
268    190.480946876
269    225.022939876
270    264.625632876
271    305.246041376
272    345.864102376
273    386.482603376
274    427.134791376
275    471.788441376
276    519.831213876
277    573.138718876
278    632.165523876
279    693.093678876
280    754.021808876
281    814.950803876
282    879.314283876
283    947.011528876
284    1014.70981388
285    1082.40723888
286    1152.47114888
287    1229.26898888
288    1316.16527888
289    1410.24461388
290    1505.02388388
291    1599.79831888
292    1694.73221388
293    1794.18058388
294    1895.72779888
295    2000.07941888
296    2117.32261388
297    2249.80442388
298    2385.57666388
299    2526.23095888
300    2674.04114888
301    2841.74691388
302    3016.94559388
303    3192.96029888
304    3370.12519888
305    3559.94225388
306    3765.96761388
307    3980.90846888
308    4210.16492888
309    4447.03550388
310    4695.17200388
311    4945.65208888
312    5196.13391888
313    5448.89641888
314    5711.22606888
315    5975.24654888
316    6239.26878888
317    6503.29018888
318    6767.31679388
319    7035.36906888
320    7311.58874888
321    7589.95714888
322    7878.57463888
323    8181.04449388
324    8489.16646388
325    8809.52797888
326    9146.97570888
327    9492.88135388
328    9851.89861888
329    10230.7349539
330    10626.2940689
331    11037.1471189
332    11465.6533139
333    11913.7997889
334    12385.6843839
335    12883.3904889
336    13391.8892889
337    13914.9621889
338    14462.8428389
339    15027.6327889
340    15613.0808389
341    16219.7739389
342    16897.0062889
343    17686.1602389
344    18595.7045889
345    19629.6146889
346    20902.8285389
347    22484.6476889
348    24543.2081389
349    27526.2108889
350    32836.1573889
351    42200.1538889
352    49390.7058889
353    52299.9983389
354    53352.5915889
355    52700.0454389
356    52758.3128239
357    52514.2632089
358    52304.3758739
359    52191.2830489
360    52130.9665139
361    52184.4968539
362    51969.5223889
363    51709.7438289
364    51548.9209539
365    51585.6561294
366    51923.4392394
367    51856.2017544
368    52000.2739544
369    52062.8559594
370    52191.8043794
371    51951.6946494
372    52289.9950244
373    52601.6965294
374    52303.4906894
375    52132.0046544
376    52038.1190394
377    52178.3840994
378    52003.5131844
379    51966.6336939
380    51984.5817999
381    51846.9410049
382    52034.4379049
383    52187.9736399
384    52132.8988499
385    51940.7756849
386    51762.7187549
387    51489.0604499
388    51475.2064494
389    51360.9273844
390    51592.7238744
391    51665.4323594
392    51503.1619344
393    51262.6032594
394    51105.4062344
395    51281.0359744
396    51402.3367194
397    51206.2682844
398    51187.4309224
399    51210.6651624
400    51189.3701684
401    51532.7794834
402    51039.4343884
403    51096.2718034
404    51141.0706154
405    51139.8491931
406    51177.3016371
407    51098.6944571
408    51244.5942921
409    51062.6687321
410    50945.7078821
411    50951.5759716
412    50910.6923441
413    50972.5777841
414    51009.2161381
415    51076.3850081
416    51020.6764531
417    51097.4741581
418    51165.4260181
419    50850.3226231
420    50806.3538091
421    50961.6180841
422    50745.5115491
423    50833.0462141
424    51081.5977791
425    50955.5037291
426    51080.6540791
427    50953.0980941
428    50841.6704691
429    50674.0319841
430    50765.6016891
431    50875.9680391
432    50778.5742091
433    50789.3261066
434    50846.9568116
435    50852.9496636
436    50892.7127841
437    50936.8958806
438    51028.7839256
439    51048.9847511
440    50713.2554761
441    50778.3385511
442    50749.4043791
443    50807.1081591
444    51098.4595691
445    51078.9640376
446    51117.4058961
447    50819.7602061
448    51332.1448561
449    51421.5539111
450    51212.6270261
451    51207.6014686
452    51172.0846636
453    51296.2886436
454    51356.0517286
455    51443.6865386
456    51617.3439336
457    51792.7001836
458    51727.5482086
459    51697.2398261
460    51395.2099411
461    51523.8292361
462    51359.8864761
463    51386.4561171
464    51475.4608871
465    51274.6030821
466    51178.7625371
467    51211.3348686
468    51327.2719236
469    51175.2722086
470    51082.9188386
471    51390.0179536
472    51484.1407486
473    51366.4756736
474    51394.5489051
475    51235.7069751
476    51123.8199001
477    51040.3770151
478    51151.9791201
479    51113.7264841
480    51238.8997541
481    51435.5137941
482    51172.6285191
483    51121.4618541
484    51071.6332411
485    51115.5677411
486    50816.7720761
487    50881.6538761
488    50799.8391661
489    50734.5570211
490    50614.2499961
491    50508.4261311
492    50613.0160761
493    50644.1832006
494    50545.5681606
495    50364.5793956
496    50393.1096716
497    50460.8731466
498    50674.8245316
499    50614.4606166
500    50352.7768016
501    50471.4452116
502    50243.5001066
503    50392.7077316
504    50403.2604111
505    50132.4414111
506    50070.1645611
507    50306.8826411
508    50362.7192861
509    50368.5060771
510    50302.3434521
511    50274.1278156
512    50085.0170306
513    49989.9498556
514    49902.2518206
515    50063.9737806
516    50059.3053803
517    50047.4115603
518    50053.1831863
519    49680.7971063
520    49809.6384563
521    49832.0571368
522    49905.9928468
523    50213.0368318
524    50173.4790718
525    50078.0631918
526    50044.4767523
527    50418.5013973
528    50410.1680508
529    50235.4078908
530    50027.1816258
531    49965.8007158
532    49832.7775758
533    49896.3089558
534    49818.4349458
535    50008.5103808
536    50256.6589208
537    50108.8740608
538    50264.1298358
539    50090.7167858
540    49851.9137208
541    49715.5484308
542    49701.6920248
543    49675.8975773
544    49718.8781953
545    49748.2179613
546    49898.7267913
547    49930.7469718
548    49865.5143368
549    49936.0535468
550    50174.6977518
551    49626.0849018
552    49799.9609218
553    49838.2340378
554    49733.0369528
555    49754.3092498
556    49798.9757358
557    50110.9460008
558    49816.4095008
559    49857.8182843
560    50032.3782143
561    50006.8990258
562    50055.3714993
563    50016.7886973
564    50290.7383923
565    50374.6581223
566    50690.9862423
567    50840.4062923
568    50789.1351073
569    50727.6902123
570    50678.1745898
571    50361.5734098
572    50310.1747098
573    50447.5493298
574    50388.2073748
575    50487.3940098
576    50473.9743568
577    50553.2327918
578    50433.5379618
579    50612.1824418
580    50660.6111598
581    50496.1699998
582    50443.1585048
583    50503.0665648
584    50473.8524618
585    50447.1659568
586    50518.2236618
587    50658.8583168
588    50818.4745818
589    50881.4682568
590    50944.5701868
591    51048.8754318
592    51104.1940218
593    51038.4747218
594    51023.9470648
595    50577.6220398
596    50933.3061848
597    51052.1031498
598    50831.5445248
599    50687.1667298
600    50651.8042338
601    50702.3007788
602    50879.2505388
603    50910.2214188
604    50856.0050488
605    50893.4219678
606    50805.4167478
607    51074.5178878
608    50910.7185628
609    50880.7598453
610    51084.4392403
611    51152.1319703
612    50904.6124903
613    51079.1029903
614    50985.8931753
615    51018.4724138
616    50668.3887688
617    51009.2281088
618    51021.9147098
619    51120.2088798
620    51134.6205203
621    51096.0038368
622    51176.8608168
623    51327.9021368
624    51202.6077518
625    51167.0853223
626    51220.1797423
627    51255.7891603
628    51329.0009753
629    51110.8132803
630    51308.4839053
631    50952.0785353
632    50862.5023003
633    50945.9774353
634    50765.6595353
635    50791.0680373
636    50709.2658323
637    50735.5333088
638    50784.6542763
639    50585.2673663
640    50719.9966313
641    50626.1718313
642    50806.3592113
643    50993.5668113
644    50680.7134713
645    50646.3277613
646    50442.1325163
647    50477.4341098
648    50539.7450798
649    50480.0094898
650    50892.9000548
651    51333.0775148
652    51196.6124848
653    51058.7124648
654    51358.4194048
655    51173.1868148
656    50945.5910598
657    50992.9409323
658    51214.8642173
659    51232.0155938
660    51053.1507288
661    51334.2755338
662    51278.2298338
663    51365.7683588
664    51650.0840488
665    51484.7639588
666    51475.8349168
667    51452.9074388
668    51690.2046538
669    51448.2418088
670    51262.0777688
671    51518.0920238
672    50382.4468738
673    47874.7123238
674    40745.1458238
675    31500.7203238
676    25861.8908238
677    22472.8152238
678    20055.5072238
679    18187.0562238
680    16583.2328738
681    15195.4818738
682    14005.2652738
683    12969.4773238
684    12069.9761238
685    11278.9640738
686    10553.3641238
687    9892.89877378
688    9282.61952378
689    8712.49592378
690    8175.84322378
691    7671.94072378
692    7201.65774878
693    6775.82284378
694    6371.17064878
695    5986.73483378
696    5614.99133378
697    5248.99554878
698    4883.87663378
699    4526.78727378
700    4182.02580878
701    3850.76584378
702    3536.01683378
703    3239.76892378
704    2950.83343878
705    2675.25824378
706    2404.46562378
707    2133.67578878
708    1862.88142378
709    1592.17549378
710    1328.77483878
711    1071.51671378
712    817.328208776
713    568.022303776
714    325.575168776
715    90.4888137765
716    -139.835431224
717    -369.210631224
718    -589.180311224
719    -799.870461224
720    -1003.05872622
721    -1196.70609622
722    -1370.30199122
723    -1535.84515122
724    -1683.00419122
725    -1820.34367622
726    -1955.73863622
727    -2089.78878622
728    -2210.56011622
729    -2324.48137622
730    -2432.71192122
731    -2535.29991622
732    -2636.84775122
733    -2738.39356122
734    -2839.94063122
735    -2941.48802622
736    -3043.03408122
737    -3144.51859622
738    -3240.31691122
739    -3328.70342122
740    -3416.23821622
741    -3488.70652622
742    -3544.55597622
743    -3596.39202122
744    -3641.91363422
745    -3677.85124172
746    -3705.23148872
747    -3731.05136722
748    -3751.87406422
749    -3772.18357072
750    -3792.49252572
751    -3812.80141022
752    -3833.11223772
753    -3853.42085222
754    -3873.72975572
755    -3894.01510722
756    -3910.38723372
757    -3923.92725922
758    -3937.46628622
759    -3950.81086222
760    -3959.53572922
761    -3966.30508722
762    -3973.07467372
763    -3979.84443522
764    -3986.15036822
765    -3987.49102072
766    -3987.49102103
767    -3987.49102103
768    -3987.4910212
769    -3987.49102119
770    -3987.49102136
771    -3987.49102138
772    -3987.49102131
773    -3987.49102146
774    -3987.49102143
775    -3987.49102111
776    -3987.49102115
777    -3987.49102142
778    -3987.49102112
779    -3987.49102092
780    -3987.49102081
781    -3987.49102095
782    -3987.49102062
783    -3987.49102067
784    -3987.49102079
785    -3987.49102085
786    -3987.49102098
787    -3987.49102119
788    -3987.49102119
789    -3987.49102126
790    -3987.49102121
791    -3987.49102139
792    -3987.49102154
793    -3987.49102172
794    -3987.49102164
795    -3987.49102159
796    -3987.49102151
797    -3987.49102165
798    -3987.49102164
799    -3987.4910215
800    -3987.49102159
801    -3987.4910218
802    -3987.49102164
803    -3987.49102177
804    -3987.49102182
805    -3987.49102183
806    -3987.49102168
807    -3987.49102187
808    -3987.49102169
809    -3987.49102173
810    -3987.49102147
811    -3987.49102157
812    -3987.49102121
813    -3987.49102113
814    -3987.49102134
815    -3987.49102091
816    -3987.49102117
817    -3987.49102113
818    -3987.49102098
819    -3987.49102108
820    -3987.49102104
821    -3987.49102109
822    -3987.4910212
823    -3987.49102134
824    -3987.4910214
825    -3987.49102146
826    -3987.49102146
827    -3987.49102158
828    -3987.49102134
829    -3987.49102142
830    -3987.49102174
831    -3987.49102182
832    -3987.4910217
833    -3987.49102174
834    -3987.49102182
835    -3987.49102156
836    -3987.49102169
837    -3987.49102192
838    -3987.4910218
839    -3987.491022
840    -3987.49102195
841    -3987.49102189
842    -3987.49102218
843    -3987.49102193
844    -3987.49102212
845    -3987.49102213
846    -3987.4910223
847    -3987.49102238
848    -3987.49102207
849    -3987.49102204
850    -3987.49102232
851    -3987.49102279
852    -3987.4910228
853    -3987.49102266
854    -3987.49102251
855    -3987.49102256
856    -3987.49102252
857    -3987.49102288
858    -3987.49102292
859    -3987.4910228
860    -3987.49102264
861    -3987.49102257
862    -3987.49102226
863    -3987.49102256
864    -3987.49102251
865    -3987.49102252
866    -3987.49102291
867    -3987.49102278
868    -3987.4910228
869    -3987.49102292
870    -3987.4910226
871    -3987.49102264
872    -3987.49102291
873    -3987.49102257
874    -3987.4910227
875    -3987.49102285
876    -3987.49102285
877    -3987.49102253
878    -3987.49102261
879    -3987.49102249
880    -3987.4910225
881    -3987.49102257
882    -3987.49102261
883    -3987.49102264
884    -3987.49102291
885    -3987.49102276
886    -3987.49102333
887    -3987.49102358
888    -3987.49102396
889    -3987.49102436
890    -3987.49102436
891    -3987.49102425
892    -3987.49102415
893    -3987.49102421
894    -3987.49102406
895    -3987.49102415
896    -3987.49102408
897    -3987.49102423
898    -3987.49102403
899    -3987.4910242
900    -3987.49102404
901    -3987.49102394
902    -3987.491024
903    -3987.49102389
904    -3987.49102375
905    -3987.49102382
906    -3987.49102373
907    -3987.49102378
908    -3987.49102362
909    -3987.49102389
910    -3987.49102396
911    -3987.49102431
912    -3987.49102442
913    -3987.49102429
914    -3987.49102438
915    -3987.49102437
916    -3987.49102434
917    -3987.49102431
918    -3987.4910242
919    -3987.4910241
920    -3987.49102389
921    -3987.4910238
922    -3987.49102381
923    -3987.49102357
924    -3987.49102352
925    -3987.49102376
926    -3987.49102374
927    -3987.49102381
928    -3987.49102362
929    -3987.49102346
930    -3987.49102337
931    -3987.4910236
932    -3987.49102323
933    -3987.49102358
934    -3987.49102385
935    -3987.49102385
936    -3987.49102371
937    -3987.49102334
938    -3987.49102337
939    -3987.49102349
940    -3987.49102351
941    -3987.49102381
942    -3987.49102385
943    -3987.49102356
944    -3987.49102363
945    -3987.49102357
946    -3987.49102339
947    -3987.49102336
948    -3987.49102348
949    -3987.49102351
950    -3987.49102328
951    -3987.49102322
952    -3987.49102343
953    -3987.49102336
954    -3987.49102323
955    -3987.49102331
956    -3987.49102344
957    -3987.49102393
958    -3987.49102374
959    -3987.49102382
960    -3987.4910238
961    -3987.49102367
962    -3987.49102401
963    -3987.49102388
964    -3987.49102375
965    -3987.49102379
966    -3987.49102364
967    -3987.49102371
968    -3987.49102364
969    -3987.49102379
970    -3987.49102388
971    -3987.49102395
972    -3987.49102417
973    -3987.49102412
974    -3987.49102373
975    -3987.49102382
976    -3987.49102356
977    -3987.49102378
978    -3987.49102383
979    -3987.49102395
980    -3987.49102417
981    -3987.49102419
982    -3987.49102407
983    -3987.49102463
984    -3987.49102446
985    -3987.49102467
986    -3987.49102454
987    -3987.49102463
988    -3987.491025
989    -3987.49102475
990    -3987.4910249
991    -3987.49102503
992    -3987.49102497
993    -3987.49102524
994    -3987.49102515
995    -3987.49102522
996    -3987.49102514
997    -3987.49102525
998    -3987.49102548
999    -3987.49102518
1000    -3987.49102564
1001    -3987.49102567
1002    -3987.49102563
1003    -3987.49102537
1004    -3987.49102516
1005    -3987.49102503
1006    -3987.49102488
1007    -3987.49102484
1008    -3987.49102519
1009    -3987.49102506
1010    -3987.49102491
1011    -3987.49102525
1012    -3987.49102532
1013    -3987.49102505
1014    -3987.49102486
1015    -3987.49102473
1016    -3987.49102438
1017    -3987.49102472
1018    -3987.49102446
1019    -3987.49102427
1020    -3987.49102421
1021    -3987.49102424
1022    -3987.49102404
1023    -3987.49102349
1024    -3987.49102343
