#x,Ay
1    -0
2    1.4145935e-07
3    1.8199258e-07
4    3.9454203e-07
5    2.9359268e-07
6    4.6772508e-07
7    4.96200665e-07
8    4.22506015e-07
9    3.42294165e-07
10    3.649444e-07
11    2.97203e-07
12    1.1482675e-07
13    1.707663e-07
14    3.4596845e-07
15    2.299034e-07
16    4.6407985e-07
17    7.384785e-07
18    8.4875305e-07
19    7.0434035e-07
20    9.5726025e-07
21    9.587253075e-07
22    7.635240075e-07
23    7.140318475e-07
24    8.000864475e-07
25    6.755508475e-07
26    6.648768675e-07
27    7.366588175e-07
28    5.512031175e-07
29    8.266104675e-07
30    1.1274586175e-06
31    1.1865724675e-06
32    1.1709451975e-06
33    1.3763088975e-06
34    1.6763198975e-06
35    1.4493989475e-06
36    1.4941413025e-06
37    1.5793006025e-06
38    1.7298991025e-06
39    1.7032257725e-06
40    1.7300531675e-06
41    1.6830783475e-06
42    1.9031158475e-06
43    2.1991037475e-06
44    2.5512288975e-06
45    2.4365591475e-06
46    2.5391276475e-06
47    2.9158331975e-06
48    2.8541612975e-06
49    2.9350881975e-06
50    2.933896386e-06
51    2.936640457e-06
52    2.915897117e-06
53    2.859835467e-06
54    2.766455567e-06
55    2.434283117e-06
56    2.348914517e-06
57    2.414028117e-06
58    2.573370467e-06
59    2.432748317e-06
60    2.057507817e-06
61    2.247174467e-06
62    2.306660417e-06
63    2.461735467e-06
64    2.441968832e-06
65    2.367248032e-06
66    2.378015032e-06
67    2.298308982e-06
68    2.087933882e-06
69    2.0919918575e-06
70    2.0302269575e-06
71    1.8360110575e-06
72    1.6280428075e-06
73    1.5245586575e-06
74    1.6756338575e-06
75    1.4428875575e-06
76    1.2726852075e-06
77    1.2885450275e-06
78    1.3317525625e-06
79    1.5871026125e-06
80    1.5486390725e-06
81    1.4317136225e-06
82    1.5934192225e-06
83    1.4340478225e-06
84    1.3699109225e-06
85    1.3597718025e-06
86    1.4297457025e-06
87    1.5698330025e-06
88    1.57273986e-06
89    1.22319601e-06
90    1.30816931e-06
91    1.299076655e-06
92    1.385654505e-06
93    1.478476305e-06
94    1.129130105e-06
95    1.243753305e-06
96    1.212777825e-06
97    1.278542575e-06
98    1.351004725e-06
99    1.502754325e-06
100    1.152251225e-06
101    1.111171515e-06
102    1.449762315e-06
103    1.783364965e-06
104    1.81801471e-06
105    1.98257776e-06
106    1.90025556e-06
107    2.10020086e-06
108    1.73975046e-06
109    1.48706311e-06
110    1.36544016e-06
111    1.41711826e-06
112    1.38458034e-06
113    1.32130094e-06
114    1.01915049e-06
115    1.0169645325e-06
116    8.332511325e-07
117    8.792492525e-07
118    8.396462175e-07
119    9.147303675e-07
120    8.344313175e-07
121    8.845571675e-07
122    9.694693675e-07
123    1.3063393175e-06
124    1.2426798675e-06
125    1.0466413675e-06
126    1.0013873975e-06
127    8.138427475e-07
128    1.0139043475e-06
129    9.143488475e-07
130    1.0638892475e-06
131    1.0487968425e-06
132    8.244106425e-07
133    7.509485425e-07
134    7.595819125e-07
135    6.648881125e-07
136    5.812752625e-07
137    6.056928725e-07
138    7.683025225e-07
139    3.134374225e-07
140    5.872867225e-07
141    6.883465225e-07
142    4.904476225e-07
143    5.484917725e-07
144    1.486941725e-07
145    2.215182225e-07
146    2.309131925e-07
147    3.178049925e-07
148    3.772444425e-07
149    3.400599125e-07
150    1.309522125e-07
151    1.796711525e-07
152    1.735783825e-07
153    2.883876325e-07
154    1.749184325e-07
155    -3.00964675e-08
156    1.644537325e-07
157    2.734260325e-07
158    1.615933825e-07
159    -1.08821175e-08
160    -2.11142575e-08
161    2.866871425e-07
162    1.023690925e-07
163    1.552390425e-07
164    9.54158925e-08
165    1.058108175e-07
166    1.10719051e-07
167    1.34845976e-07
168    1.25683556e-07
169    4.44506e-10
170    1.99142056e-07
171    2.19606336e-07
172    3.61367986e-07
173    3.61740065315e-07
174    3.17968600315e-07
175    -5.2365099685e-08
176    -3.40411449685e-07
177    -3.36179063685e-07
178    -6.40050363685e-07
179    -7.90881413685e-07
180    -7.27174713685e-07
181    -8.25891613685e-07
182    -6.19597713685e-07
183    -8.22845213685e-07
184    -9.94024263685e-07
185    -9.43206563685e-07
186    -5.66756813685e-07
187    -5.49083118685e-07
188    -2.90651818685e-07
189    -4.98061968685e-07
190    -4.57877558685e-07
191    -4.89899508685e-07
192    -5.28409563685e-07
193    -4.71028213685e-07
194    -2.14445663685e-07
195    -2.02725213685e-07
196    -1.8058363685e-08
197    1.17982586315e-07
198    1.63283056315e-07
199    2.60523256315e-07
200    -6.8277243685e-08
201    -1.10647603685e-07
202    -3.03756003685e-07
203    -2.48921053685e-07
204    -7.97643053685e-07
205    -8.41548233685e-07
206    -8.25211683685e-07
207    -8.02811438685e-07
208    -5.90448038685e-07
209    -6.83377388685e-07
210    -6.23635638685e-07
211    -7.92058988685e-07
212    -8.55591288685e-07
213    -8.31569008685e-07
214    -6.81644908685e-07
215    -7.10225133685e-07
216    -5.11198383685e-07
217    -6.69843083685e-07
218    -5.50568883685e-07
219    -5.59059813685e-07
220    -5.03620213685e-07
221    -3.11069913685e-07
222    -2.12073963685e-07
223    -1.40169913685e-07
224    2.92899436315e-07
225    1.07418636315e-07
226    1.93136086315e-07
227    2.34157671315e-07
228    2.58993861315e-07
229    1.89979261315e-07
230    5.16663561315e-07
231    5.77544811315e-07
232    5.92023876315e-07
233    8.36339476315e-07
234    9.10987576315e-07
235    1.25145622632e-06
236    1.04476702632e-06
237    1.07511462632e-06
238    1.02327952632e-06
239    1.12676367632e-06
240    1.03604647632e-06
241    9.92118041315e-07
242    1.02890723632e-06
243    5.39438886315e-07
244    6.59387486315e-07
245    6.37086066315e-07
246    5.08626216315e-07
247    3.19064216315e-07
248    2.11019216315e-07
249    2.13251676315e-07
250    -0.000210384548324
251    0.000278259051676
252    0.000803272551676
253    0.00383353355168
254    -0.00253471144832
255    0.00357826855168
256    -0.00608421644832
257    0.000794703551676
258    0.00356080355168
259    -0.00110186444832
260    0.000355299551676
261    -0.00228511494832
262    0.00386632505168
263    -0.00201857494832
264    -0.00282907194832
265    0.0173824330517
266    -0.0128858119483
267    0.00792554805168
268    -0.0120685169483
269    0.0118312980517
270    3.73071479805
271    25.8364887981
272    72.3393187981
273    141.188508798
274    216.434498798
275    303.333228798
276    410.367103798
277    528.367403798
278    652.450683798
279    788.918578798
280    937.285213798
281    1101.9418038
282    1285.5553888
283    1492.9436288
284    1723.2467588
285    1969.3358538
286    2219.9885888
287    2470.3519188
288    2720.8736638
289    2971.3453938
290    3221.8878838
291    3472.2879338
292    3722.7987838
293    3973.3093438
294    4223.7668438
295    4474.2376538
296    4724.7221038
297    4975.2110988
298    5225.6851838
299    5476.1553388
300    5726.6640788
301    5977.1342738
302    6227.6220388
303    6478.0999738
304    6728.5813288
305    6979.0628088
306    7229.5438788
307    7480.0255638
308    7730.5083938
309    7980.9901988
310    8231.4731738
311    8481.9532588
312    8732.4350888
313    8982.9199488
314    9233.4003438
315    9483.8814338
316    9734.3638338
317    9984.8466638
318    10235.3321388
319    10485.8096638
320    10736.2908138
321    10986.7795038
322    11237.2592638
323    11487.7403338
324    11738.2141738
325    11988.7076138
326    12239.1881738
327    12489.6892538
328    12740.1331138
329    12990.8127188
330    13246.0206938
331    13503.2693388
332    13760.5284088
333    14019.5573188
334    14283.3002938
335    14547.3352338
336    14811.3836888
337    15075.3440588
338    15339.4078738
339    15603.4228438
340    15867.4794688
341    16131.4216938
342    16395.5019338
343    16659.4980438
344    16923.6066888
345    17187.5337588
346    17451.8383388
347    17732.9029488
348    18258.6402988
349    20405.5100488
350    28930.8575488
351    48120.8810488
352    72238.1445488
353    89043.8070488
354    96746.2915488
355    94129.9870988
356    88113.8780988
357    86428.0431488
358    87981.1599988
359    89762.6460488
360    90108.8885488
361    89137.0321988
362    87800.5337988
363    86848.3829488
364    86661.1586788
365    86735.6985538
366    86535.0087238
367    86898.4317738
368    87020.3535638
369    87169.9847438
370    87131.5847258
371    86818.8042958
372    86730.8613958
373    86838.4054608
374    86486.4441258
375    86596.3571208
376    86416.8570458
377    86607.6223058
378    86459.1493808
379    86458.3338246
380    86376.0058446
381    86456.4210646
382    86626.8481996
383    86799.0322646
384    86728.1462046
385    86541.6596646
386    86654.8325846
387    86543.7082796
388    86628.9712496
389    86598.7156056
390    86369.0829506
391    86449.8104256
392    86710.0924656
393    86528.0267806
394    86553.7625961
395    86576.0979816
396    86216.7253866
397    86198.7146331
398    86344.9701681
399    86255.1523431
400    86244.3503131
401    86239.9237602
402    85832.0728752
403    85972.9229202
404    86048.2830802
405    86192.3121902
406    86033.4755652
407    85729.4671252
408    85937.2143402
409    85966.2730642
410    85972.8191697
411    85994.3314717
412    85998.8376176
413    86060.4056726
414    86069.1802966
415    85990.6645266
416    86384.6010516
417    86164.3837266
418    86301.6758216
419    86227.6416616
420    86024.0327766
421    86200.2736216
422    86268.3815066
423    86560.8555866
424    86657.2881466
425    86621.5163781
426    86665.8706311
427    86648.1046421
428    86965.3802721
429    86871.8687571
430    86676.4348321
431    86800.8877071
432    86873.3987571
433    86869.0744531
434    87032.5330231
435    87123.9090681
436    87142.7254941
437    87110.3130396
438    87070.1106051
439    87266.2745601
440    87234.6965301
441    87264.9280921
442    87209.4950771
443    87228.1033701
444    87207.9884221
445    87192.4906456
446    87387.5035406
447    87408.7514331
448    87328.4119731
449    87195.7832781
450    87023.5314481
451    86864.5161881
452    87043.3230131
453    87102.6399481
454    87340.9080381
455    87280.2601631
456    87060.8847731
457    87274.5335281
458    87698.3029431
459    87681.3373661
460    87672.4278991
461    87427.6242941
462    87576.2263641
463    87727.4399941
464    87416.8730391
465    87490.5328491
466    87482.7803356
467    87273.6483256
468    87562.8792556
469    87786.3870006
470    87877.1266406
471    87694.9954206
472    87782.7743606
473    87698.4151956
474    87508.6010856
475    87707.5890256
476    87830.9673356
477    87739.4055856
478    87721.8253681
479    87690.4501026
480    87894.1617726
481    87885.2822136
482    88098.1630686
483    87748.3949386
484    88142.0057086
485    88159.2843096
486    88102.6659546
487    88132.6098651
488    88034.0549051
489    88131.2669951
490    88400.6339651
491    88282.0455101
492    88437.7888051
493    88279.4272651
494    88377.0014401
495    88349.1935171
496    88513.2582971
497    88442.7974671
498    88529.4515421
499    88602.1370621
500    88695.7634721
501    88575.3341821
502    88648.6074171
503    89055.7168871
504    88649.4080221
505    88828.2668071
506    88856.0664591
507    88961.9246691
508    89058.5281241
509    88949.0533491
510    88825.0995641
511    88692.8345641
512    88978.2164441
513    89056.3275541
514    88898.0944441
515    88746.2647041
516    88825.4378791
517    88977.7467591
518    89179.7585691
519    89070.9230241
520    89191.4117391
521    89102.4078891
522    88994.6931941
523    89159.5734341
524    89435.2714691
525    89377.1734291
526    89459.8697791
527    89411.1545661
528    89589.2441811
529    89469.7453561
530    89374.9926211
531    89281.8754461
532    89340.1575861
533    89078.9387111
534    89242.8911761
535    89518.7803911
536    89471.3080376
537    89546.3686376
538    89683.5660226
539    89562.4637876
540    89489.8558276
541    89305.9208526
542    89383.0813926
543    89286.3695376
544    89063.4159426
545    89111.9508391
546    89271.3478791
547    89407.1706741
548    89248.9241191
549    89416.8998791
550    88914.7752791
551    88933.7822886
552    88925.1809541
553    88814.7817241
554    88801.8242331
555    88759.7791336
556    88880.3307436
557    88820.1001786
558    88804.3959251
559    88763.8023686
560    88385.4460036
561    88699.2189386
562    88846.3200086
563    88673.4710386
564    88927.6116386
565    89017.2191036
566    89057.4448906
567    89159.6667456
568    88942.6809006
569    88945.7656212
570    89147.3827812
571    88982.6709362
572    88711.9616862
573    88418.5457312
574    88423.8272187
575    88457.4967917
576    88635.0498117
577    88421.9122817
578    88634.9808167
579    88668.5236597
580    88557.3815897
581    88619.9324447
582    88517.7648597
583    88553.3740502
584    88583.8466517
585    88527.3468567
586    88439.9992467
587    88491.7750717
588    88613.3942717
589    88626.0047342
590    88697.4760842
591    88508.3922092
592    88725.3099792
593    88649.1306192
594    88664.4449707
595    88512.1781257
596    88552.7187977
597    88381.8339627
598    88290.4396977
599    88470.7870277
600    88570.7007877
601    88498.1275027
602    88501.1467027
603    88407.7063127
604    88735.1374827
605    88890.6343427
606    88934.2147842
607    88764.6192592
608    88832.6767592
609    88631.0454442
610    88802.6043542
611    89238.9169492
612    89021.6553792
613    88771.9645892
614    88862.4219242
615    89067.0033592
616    88893.8122342
617    88734.7238192
618    88736.7431653
619    89224.7533453
620    89108.9822103
621    89211.1088653
622    89309.9287353
623    89329.7302958
624    89218.2903108
625    89210.8606943
626    89359.8526443
627    89283.5655293
628    89205.9251793
629    89251.6317878
630    89298.7911348
631    89144.1106298
632    89240.7662448
633    89273.2741973
634    89338.1409123
635    89192.6130023
636    88994.7048923
637    89077.3082573
638    89237.7521223
639    89583.8120223
640    89620.5836448
641    89670.5042283
642    89570.7534783
643    89275.2431533
644    89026.2159383
645    89088.1532183
646    88945.1628233
647    88819.9474183
648    88789.6768493
649    88775.5092783
650    88715.5419933
651    88556.9238833
652    88867.1770833
653    89075.4955083
654    88780.4100233
655    88919.1374683
656    88692.6828183
657    88463.3628333
658    88492.5984713
659    88690.4614013
660    88577.4026663
661    88629.0072663
662    88416.7986263
663    88518.4220963
664    88882.6414463
665    88723.8396513
666    88300.8826763
667    88341.2816598
668    88498.7005248
669    88359.6478798
670    88263.9701098
671    88303.1107893
672    87071.7234893
673    84764.0152893
674    79644.5157893
675    71605.8622893
676    64667.8017893
677    60574.1260393
678    57799.5316893
679    55703.1385893
680    54032.4745393
681    52650.9197893
682    51425.3816893
683    50318.5612893
684    49312.9069393
685    48418.7045893
686    47593.2977393
687    46838.7848893
688    46146.7459393
689    45498.0393393
690    44886.6449393
691    44298.4752893
692    43746.6448393
693    43247.4431993
694    42798.9667943
695    42383.8266243
696    41987.0383793
697    41600.7158643
698    41218.8133443
699    40855.3498693
700    40503.0718343
701    40155.7015443
702    39822.4484043
703    39510.0816293
704    39211.7639893
705    38919.1579943
706    38631.5726543
707    38353.4845243
708    38078.0793743
709    37807.5173793
710    37541.9614543
711    37278.0891493
712    37019.2624993
713    36768.2251943
714    36526.7946043
715    36290.3296793
716    36058.8422743
717    35828.6687443
718    35598.4946593
719    35369.0971943
720    35146.4461493
721    34929.5194693
722    34718.3144743
723    34525.4491943
724    34336.0140093
725    34154.3956293
726    33988.2568293
727    33831.9411393
728    33677.1345993
729    33531.9106543
730    33389.7544493
731    33252.1162743
732    33124.4820693
733    33008.2942243
734    32900.5968243
735    32798.7966243
736    32697.2505693
737    32595.7027193
738    32494.1570543
739    32392.6096493
740    32291.0623643
741    32189.5165343
742    32087.9695793
743    31986.4222843
744    31884.8755843
745    31783.3287893
746    31681.7829793
747    31580.4015093
748    31483.5700943
749    31388.7941843
750    31294.0168093
751    31205.5501193
752    31141.4997843
753    31084.8082943
754    31030.6511343
755    30976.5382243
756    30928.5462318
757    30896.1537938
758    30869.1204753
759    30846.2273833
760    30825.9174093
761    30805.6080923
762    30785.2995828
763    30764.9897038
764    30744.6800233
765    30724.3710018
766    30704.0612328
767    30683.7525648
768    30663.4427358
769    30643.1328463
770    30622.8245673
771    30603.3374648
772    30588.9283703
773    30575.3888758
774    30562.1387203
775    30553.6758038
776    30546.9058273
777    30540.1358128
778    30533.3661508
779    30526.5963743
780    30519.8269548
781    30513.6834728
782    30512.5855416
783    30512.5855414
784    30512.5855412
785    30512.5855413
786    30512.5855415
787    30512.5855416
788    30512.5855416
789    30512.585542
790    30512.5855419
791    30512.5855422
792    30512.5855422
793    30512.585542
794    30512.5855424
795    30512.5855427
796    30512.5855424
797    30512.5855424
798    30512.5855424
799    30512.5855422
800    30512.5855423
801    30512.5855421
802    30512.5855424
803    30512.5855425
804    30512.5855424
805    30512.5855424
806    30512.5855424
807    30512.5855422
808    30512.5855421
809    30512.5855423
810    30512.5855423
811    30512.5855425
812    30512.5855427
813    30512.585543
814    30512.5855431
815    30512.5855434
816    30512.5855433
817    30512.5855435
818    30512.5855438
819    30512.5855437
820    30512.5855438
821    30512.5855438
822    30512.5855439
823    30512.585544
824    30512.585544
825    30512.5855438
826    30512.5855442
827    30512.5855445
828    30512.5855446
829    30512.5855445
830    30512.5855446
831    30512.5855445
832    30512.5855446
833    30512.5855442
834    30512.5855443
835    30512.5855444
836    30512.5855449
837    30512.585545
838    30512.5855449
839    30512.5855451
840    30512.5855446
841    30512.5855449
842    30512.5855447
843    30512.5855449
844    30512.5855446
845    30512.5855445
846    30512.5855442
847    30512.585544
848    30512.5855437
849    30512.5855441
850    30512.5855441
851    30512.5855442
852    30512.5855442
853    30512.5855442
854    30512.5855441
855    30512.5855442
856    30512.5855444
857    30512.5855443
858    30512.585544
859    30512.5855441
860    30512.5855443
861    30512.5855442
862    30512.5855444
863    30512.5855444
864    30512.5855443
865    30512.5855446
866    30512.5855447
867    30512.5855446
868    30512.5855448
869    30512.5855449
870    30512.5855451
871    30512.5855451
872    30512.5855451
873    30512.5855453
874    30512.5855453
875    30512.5855452
876    30512.5855449
877    30512.5855452
878    30512.5855452
879    30512.5855454
880    30512.5855457
881    30512.5855452
882    30512.5855453
883    30512.5855454
884    30512.5855454
885    30512.5855457
886    30512.5855455
887    30512.5855458
888    30512.5855459
889    30512.5855462
890    30512.5855461
891    30512.5855459
892    30512.585546
893    30512.5855459
894    30512.5855459
895    30512.5855457
896    30512.5855455
897    30512.5855454
898    30512.5855451
899    30512.5855452
900    30512.5855452
901    30512.5855452
902    30512.5855452
903    30512.5855452
904    30512.5855456
905    30512.5855451
906    30512.5855451
907    30512.5855453
908    30512.5855452
909    30512.5855449
910    30512.5855447
911    30512.5855449
912    30512.5855447
913    30512.5855445
914    30512.5855443
915    30512.5855442
916    30512.585544
917    30512.5855441
918    30512.5855445
919    30512.5855446
920    30512.5855446
921    30512.5855446
922    30512.5855444
923    30512.5855442
924    30512.5855441
925    30512.5855442
926    30512.5855445
927    30512.5855443
928    30512.585544
929    30512.5855441
930    30512.585544
931    30512.5855437
932    30512.5855435
933    30512.5855434
934    30512.5855432
935    30512.5855431
936    30512.585543
937    30512.5855431
938    30512.5855428
939    30512.5855428
940    30512.5855427
941    30512.5855425
942    30512.5855426
943    30512.5855427
944    30512.5855428
945    30512.5855429
946    30512.5855425
947    30512.5855423
948    30512.5855425
949    30512.5855427
950    30512.5855428
951    30512.5855426
952    30512.5855428
953    30512.585543
954    30512.5855427
955    30512.5855427
956    30512.5855426
957    30512.5855427
958    30512.5855428
959    30512.5855429
960    30512.5855428
961    30512.585543
962    30512.5855433
963    30512.5855435
964    30512.5855431
965    30512.5855433
966    30512.5855433
967    30512.5855433
968    30512.5855432
969    30512.585543
970    30512.5855427
971    30512.5855429
972    30512.5855431
973    30512.5855433
974    30512.5855435
975    30512.5855432
976    30512.5855431
977    30512.5855431
978    30512.5855427
979    30512.585543
980    30512.585543
981    30512.5855431
982    30512.5855428
983    30512.5855432
984    30512.5855431
985    30512.5855432
986    30512.5855431
987    30512.5855429
988    30512.5855429
989    30512.5855431
990    30512.5855428
991    30512.5855428
992    30512.5855428
993    30512.5855427
994    30512.5855426
995    30512.5855424
996    30512.5855422
997    30512.5855417
998    30512.5855415
999    30512.5855414
1000    30512.5855414
1001    30512.5855411
1002    30512.5855411
1003    30512.5855411
1004    30512.5855412
1005    30512.5855412
1006    30512.5855412
1007    30512.5855412
1008    30512.5855412
1009    30512.5855412
1010    30512.5855414
1011    30512.5855411
1012    30512.5855407
1013    30512.5855405
1014    30512.5855403
1015    30512.5855399
1016    30512.5855401
1017    30512.58554
1018    30512.5855399
1019    30512.58554
1020    30512.5855401
1021    30512.5855401
1022    30512.5855402
1023    30512.5855403
1024    30512.5855404
