#x,Ay
1    -0
2    -1.4490105e-07
3    -5.29513e-08
4    2.788956e-07
5    1.6138875e-07
6    -1.040655e-08
7    -1.0030985e-07
8    -4.703295e-08
9    -1.2477395e-07
10    -2.822733e-07
11    -2.34856635e-07
12    -2.7213418e-07
13    -2.30600995e-07
14    -1.95927995e-07
15    -1.9095145e-07
16    -4.190584e-07
17    -2.2388685e-07
18    -2.747336e-07
19    -6.6734545e-07
20    -6.02383e-07
21    -5.7115172e-07
22    -6.0670841e-07
23    -6.30681995e-07
24    -7.65095095e-07
25    -1.021142745e-06
26    -1.052408905e-06
27    -9.25472255e-07
28    -1.120278255e-06
29    -1.229297055e-06
30    -1.140975105e-06
31    -8.97287405e-07
32    -1.088302855e-06
33    -1.197751855e-06
34    -1.088712705e-06
35    -1.063806745e-06
36    -9.62624845e-07
37    -8.48303945e-07
38    -7.57051845e-07
39    -6.28115245e-07
40    -2.87733795e-07
41    -3.70939695e-07
42    -4.15780885e-07
43    -6.2772035e-08
44    -1.0770043e-07
45    -1.48983625e-07
46    -4.11019425e-07
47    -5.38060725e-07
48    -3.5953225e-08
49    1.47364875e-07
50    7.8960675e-08
51    -4.0656525e-08
52    2.7776725e-08
53    2.42826075e-07
54    2.77545585e-07
55    3.62007235e-07
56    3.9451753e-07
57    1.4893453e-07
58    3.7939023e-07
59    4.9453668e-07
60    4.97769105e-07
61    6.40158655e-07
62    8.82515055e-07
63    1.061891455e-06
64    9.39338305e-07
65    1.024334855e-06
66    8.27273155e-07
67    9.53698205e-07
68    5.56040055e-07
69    7.37195455e-07
70    7.5100884e-07
71    6.4292024e-07
72    7.8847244e-07
73    7.0527819e-07
74    6.9713899e-07
75    7.0546423e-07
76    7.5795043e-07
77    7.62740932e-07
78    7.30230632e-07
79    9.30873582e-07
80    1.072321282e-06
81    1.120156537e-06
82    1.011486537e-06
83    9.14769537e-07
84    1.131876937e-06
85    1.071367787e-06
86    8.64736687e-07
87    6.20049037e-07
88    1.058263687e-06
89    9.54105137e-07
90    1.181909787e-06
91    1.162085012e-06
92    1.217733912e-06
93    1.088417262e-06
94    1.297792412e-06
95    1.361696762e-06
96    1.572641612e-06
97    1.414601562e-06
98    1.367109317e-06
99    1.192290867e-06
100    1.210999407e-06
101    1.364647207e-06
102    1.472782307e-06
103    1.334546657e-06
104    1.112416207e-06
105    1.207389057e-06
106    1.470285307e-06
107    1.198313157e-06
108    6.31685157e-07
109    3.86625407e-07
110    3.28412657e-07
111    3.68899372e-07
112    1.42231322e-07
113    4.13272572e-07
114    8.25162722e-07
115    8.16360752e-07
116    9.39082502e-07
117    1.195374352e-06
118    1.078530302e-06
119    1.178875052e-06
120    1.027927752e-06
121    1.139504602e-06
122    1.031485752e-06
123    1.218547852e-06
124    1.138306952e-06
125    1.083181302e-06
126    1.122865727e-06
127    9.35326877e-07
128    1.082006927e-06
129    1.028125427e-06
130    1.459988577e-06
131    1.405176877e-06
132    1.629725827e-06
133    1.784998527e-06
134    1.682095777e-06
135    1.720908142e-06
136    1.674212372e-06
137    1.607889522e-06
138    1.643254352e-06
139    1.819005902e-06
140    1.843097942e-06
141    1.656035842e-06
142    1.65573353209e-06
143    1.70959178209e-06
144    1.81797108209e-06
145    1.96842423209e-06
146    1.77564143209e-06
147    1.78401318209e-06
148    2.01957333209e-06
149    2.02738696709e-06
150    1.95583176709e-06
151    1.74672406709e-06
152    1.44203881709e-06
153    1.58039361709e-06
154    1.85917291709e-06
155    1.68173831709e-06
156    1.56415591709e-06
157    1.62772891709e-06
158    1.40827421709e-06
159    1.35216021709e-06
160    1.37513021209e-06
161    1.23951946209e-06
162    1.48589311209e-06
163    1.41682616209e-06
164    1.47183556209e-06
165    1.21190431209e-06
166    1.01495886209e-06
167    1.20702076209e-06
168    1.14776736209e-06
169    8.72197212085e-07
170    9.75704612085e-07
171    8.13751912085e-07
172    9.14724512085e-07
173    7.85683262085e-07
174    8.41820512085e-07
175    8.30082627085e-07
176    9.91913227085e-07
177    1.39287357709e-06
178    1.31901612709e-06
179    1.46391137709e-06
180    1.19977102709e-06
181    1.26693107709e-06
182    1.35821802709e-06
183    1.26956177709e-06
184    1.19156497709e-06
185    1.30530452709e-06
186    1.34262857709e-06
187    1.39627172709e-06
188    1.59272882709e-06
189    1.40285287709e-06
190    1.57398542709e-06
191    1.88806562709e-06
192    1.94571442709e-06
193    2.11714927709e-06
194    1.91176232709e-06
195    1.82407987709e-06
196    1.29154337709e-06
197    1.35911037709e-06
198    1.29571762709e-06
199    1.65719122709e-06
200    1.48251632709e-06
201    1.18669122709e-06
202    1.36271312709e-06
203    1.34634751709e-06
204    1.57473351709e-06
205    1.58808181209e-06
206    1.49384441209e-06
207    1.52263393709e-06
208    2.03318293709e-06
209    2.19851338709e-06
210    2.38669173709e-06
211    2.44031743709e-06
212    2.31048553709e-06
213    2.19710353709e-06
214    2.16740707709e-06
215    1.98879812709e-06
216    1.68736857709e-06
217    1.47172622709e-06
218    1.55060672709e-06
219    1.51209667209e-06
220    1.92123112209e-06
221    1.49066152209e-06
222    1.56055402209e-06
223    1.76026677209e-06
224    1.71798143709e-06
225    1.59035873709e-06
226    1.43902773709e-06
227    1.34005503709e-06
228    1.50224608709e-06
229    1.55601133709e-06
230    1.77700228709e-06
231    1.78365318209e-06
232    1.45389923209e-06
233    1.45513610509e-06
234    1.36040740509e-06
235    1.40330099009e-06
236    1.52066829009e-06
237    1.68737079009e-06
238    1.55821329009e-06
239    1.33468754009e-06
240    1.53628394009e-06
241    1.36812804009e-06
242    1.18826329009e-06
243    1.41371919009e-06
244    8.06720690085e-07
245    6.07519540085e-07
246    4.95617140085e-07
247    2.66219540085e-07
248    5.60762740085e-07
249    5.55646670085e-07
250    2.25322970085e-07
251    3.85807670085e-07
252    1.08563220085e-07
253    2.23721320085e-07
254    2.61161650085e-07
255    3.27600800085e-07
256    2.9270000085e-08
257    2.05797650085e-07
258    5.77689450085e-07
259    8.89304600085e-07
260    8.94798560085e-07
261    7.58059960085e-07
262    5.61230810085e-07
263    6.22670160085e-07
264    6.54064225085e-07
265    6.63319655085e-07
266    5.22511455085e-07
267    3.53634655085e-07
268    3.22763825085e-07
269    3.35530750085e-07
270    4.99245000085e-07
271    3.27205500085e-07
272    3.45623345085e-07
273    2.64196445085e-07
274    2.53127125085e-07
275    9.6831175085e-08
276    -3.8372624915e-08
277    1.75804675085e-07
278    2.2367547258
279    8.8890512258
280    15.6586587258
281    22.4283252258
282    29.1981932258
283    35.9678432258
284    42.7371932258
285    49.5077647258
286    56.2773547258
287    64.1668082258
288    79.7987687258
289    107.314217226
290    141.161211226
291    175.706680726
292    215.318333726
293    255.935839226
294    296.555658726
295    340.694205726
296    392.170985726
297    452.368645726
298    513.298065726
299    574.223225726
300    635.154455726
301    699.581545726
302    774.263495726
303    859.356235726
304    947.619200726
305    1041.11901073
306    1142.60823573
307    1251.76552073
308    1374.77467573
309    1514.53983073
310    1660.85385573
311    1825.87607573
312    2009.20734073
313    2202.50690073
314    2413.29492573
315    2633.71436573
316    2858.80328573
317    3092.54175073
318    3330.69758573
319    3573.86256573
320    3820.93830573
321    4080.91261573
322    4346.03000573
323    4616.19485573
324    4893.61456073
325    5197.40234573
326    5524.31602573
327    5863.17542073
328    6219.95676573
329    6588.87902073
330    6967.26602573
331    7346.68579573
332    7739.35252073
333    8162.35905573
334    8626.01401073
335    9134.89481073
336    9670.27881073
337    10226.7003607
338    10830.4162107
339    11476.7776107
340    12168.4117107
341    12905.1511107
342    13714.0441107
343    14594.5907107
344    15582.1661107
345    16710.3479607
346    18010.6782107
347    19558.9190107
348    21519.6150607
349    24173.5211107
350    28265.9444607
351    36711.9959607
352    48742.4274607
353    51119.2543607
354    51476.1848807
355    51220.4478257
356    51380.0410307
357    51303.7823857
358    51090.3562507
359    50898.7978807
360    50926.2642387
361    50782.7625087
362    50621.2127787
363    50763.5998237
364    50876.8018987
365    50677.9368987
366    51007.7443187
367    51124.0387687
368    51429.1818587
369    51523.6786887
370    51500.8264467
371    51362.0605217
372    50940.3720367
373    50778.2501117
374    50716.4096467
375    50602.0877667
376    50718.4676617
377    50937.0889167
378    51030.4740617
379    50783.2413867
380    50649.2663267
381    50648.1922338
382    50686.3072188
383    50659.6054408
384    50578.0692608
385    50501.3839358
386    50661.3912758
387    50494.7770958
388    50564.5468508
389    50495.2716558
390    50258.3524008
391    50329.3606708
392    50207.5192308
393    49995.1875058
394    50099.7102458
395    50378.6988408
396    50194.5808758
397    50017.4481458
398    49837.2247608
399    49927.6613708
400    49773.6135558
401    49718.2972108
402    49597.2289408
403    49537.7944208
404    49639.6022608
405    49632.8764183
406    49804.7502733
407    49597.3287083
408    49576.1661088
409    49641.4508588
410    49861.3864588
411    49738.7527188
412    49757.2906118
413    49646.5105018
414    49553.8955918
415    49527.9484223
416    49420.9151923
417    49265.1495973
418    49311.9466788
419    49593.8496988
420    49313.7090438
421    49554.2523988
422    49807.3603988
423    49714.0069688
424    49899.5857538
425    49817.7099388
426    49728.0677288
427    49592.2178488
428    49579.6433193
429    49755.7669143
430    49924.1488143
431    49942.7021163
432    49874.1496563
433    49938.5038463
434    49782.2727213
435    49818.7466848
436    49889.7081948
437    50124.5121748
438    50296.4276648
439    50085.3819998
440    50116.1729348
441    50186.5672598
442    50294.1038998
443    50120.4946098
444    50025.5564998
445    50148.7862248
446    50180.3056488
447    50088.3167888
448    49963.4042088
449    49928.6978663
450    49972.6881383
451    50134.9400983
452    49978.0068233
453    50199.6271083
454    50314.7473783
455    50335.7347883
456    50052.3249483
457    50029.9949618
458    50060.1766243
459    50202.6954393
460    50318.2051193
461    50253.3335343
462    50313.9247343
463    50257.4404693
464    50219.5457213
465    50267.2110473
466    50141.6256823
467    50140.3585044
468    50093.4595554
469    50120.3661434
470    50049.6360234
471    49816.8256084
472    49973.8626134
473    49716.2540134
474    49776.6191234
475    49985.1007734
476    50145.6956334
477    50283.7673384
478    50057.6416984
479    49959.4286684
480    50183.6959334
481    50046.0766834
482    49728.4444184
483    49886.6098284
484    49966.5062484
485    49865.7064334
486    50200.1433584
487    50023.1065584
488    50042.8592894
489    49850.9041394
490    49962.0003894
491    50040.6270144
492    49833.5261494
493    49482.4503294
494    49693.1223544
495    49658.8145684
496    49530.7686834
497    49766.2545634
498    49582.0807884
499    49604.7390539
500    49547.6384889
501    49635.0047539
502    49589.5678414
503    49634.6165554
504    49798.0713254
505    49568.6894054
506    49498.0450254
507    49656.9916754
508    49618.0444779
509    49542.9782229
510    49561.3935919
511    49543.6280279
512    49313.9262929
513    49212.9460879
514    49400.9882679
515    49355.5565469
516    49458.3925569
517    49498.5024114
518    49295.0846464
519    49577.1676464
520    49433.1380114
521    49637.6293564
522    49429.1400914
523    49584.9810214
524    49752.3558064
525    49584.5185714
526    49603.4612619
527    49397.1969819
528    49339.3772119
529    49625.7390169
530    49591.7385739
531    49676.3359989
532    49713.5497639
533    49681.4539124
534    49629.3502224
535    49548.2175724
536    49387.1964724
537    49423.8781184
538    49454.5429019
539    49665.1145969
540    49805.1161919
541    49639.0735269
542    49707.5162469
543    49637.2319869
544    49752.4905519
545    49505.6140219
546    49359.9514369
547    49340.1734784
548    49401.2846184
549    49475.5113034
550    49580.4250884
551    49283.4609084
552    49340.5346934
553    49406.5435784
554    49321.6321284
555    49400.8224484
556    49261.8840184
557    49266.8245797
558    49284.0964417
559    49305.8276212
560    49369.4587762
561    49614.8930012
562    49787.7347412
563    49799.8855532
564    49769.1737962
565    49770.0276889
566    49924.5839189
567    49907.7951779
568    49750.9336879
569    49906.0706829
570    49960.4315679
571    50031.4317429
572    50123.4463529
573    49868.2121829
574    50041.1483129
575    49925.8126129
576    49545.2598079
577    49755.6406879
578    49557.1037579
579    49696.9134079
580    49947.5169079
581    49751.5971179
582    49741.5448519
583    50050.8329919
584    50372.9898619
585    49920.4460869
586    49993.2688369
587    49989.6006411
588    50108.1559711
589    49991.6990411
590    49871.0677161
591    50087.0656661
592    49985.3635211
593    50004.3174271
594    50134.3114621
595    49941.4783571
596    49781.9486071
597    49987.2593171
598    50181.2921621
599    50193.2138161
600    50135.4479411
601    49959.5171011
602    50117.3677261
603    49904.0955211
604    50088.2091011
605    50062.3604046
606    50385.6385346
607    50252.4365546
608    50160.9128296
609    50369.5776946
610    50295.4895846
611    50199.0071396
612    50315.8134246
613    50526.4469696
614    50416.6190046
615    50581.4753846
616    50558.6293201
617    50509.5956691
618    50602.0293841
619    50540.1301441
620    50657.3947041
621    50706.7804476
622    50634.9389626
623    50538.0215076
624    50856.7174626
625    50484.7662576
626    50503.8076261
627    50480.7484721
628    50504.1553201
629    50188.1537751
630    50266.9011401
631    50519.4496651
632    50466.3171351
633    50145.6646651
634    50294.5483351
635    50315.3967676
636    50395.4799376
637    50295.3430926
638    50152.5363826
639    50362.9821476
640    49993.8494826
641    50130.5598226
642    50301.7714676
643    49894.7944626
644    49903.3267181
645    49948.4663021
646    49957.1944621
647    50247.8250171
648    49794.5136521
649    50144.0535921
650    49756.0215321
651    49588.2287271
652    49361.7174471
653    49656.8201171
654    50116.0359471
655    50307.0278371
656    50249.8812521
657    50300.1849971
658    50175.1722021
659    50319.1591371
660    50129.4170771
661    49837.2519171
662    49994.1080921
663    50132.1851821
664    50036.3922021
665    49944.3098921
666    49919.5835461
667    49815.9994661
668    49928.7163061
669    49897.6027291
670    50273.3531391
671    50271.2032234
672    49630.3788234
673    46936.4792734
674    35336.8627734
675    26892.7967734
676    22683.6151234
677    19973.7572234
678    17932.7766234
679    16249.7721734
680    14822.1051234
681    13603.2229234
682    12549.3116234
683    11633.8561734
684    10815.9460734
685    10098.8528234
686    9452.55352338
687    8854.46382338
688    8304.17852338
689    7806.85449338
690    7337.68628338
691    6884.79479838
692    6457.11398838
693    6039.60956838
694    5639.69599338
695    5255.91578338
696    4892.17332838
697    4541.12933338
698    4197.11444338
699    3867.23314838
700    3543.25664838
701    3229.16260838
702    2924.54935338
703    2643.07929838
704    2371.45232338
705    2100.66170838
706    1829.86908838
707    1561.06882338
708    1306.77267838
709    1058.41962338
710    820.377693376
711    601.180153376
712    402.507318376
713    215.716363376
714    46.3619283758
715    -106.461091624
716    -248.013456624
717    -380.938416624
718    -498.608981624
719    -613.693206624
720    -728.467466624
721    -836.428296624
722    -934.772356624
723    -1020.03478662
724    -1091.86609162
725    -1145.23012662
726    -1188.41570362
727    -1222.54276912
728    -1255.77526812
729    -1282.63515412
730    -1303.41737362
731    -1323.72537512
732    -1344.03535162
733    -1364.24748212
734    -1380.12634662
735    -1393.66595112
736    -1407.13448112
737    -1416.38620412
738    -1423.15493062
739    -1428.91912212
740    -1429.61865932
741    -1429.61865951
742    -1429.61865939
743    -1429.61865958
744    -1429.61865951
745    -1429.61865957
746    -1429.61865962
747    -1429.61865973
748    -1429.61865972
749    -1429.61865966
750    -1429.61865959
751    -1429.61865969
752    -1429.61865998
753    -1429.61866012
754    -1429.6186599
755    -1429.61865983
756    -1429.61865971
757    -1429.61865962
758    -1429.61865942
759    -1429.61865946
760    -1429.61865963
761    -1429.61865982
762    -1429.61865973
763    -1429.61866004
764    -1429.61866015
765    -1429.61865996
766    -1429.61865981
767    -1429.61865957
768    -1429.61865971
769    -1429.61865997
770    -1429.61865991
771    -1429.61866016
772    -1429.61865995
773    -1429.61865999
774    -1429.61865993
775    -1429.61866022
776    -1429.61866002
777    -1429.61866006
778    -1429.61865996
779    -1429.61865982
780    -1429.61865959
781    -1429.61865965
782    -1429.61865979
783    -1429.61865967
784    -1429.61865966
785    -1429.61865956
786    -1429.61865942
787    -1429.61865978
788    -1429.61865983
789    -1429.61865985
790    -1429.61866014
791    -1429.61866005
792    -1429.61866025
793    -1429.61865988
794    -1429.61865988
795    -1429.61865975
796    -1429.61865966
797    -1429.61865959
798    -1429.61865929
799    -1429.61865933
800    -1429.61865931
801    -1429.61865881
802    -1429.6186587
803    -1429.61865846
804    -1429.61865837
805    -1429.6186582
806    -1429.61865811
807    -1429.61865796
808    -1429.61865793
809    -1429.61865771
810    -1429.6186578
811    -1429.61865791
812    -1429.61865788
813    -1429.61865769
814    -1429.6186579
815    -1429.61865835
816    -1429.6186582
817    -1429.61865813
818    -1429.61865815
819    -1429.61865843
820    -1429.61865816
821    -1429.61865789
822    -1429.61865791
823    -1429.61865785
824    -1429.61865765
825    -1429.61865793
826    -1429.61865801
827    -1429.61865814
828    -1429.61865825
829    -1429.61865822
830    -1429.61865803
831    -1429.61865756
832    -1429.61865781
833    -1429.61865812
834    -1429.61865815
835    -1429.61865776
836    -1429.61865781
837    -1429.61865744
838    -1429.61865757
839    -1429.6186574
840    -1429.61865732
841    -1429.61865739
842    -1429.61865707
843    -1429.61865742
844    -1429.61865729
845    -1429.61865723
846    -1429.61865726
847    -1429.61865733
848    -1429.61865756
849    -1429.61865748
850    -1429.61865732
851    -1429.61865718
852    -1429.61865703
853    -1429.61865691
854    -1429.61865707
855    -1429.61865722
856    -1429.61865744
857    -1429.61865753
858    -1429.61865766
859    -1429.61865778
860    -1429.61865753
861    -1429.61865739
862    -1429.61865744
863    -1429.61865737
864    -1429.61865724
865    -1429.61865724
866    -1429.6186575
867    -1429.61865735
868    -1429.61865726
869    -1429.61865726
870    -1429.61865703
871    -1429.61865708
872    -1429.61865702
873    -1429.618657
874    -1429.61865694
875    -1429.61865716
876    -1429.61865737
877    -1429.61865678
878    -1429.61865697
879    -1429.61865709
880    -1429.6186569
881    -1429.61865696
882    -1429.61865698
883    -1429.618657
884    -1429.61865713
885    -1429.61865699
886    -1429.61865721
887    -1429.61865733
888    -1429.61865741
889    -1429.61865737
890    -1429.61865736
891    -1429.61865774
892    -1429.61865768
893    -1429.6186576
894    -1429.61865775
895    -1429.61865749
896    -1429.61865743
897    -1429.61865747
898    -1429.61865733
899    -1429.61865756
900    -1429.61865748
901    -1429.61865754
902    -1429.61865795
903    -1429.61865757
904    -1429.61865763
905    -1429.6186573
906    -1429.61865752
907    -1429.6186578
908    -1429.61865803
909    -1429.61865808
910    -1429.61865798
911    -1429.6186578
912    -1429.61865819
913    -1429.61865826
914    -1429.61865822
915    -1429.61865791
916    -1429.61865784
917    -1429.61865778
918    -1429.61865795
919    -1429.61865811
920    -1429.61865812
921    -1429.61865809
922    -1429.61865809
923    -1429.61865776
924    -1429.61865745
925    -1429.61865712
926    -1429.61865716
927    -1429.61865735
928    -1429.6186572
929    -1429.61865749
930    -1429.6186574
931    -1429.61865756
932    -1429.61865746
933    -1429.61865748
934    -1429.61865746
935    -1429.61865721
936    -1429.61865728
937    -1429.61865718
938    -1429.6186572
939    -1429.61865739
940    -1429.61865733
941    -1429.61865739
942    -1429.6186576
943    -1429.61865753
944    -1429.61865725
945    -1429.61865748
946    -1429.61865744
947    -1429.6186575
948    -1429.61865744
949    -1429.61865725
950    -1429.61865737
951    -1429.61865731
952    -1429.61865754
953    -1429.61865742
954    -1429.61865745
955    -1429.61865743
956    -1429.61865725
957    -1429.61865726
958    -1429.61865747
959    -1429.61865714
960    -1429.61865711
961    -1429.61865711
962    -1429.61865713
963    -1429.61865702
964    -1429.61865727
965    -1429.61865728
966    -1429.61865738
967    -1429.61865745
968    -1429.61865753
969    -1429.61865801
970    -1429.61865819
971    -1429.61865817
972    -1429.61865843
973    -1429.61865885
974    -1429.61865875
975    -1429.61865853
976    -1429.61865881
977    -1429.61865867
978    -1429.61865835
979    -1429.61865826
980    -1429.61865831
981    -1429.61865823
982    -1429.61865831
983    -1429.61865862
984    -1429.61865889
985    -1429.61865875
986    -1429.61865831
987    -1429.61865824
988    -1429.61865813
989    -1429.61865817
990    -1429.61865819
991    -1429.61865825
992    -1429.61865807
993    -1429.61865803
994    -1429.61865799
995    -1429.61865769
996    -1429.6186576
997    -1429.61865782
998    -1429.61865763
999    -1429.6186578
1000    -1429.61865767
1001    -1429.61865757
1002    -1429.61865745
1003    -1429.61865753
1004    -1429.61865753
1005    -1429.6186574
1006    -1429.61865729
1007    -1429.61865713
1008    -1429.61865749
1009    -1429.61865741
1010    -1429.6186573
1011    -1429.61865764
1012    -1429.61865772
1013    -1429.61865778
1014    -1429.61865797
1015    -1429.61865774
1016    -1429.61865792
1017    -1429.6186577
1018    -1429.61865783
1019    -1429.61865773
1020    -1429.61865739
1021    -1429.61865756
1022    -1429.61865736
1023    -1429.61865728
1024    -1429.61865714
