#x,Ay
1    -0
2    1.035074e-07
3    -7.94851e-08
4    -4.8044525e-08
5    -5.3712895e-08
6    3.9271655e-08
7    5.713139e-08
8    2.5010024e-07
9    2.478212615e-07
10    2.619093465e-07
11    3.507661965e-07
12    5.145385465e-07
13    4.982601465e-07
14    4.300478465e-07
15    2.714147965e-07
16    6.236794465e-07
17    3.589111965e-07
18    6.221911465e-07
19    4.525003965e-07
20    1.629773465e-07
21    1.789272765e-07
22    3.163751265e-07
23    3.076429265e-07
24    4.440472265e-07
25    -8.2249735e-09
26    -7.6203455e-09
27    3.597251045e-07
28    5.167303045e-07
29    7.812544045e-07
30    6.763982045e-07
31    3.128782045e-07
32    8.3790045e-09
33    4.396055545e-07
34    7.722431045e-07
35    3.589576545e-07
36    4.475121545e-07
37    5.093236045e-07
38    5.239799845e-07
39    3.182209345e-07
40    5.820706345e-07
41    1.881332345e-07
42    3.889157345e-07
43    5.039575345e-07
44    6.711134845e-07
45    3.898226845e-07
46    2.960823345e-07
47    3.947875845e-07
48    3.842298795e-07
49    6.193888795e-07
50    3.338540295e-07
51    1.86227295e-08
52    1.8576219325e-08
53    -2.5375475675e-08
54    -1.67183625675e-07
55    -1.24022600675e-07
56    -1.73392670675e-07
57    -4.5134670675e-08
58    -2.99141720675e-07
59    -3.27931240675e-07
60    -8.32212740675e-07
61    -1.02718154067e-06
62    -9.58597140675e-07
63    -1.07893814067e-06
64    -1.09982100567e-06
65    -9.59361605675e-07
66    -8.09077055675e-07
67    -8.34099290675e-07
68    -8.28425110675e-07
69    -8.87271560675e-07
70    -1.15795816067e-06
71    -1.06052026067e-06
72    -1.26367476067e-06
73    -9.53437460675e-07
74    -1.11174496067e-06
75    -1.47745096067e-06
76    -1.28920286068e-06
77    -1.44603366067e-06
78    -1.29085396067e-06
79    -1.43966181068e-06
80    -1.70502596068e-06
81    -1.95177166067e-06
82    -2.19278506068e-06
83    -2.22350473068e-06
84    -2.29536228067e-06
85    -2.53167818068e-06
86    -2.46423908067e-06
87    -2.32164028067e-06
88    -2.27671188567e-06
89    -2.22522563567e-06
90    -2.42519418567e-06
91    -2.42226407267e-06
92    -2.14890317268e-06
93    -2.19062239767e-06
94    -2.22720229767e-06
95    -1.76794199768e-06
96    -1.70230804767e-06
97    -1.65486812267e-06
98    -2.16382412268e-06
99    -2.36337412267e-06
100    -2.37346673267e-06
101    -2.49676403268e-06
102    -2.50441488268e-06
103    -2.28947018268e-06
104    -2.39644258267e-06
105    -2.42876684267e-06
106    -2.35283679267e-06
107    -2.42641519267e-06
108    -2.68779984268e-06
109    -2.81400399268e-06
110    -2.65514999267e-06
111    -2.34160469267e-06
112    -2.19565319268e-06
113    -2.62515019268e-06
114    -2.47941194267e-06
115    -2.65077704268e-06
116    -2.65789303267e-06
117    -2.46059878267e-06
118    -2.44181466267e-06
119    -2.38623556267e-06
120    -2.41711802267e-06
121    -2.64136467268e-06
122    -2.77135937267e-06
123    -2.59445962267e-06
124    -2.38056137267e-06
125    -2.52409037267e-06
126    -2.70255982267e-06
127    -2.68687441768e-06
128    -2.58064621767e-06
129    -2.22856756768e-06
130    -2.05706001768e-06
131    -1.72221321768e-06
132    -1.72802693268e-06
133    -1.57333558268e-06
134    -1.49766428268e-06
135    -1.47463034268e-06
136    -1.25017439268e-06
137    -1.14645769268e-06
138    -8.54330092675e-07
139    -9.17728642675e-07
140    -1.03709584268e-06
141    -1.10667439268e-06
142    -8.43289792675e-07
143    -9.03984992675e-07
144    -8.53190542675e-07
145    -8.66810622675e-07
146    -9.22285122675e-07
147    -6.22995022675e-07
148    -6.52993797675e-07
149    -4.97084497675e-07
150    -1.95701447675e-07
151    -4.30656947675e-07
152    -7.02436547675e-07
153    -7.52515897675e-07
154    -8.81952447675e-07
155    -8.43605177675e-07
156    -7.53655377675e-07
157    -9.12532627675e-07
158    -1.12531462768e-06
159    -1.19161422768e-06
160    -1.83827822768e-06
161    -2.01517797768e-06
162    -1.84755692768e-06
163    -1.82643569768e-06
164    -1.83594693268e-06
165    -1.96640673267e-06
166    -1.95910470768e-06
167    -2.27960905768e-06
168    -2.25202878768e-06
169    -2.25602861818e-06
170    -2.03368886818e-06
171    -2.03610737818e-06
172    -1.74203802818e-06
173    -1.65427417818e-06
174    -1.46887477818e-06
175    -1.08768102818e-06
176    -1.36787162818e-06
177    -1.64700557818e-06
178    -1.94759792818e-06
179    -1.93704456818e-06
180    -1.91595240818e-06
181    -2.02905245817e-06
182    -2.11960690818e-06
183    -1.93321770818e-06
184    -1.86513400818e-06
185    -1.59829460818e-06
186    -1.41091855818e-06
187    -1.20529905818e-06
188    -9.05032258175e-07
189    -8.08978058175e-07
190    -5.91963658175e-07
191    -6.51217058175e-07
192    -7.59398658175e-07
193    -9.12601708175e-07
194    -1.13603445818e-06
195    -1.46010260818e-06
196    -1.19499715818e-06
197    -1.06128170818e-06
198    -9.93759008175e-07
199    -1.01223499818e-06
200    -1.10386494818e-06
201    -8.68967598175e-07
202    -7.57257048175e-07
203    -4.93605048175e-07
204    -7.19584198175e-07
205    -8.03423048175e-07
206    -1.01744919818e-06
207    -8.88187048175e-07
208    -8.58874288175e-07
209    -9.85171438175e-07
210    -1.02945015318e-06
211    -1.01856687817e-06
212    -1.04668200318e-06
213    -1.08976454318e-06
214    -1.18534204318e-06
215    -1.24794414318e-06
216    -1.23387495318e-06
217    -1.19253943818e-06
218    -1.22741591818e-06
219    -9.52124818175e-07
220    -1.35232941818e-06
221    -1.16201161818e-06
222    -1.30206401818e-06
223    -1.36846826818e-06
224    -1.27626561818e-06
225    -1.48306821818e-06
226    -1.29007031818e-06
227    -1.16716836818e-06
228    -9.44386768175e-07
229    -9.37759128175e-07
230    -7.95532378175e-07
231    -8.57715878175e-07
232    -6.33632028175e-07
233    -5.88310478175e-07
234    -5.50567833175e-07
235    -5.23993338175e-07
236    -3.15559988175e-07
237    2.4891211825e-08
238    1.61420511825e-07
239    2.47260011825e-07
240    3.73766461825e-07
241    2.60968761825e-07
242    1.13300361825e-07
243    9.1734381825e-08
244    -1.27512468175e-07
245    -3.62061018175e-07
246    -4.16663418175e-07
247    -5.89586568175e-07
248    -3.32759868175e-07
249    -1.60348318175e-07
250    -0.000211076148318
251    0.000277535551682
252    0.000802997551682
253    0.00383333655168
254    -0.00253495344832
255    0.00357801155168
256    1.68895771155
257    8.17587371155
258    14.9446262116
259    21.7157537116
260    28.4849317116
261    35.2542627116
262    42.0245777116
263    48.7947762116
264    55.5635077116
265    62.3348812116
266    69.1039707116
267    77.2662817116
268    90.3745377116
269    106.175205712
270    136.696885212
271    180.450777212
272    227.838363712
273    276.210792712
274    337.182282712
275    404.881387712
276    472.815772712
277    551.778657712
278    643.130597712
279    737.907717712
280    832.683302712
281    928.569667712
282    1029.75376771
283    1138.19412771
284    1260.96033271
285    1392.56054271
286    1527.94261771
287    1663.46221771
288    1804.18163771
289    1955.62305771
290    2112.98414771
291    2279.44764771
292    2458.17806271
293    2648.73989771
294    2844.76786271
295    3041.09719271
296    3242.03384771
297    3455.24807771
298    3671.88486271
299    3888.51171271
300    4105.21821271
301    4326.12892771
302    4549.53386271
303    4774.06157271
304    5006.27835271
305    5249.50925771
306    5498.75685771
307    5749.23854271
308    5999.72137271
309    6250.20317771
310    6500.68615271
311    6751.16623771
312    7001.64806771
313    7252.13292771
314    7502.61332271
315    7754.91252771
316    8016.71721271
317    8280.73861271
318    8544.76265771
319    8808.78211271
320    9072.80406771
321    9336.82778271
322    9600.84822271
323    9864.86941771
324    10128.8906327
325    10394.5386777
326    10665.0164627
327    10936.2175177
328    11213.3973377
329    11497.0907427
330    11781.9277927
331    12071.8196727
332    12370.7664977
333    12680.4939977
334    12995.5581327
335    13320.0366977
336    13644.9857327
337    13969.9356277
338    14298.2233727
339    14645.9147477
340    14999.7608577
341    15364.3494627
342    15740.1105227
343    16128.9469977
344    16538.3694377
345    16982.1739877
346    17478.4689827
347    18036.7303327
348    18797.4498327
349    20088.1482327
350    22388.3258327
351    21883.0254327
352    13569.5504327
353    6115.94993271
354    610.790932712
355    -2595.17121729
356    -4218.31101729
357    -5061.61696729
358    -5721.99081729
359    -6016.87639729
360    -6518.42204729
361    -6572.89414729
362    -6868.86314229
363    -6915.71768579
364    -7024.63489079
365    -7123.50229579
366    -7481.55163579
367    -7790.61142579
368    -7774.10491179
369    -7707.22653679
370    -7858.62911679
371    -7785.66309679
372    -7776.11681529
373    -7751.04514829
374    -7685.94769829
375    -7543.57082829
376    -7306.00465329
377    -7146.83637829
378    -7259.28864829
379    -7590.09704829
380    -7736.06111329
381    -7685.41383329
382    -7670.68894879
383    -7656.10716979
384    -7732.02785479
385    -7541.70817979
386    -7709.78677979
387    -7532.54732979
388    -7288.29012979
389    -7365.36230979
390    -7658.69179979
391    -7757.30741479
392    -7589.61402979
393    -7609.12456929
394    -7294.60462929
395    -7070.90582929
396    -7293.82483429
397    -7562.17822929
398    -7347.64482429
399    -7260.68518929
400    -7136.17301429
401    -7225.88380929
402    -7311.78661429
403    -7015.67190429
404    -6930.32072429
405    -6789.17997929
406    -7104.62872929
407    -7296.93953429
408    -7333.96155029
409    -7303.10429579
410    -7313.06380129
411    -7419.93292629
412    -7156.84709129
413    -7131.63356929
414    -7344.94878429
415    -7433.14473929
416    -7354.17416429
417    -7363.05285279
418    -7153.07638779
419    -7382.32903779
420    -7477.85012279
421    -7313.83986279
422    -7419.40719779
423    -7561.58048279
424    -7572.87529379
425    -7919.51842379
426    -7943.40523579
427    -7764.20478579
428    -7682.12495079
429    -7489.00111079
430    -7538.20243679
431    -7701.38396179
432    -7700.93421787
433    -7707.04957987
434    -7744.37819937
435    -7882.79688937
436    -8182.83906937
437    -8169.30862087
438    -8098.48425587
439    -8030.61971587
440    -8183.29023087
441    -7964.10008087
442    -8103.00982587
443    -8078.01217587
444    -8238.72895587
445    -8018.81967087
446    -7818.50655087
447    -8102.04109087
448    -7905.39704587
449    -7903.54092602
450    -8068.60591602
451    -8061.18385352
452    -7963.38213352
453    -7668.22893852
454    -7872.71870852
455    -8195.98854352
456    -8683.26991852
457    -8534.96014852
458    -8286.27857352
459    -8518.08325352
460    -8483.02757602
461    -8406.82794602
462    -8528.88364602
463    -8449.68098602
464    -8801.17521102
465    -8734.21668602
466    -8944.73488602
467    -8984.15846102
468    -8901.70853102
469    -8613.75494102
470    -8838.63070602
471    -8575.33087602
472    -8868.23337602
473    -8950.82778102
474    -8907.97888252
475    -8770.22249752
476    -8738.62330652
477    -8840.82314652
478    -8875.59073452
479    -9095.50534452
480    -8913.26606952
481    -8897.04438752
482    -9052.67353752
483    -9087.00032902
484    -8895.23584902
485    -9029.76192402
486    -9187.51130402
487    -9317.23827902
488    -9388.32709902
489    -9384.49603567
490    -9416.42422767
491    -9516.43602267
492    -9413.04361267
493    -9618.68765267
494    -9526.20738767
495    -9734.88560267
496    -9611.12909767
497    -9473.65929767
498    -9709.48541267
499    -9846.45293767
500    -9972.38983267
501    -9789.33682767
502    -9879.62284767
503    -10136.5592777
504    -9930.96641267
505    -10178.1821527
506    -10108.2410527
507    -9861.39608267
508    -9842.93711167
509    -9821.61823817
510    -10052.7796032
511    -9868.81318817
512    -9798.78024317
513    -9619.35899817
514    -9978.67261317
515    -10252.1665882
516    -10293.4952792
517    -10352.8274942
518    -10227.5491342
519    -10167.1222742
520    -10178.4268182
521    -10505.6654532
522    -10658.5130182
523    -10604.5062682
524    -10400.1048682
525    -10615.5739832
526    -10561.8175882
527    -10488.9619632
528    -10576.4816582
529    -10646.1697732
530    -10520.0690682
531    -10312.4484582
532    -10262.5390667
533    -10089.5696167
534    -10198.8655617
535    -10452.7770317
536    -10379.4424167
537    -10559.8203667
538    -10584.6977172
539    -10517.5629622
540    -10282.0472622
541    -10249.5796272
542    -10257.5411697
543    -10264.7867782
544    -10265.7374991
545    -10384.4394641
546    -10314.3898091
547    -10384.7607541
548    -10341.5474521
549    -10418.3682921
550    -10331.3056521
551    -10462.2476471
552    -9986.05078207
553    -9983.91437537
554    -10035.3698104
555    -9976.68131037
556    -10016.1560779
557    -9930.64484287
558    -10107.8733779
559    -10143.4112979
560    -9840.85341787
561    -9841.35852447
562    -9799.42332297
563    -9780.77660447
564    -9776.11829152
565    -9972.65274652
566    -9966.52567302
567    -10108.054268
568    -10024.831713
569    -9965.08797802
570    -9799.14191802
571    -9812.07925052
572    -9794.39454502
573    -9638.17211002
574    -9855.04083002
575    -9887.92816452
576    -9722.87561452
577    -9634.62962952
578    -9738.62029952
579    -9769.70310252
580    -9679.91275252
581    -9335.98699252
582    -9577.80162252
583    -9414.91957252
584    -9384.23323652
585    -9623.41135152
586    -9575.61013552
587    -9632.64499052
588    -9685.04921552
589    -9672.45073852
590    -9808.42209852
591    -9917.95527352
592    -9871.34489802
593    -9939.15800302
594    -9701.90135802
595    -9861.73490802
596    -9655.89964302
597    -9965.42404302
598    -10010.484656
599    -9833.75610102
600    -9725.10338102
601    -9969.66745102
602    -10204.611411
603    -10539.555296
604    -10694.223716
605    -10431.391241
606    -10299.422186
607    -10494.457691
608    -10705.745796
609    -10439.358031
610    -10088.535386
611    -10276.564826
612    -10351.970546
613    -10300.170851
614    -10309.822439
615    -10475.974714
616    -10474.017434
617    -10619.510684
618    -10766.134714
619    -10803.403368
620    -10777.6745105
621    -10672.3724455
622    -10898.6835955
623    -10786.5161605
624    -10871.1694555
625    -10953.7222905
626    -10452.0605405
627    -10553.0220055
628    -10745.6811555
629    -10677.4627955
630    -10633.6239525
631    -10679.6472535
632    -10694.5538685
633    -10677.3221065
634    -10860.3490215
635    -10738.8513415
636    -10909.5895465
637    -10967.9629065
638    -10849.9949715
639    -10910.2430465
640    -10815.3994065
641    -10911.2738015
642    -10977.1547765
643    -11151.1249815
644    -11001.0105015
645    -10915.3360515
646    -10772.5163865
647    -10374.8662215
648    -9993.07388152
649    -10113.6497365
650    -10094.1367125
651    -10331.1021925
652    -10451.7874725
653    -10522.7488275
654    -10172.8029725
655    -10334.1472175
656    -10437.0344375
657    -10309.3152275
658    -10438.3184525
659    -10357.1850825
660    -10305.9539875
661    -10237.3661275
662    -10252.8899225
663    -10133.1257475
664    -10065.5382125
665    -9937.45684752
666    -9884.18477252
667    -10014.8111675
668    -9962.55862252
669    -9837.42711252
670    -9842.81572652
671    -9901.98082652
672    -10992.1653765
673    -13263.1448765
674    -18950.7298765
675    -27772.0708765
676    -34136.1768765
677    -37773.1555265
678    -40330.2296765
679    -42328.7475265
680    -44009.2055765
681    -45484.8700265
682    -46701.8954265
683    -47747.3832765
684    -48688.1871265
685    -49549.4037265
686    -50357.6803265
687    -51094.0530765
688    -51746.9324765
689    -52342.7585765
690    -52907.7354765
691    -53443.8709765
692    -53945.6340265
693    -54419.3564565
694    -54864.8828415
695    -55284.5568315
696    -55682.4787265
697    -56064.2072915
698    -56438.0944715
699    -56787.6848765
700    -57120.4938865
701    -57443.3858865
702    -57758.9579065
703    -58062.6311915
704    -58356.1109015
705    -58647.1692415
706    -58933.7949515
707    -59208.6801115
708    -59474.0837915
709    -59738.1020415
710    -60000.3040215
711    -60257.7923465
712    -60515.0456815
713    -60769.1593915
714    -61016.3106165
715    -61252.6106165
716    -61482.8710665
717    -61713.0445965
718    -61943.1171815
719    -62167.3884415
720    -62384.1603965
721    -62592.4159265
722    -62791.8051315
723    -62978.5828565
724    -63153.2926365
725    -63315.5895615
726    -63470.4100765
727    -63616.4736715
728    -63757.9215665
729    -63893.5336765
730    -64021.7697265
731    -64135.8519915
732    -64243.7603765
733    -64346.7463215
734    -64448.2933915
735    -64549.8407865
736    -64651.3868415
737    -64752.9346915
738    -64854.4803565
739    -64956.0277615
740    -65057.5750465
741    -65159.1208765
742    -65260.6678315
743    -65358.9716365
744    -65453.7498415
745    -65546.0438615
746    -65630.5435565
747    -65695.0877515
748    -65749.4097965
749    -65803.4309165
750    -65852.2420985
751    -65890.064112
752    -65917.6762465
753    -65943.804495
754    -65964.8609905
755    -65985.1705715
756    -66005.4802765
757    -66025.789564
758    -66046.09883
759    -66066.4078245
760    -66086.7177985
761    -66107.0271155
762    -66127.335625
763    -66147.6427675
764    -66164.376407
765    -66177.915955
766    -66191.4556015
767    -66204.4645615
768    -66212.4703345
769    -66219.240911
770    -66226.0098295
771    -66232.780062
772    -66239.549776
773    -66245.335401
774    -66246.0539912
775    -66246.0539911
776    -66246.0539912
777    -66246.0539914
778    -66246.0539913
779    -66246.0539916
780    -66246.0539913
781    -66246.0539915
782    -66246.0539914
783    -66246.0539913
784    -66246.0539913
785    -66246.0539913
786    -66246.0539913
787    -66246.0539913
788    -66246.0539912
789    -66246.053991
790    -66246.053991
791    -66246.0539912
792    -66246.0539914
793    -66246.0539914
794    -66246.0539911
795    -66246.053991
796    -66246.0539911
797    -66246.0539913
798    -66246.0539913
799    -66246.0539915
800    -66246.0539916
801    -66246.0539916
802    -66246.0539913
803    -66246.0539906
804    -66246.0539901
805    -66246.0539903
806    -66246.0539903
807    -66246.0539901
808    -66246.0539902
809    -66246.0539903
810    -66246.0539907
811    -66246.0539908
812    -66246.0539909
813    -66246.0539911
814    -66246.0539909
815    -66246.0539911
816    -66246.0539912
817    -66246.0539912
818    -66246.0539914
819    -66246.0539913
820    -66246.0539914
821    -66246.0539912
822    -66246.0539911
823    -66246.0539912
824    -66246.053991
825    -66246.0539907
826    -66246.0539906
827    -66246.0539907
828    -66246.0539907
829    -66246.0539907
830    -66246.0539903
831    -66246.0539903
832    -66246.05399
833    -66246.0539901
834    -66246.0539899
835    -66246.0539899
836    -66246.0539899
837    -66246.0539901
838    -66246.0539899
839    -66246.05399
840    -66246.05399
841    -66246.0539903
842    -66246.0539905
843    -66246.0539905
844    -66246.0539906
845    -66246.0539909
846    -66246.0539909
847    -66246.0539911
848    -66246.0539907
849    -66246.0539909
850    -66246.0539907
851    -66246.0539907
852    -66246.0539908
853    -66246.0539907
854    -66246.0539907
855    -66246.0539907
856    -66246.0539907
857    -66246.0539907
858    -66246.053991
859    -66246.0539909
860    -66246.0539908
861    -66246.0539908
862    -66246.0539906
863    -66246.0539906
864    -66246.0539903
865    -66246.0539904
866    -66246.0539901
867    -66246.0539901
868    -66246.0539898
869    -66246.0539901
870    -66246.05399
871    -66246.0539901
872    -66246.05399
873    -66246.0539898
874    -66246.0539898
875    -66246.0539898
876    -66246.0539896
877    -66246.05399
878    -66246.0539894
879    -66246.0539896
880    -66246.0539894
881    -66246.0539895
882    -66246.0539894
883    -66246.0539893
884    -66246.0539893
885    -66246.0539891
886    -66246.0539891
887    -66246.0539893
888    -66246.0539892
889    -66246.0539893
890    -66246.0539891
891    -66246.0539887
892    -66246.0539885
893    -66246.0539883
894    -66246.053988
895    -66246.0539879
896    -66246.053988
897    -66246.0539879
898    -66246.0539881
899    -66246.0539881
900    -66246.0539881
901    -66246.0539881
902    -66246.0539882
903    -66246.0539882
904    -66246.0539883
905    -66246.0539885
906    -66246.0539888
907    -66246.0539887
908    -66246.0539885
909    -66246.0539888
910    -66246.0539885
911    -66246.0539887
912    -66246.0539888
913    -66246.0539887
914    -66246.0539889
915    -66246.0539891
916    -66246.053989
917    -66246.0539888
918    -66246.0539888
919    -66246.053989
920    -66246.053989
921    -66246.0539891
922    -66246.0539886
923    -66246.0539884
924    -66246.0539885
925    -66246.0539887
926    -66246.0539884
927    -66246.0539884
928    -66246.0539884
929    -66246.0539882
930    -66246.0539883
931    -66246.0539884
932    -66246.0539884
933    -66246.0539884
934    -66246.0539884
935    -66246.0539887
936    -66246.0539887
937    -66246.0539886
938    -66246.0539881
939    -66246.0539879
940    -66246.053988
941    -66246.0539879
942    -66246.0539883
943    -66246.0539883
944    -66246.0539886
945    -66246.0539884
946    -66246.0539884
947    -66246.0539883
948    -66246.0539883
949    -66246.0539885
950    -66246.0539886
951    -66246.0539889
952    -66246.0539887
953    -66246.0539887
954    -66246.0539887
955    -66246.0539886
956    -66246.0539886
957    -66246.0539884
958    -66246.0539883
959    -66246.0539882
960    -66246.0539884
961    -66246.0539887
962    -66246.0539888
963    -66246.0539888
964    -66246.053989
965    -66246.0539891
966    -66246.0539889
967    -66246.053989
968    -66246.0539891
969    -66246.0539893
970    -66246.0539892
971    -66246.0539893
972    -66246.0539894
973    -66246.0539895
974    -66246.0539897
975    -66246.0539896
976    -66246.0539892
977    -66246.0539891
978    -66246.0539889
979    -66246.0539887
980    -66246.0539887
981    -66246.0539886
982    -66246.0539889
983    -66246.0539889
984    -66246.0539889
985    -66246.0539889
986    -66246.0539886
987    -66246.0539885
988    -66246.0539883
989    -66246.0539883
990    -66246.0539883
991    -66246.0539882
992    -66246.0539879
993    -66246.0539882
994    -66246.0539882
995    -66246.0539882
996    -66246.0539884
997    -66246.0539885
998    -66246.0539886
999    -66246.0539886
1000    -66246.0539887
1001    -66246.0539888
1002    -66246.053989
1003    -66246.0539891
1004    -66246.053989
1005    -66246.0539892
1006    -66246.0539892
1007    -66246.0539893
1008    -66246.0539894
1009    -66246.05399
1010    -66246.05399
1011    -66246.0539897
1012    -66246.0539892
1013    -66246.0539894
1014    -66246.0539892
1015    -66246.0539891
1016    -66246.0539893
1017    -66246.0539895
1018    -66246.0539893
1019    -66246.0539893
1020    -66246.0539892
1021    -66246.0539891
1022    -66246.0539891
1023    -66246.0539889
1024    -66246.0539889
