#x,Ay
1    -0
2    -1.244484e-07
3    1.98015e-08
4    1.287738e-07
5    -1.7739975e-07
6    -6.935765e-08
7    -1.102397e-07
8    -2.40028e-07
9    -6.854602e-07
10    -5.1596715e-07
11    -5.6536048e-07
12    -5.523988e-07
13    -5.6402623e-07
14    -4.4258933e-07
15    -6.8363763e-07
16    -3.4216323e-07
17    -7.068593e-08
18    -1.15707345e-07
19    2.51719505e-07
20    2.1195369e-07
21    2.4627787e-07
22    5.0047677e-07
23    1.3258487e-07
24    3.2807832e-07
25    4.7567692e-07
26    5.6669647e-07
27    5.90276895e-07
28    1.002864695e-06
29    9.48916295e-07
30    7.58200245e-07
31    6.14787495e-07
32    4.69467845e-07
33    5.29628195e-07
34    6.92842445e-07
35    8.77904645e-07
36    8.4971975e-07
37    8.28749675e-07
38    8.86235675e-07
39    9.72473425e-07
40    8.46315775e-07
41    6.79229575e-07
42    7.90573875e-07
43    7.39761975e-07
44    7.08321395e-07
45    8.98964745e-07
46    1.068678745e-06
47    1.278170195e-06
48    1.25383071e-06
49    1.16322976e-06
50    1.06700116e-06
51    1.37326771e-06
52    1.409170675e-06
53    1.4070893645e-06
54    1.4364835095e-06
55    1.2951986095e-06
56    1.4086125595e-06
57    1.2136670095e-06
58    1.2868733095e-06
59    1.3906132595e-06
60    1.5168406595e-06
61    1.7703884595e-06
62    1.7833027245e-06
63    1.8079877645e-06
64    1.5847992145e-06
65    1.8562532145e-06
66    2.2152443645e-06
67    2.2437780795e-06
68    2.2536381345e-06
69    2.0607041345e-06
70    1.8009473345e-06
71    1.6504418345e-06
72    1.6797080795e-06
73    1.5404579295e-06
74    1.7275898295e-06
75    1.8152417795e-06
76    1.6432604295e-06
77    1.5425203795e-06
78    1.4451522795e-06
79    1.1670241295e-06
80    1.3017162795e-06
81    1.5553338295e-06
82    1.7602324295e-06
83    1.7804874095e-06
84    1.5103705595e-06
85    1.3973519095e-06
86    1.4795520595e-06
87    1.6783695095e-06
88    1.6384874195e-06
89    1.7380647195e-06
90    1.3919393695e-06
91    1.7759236695e-06
92    1.7933415645e-06
93    1.7311958645e-06
94    1.7704500745e-06
95    1.5629701745e-06
96    1.7955653245e-06
97    1.7004296745e-06
98    1.8268024245e-06
99    2.0792804745e-06
100    2.0634264695e-06
101    2.1548413195e-06
102    1.9420128195e-06
103    1.6048638195e-06
104    1.3551763695e-06
105    1.4443238695e-06
106    1.7161732195e-06
107    1.6748493345e-06
108    1.4353707345e-06
109    1.4574396045e-06
110    1.4251618595e-06
111    1.1644748095e-06
112    1.1653584955e-06
113    1.3870165955e-06
114    1.6507645455e-06
115    1.7137038455e-06
116    1.6251725955e-06
117    1.7024717455e-06
118    1.5849568455e-06
119    1.3268278455e-06
120    1.2534354955e-06
121    1.2804576455e-06
122    1.5444933455e-06
123    1.4980766455e-06
124    1.1631600955e-06
125    1.1659986405e-06
126    1.3552488905e-06
127    1.1241260905e-06
128    8.188362405e-07
129    7.622222905e-07
130    5.281853405e-07
131    8.14826405e-08
132    -6.62991095e-08
133    -6.36480555e-08
134    -1.786201055e-07
135    4.80217945e-08
136    1.073216945e-07
137    1.009963745e-07
138    -3.53236255e-08
139    1.636566245e-07
140    -1.033935255e-07
141    6.8199745e-09
142    -1.95975505e-08
143    -2.146826005e-07
144    -1.838699105e-07
145    3.01910895e-08
146    3.514337895e-07
147    3.881183345e-07
148    3.988039395e-07
149    1.930681395e-07
150    3.273649895e-07
151    6.496744895e-07
152    4.463571895e-07
153    1.060920395e-07
154    3.596979395e-07
155    3.612327675e-07
156    3.704591325e-07
157    9.64703325e-08
158    1.087954075e-07
159    9.96417125e-08
160    -3.24924375e-08
161    3.950366125e-07
162    3.872360625e-07
163    7.952019625e-07
164    9.620323625e-07
165    8.516182625e-07
166    9.199875625e-07
167    1.2117895625e-06
168    1.4328968125e-06
169    1.7195071625e-06
170    1.6014189625e-06
171    9.893394625e-07
172    8.571355625e-07
173    9.529688625e-07
174    7.825339625e-07
175    2.753569625e-07
176    2.440617275e-07
177    1.539375275e-07
178    2.32451775e-08
179    8.79518275e-08
180    1.941335275e-07
181    1.548255375e-07
182    3.592822875e-07
183    2.114162375e-07
184    2.573213375e-07
185    4.622431875e-07
186    6.093999375e-07
187    4.966370875e-07
188    3.410155375e-07
189    4.762193375e-07
190    1.326752375e-07
191    5.29459375e-08
192    -2.644306125e-07
193    -1.890383625e-07
194    -2.942666125e-07
195    -1.508480625e-07
196    9.29326875e-08
197    8.53981125e-08
198    2.063699125e-07
199    1.057228625e-07
200    8.6105625e-09
201    -4.4819225e-09
202    8.91363275e-08
203    1.800337775e-07
204    3.077436775e-07
205    6.243303275e-07
206    3.526612275e-07
207    4.475061775e-07
208    6.868975275e-07
209    5.570888775e-07
210    4.586975275e-07
211    5.600712775e-07
212    4.528896275e-07
213    2.405727275e-07
214    2.853150775e-07
215    5.88127275e-08
216    5.71616345e-08
217    2.348869345e-07
218    3.402314845e-07
219    4.862545845e-07
220    7.122278845e-07
221    9.186380845e-07
222    1.2249046345e-06
223    8.660355845e-07
224    1.1164323345e-06
225    1.1416406145e-06
226    1.1817436195e-06
227    1.2045043195e-06
228    1.0995086195e-06
229    8.814012695e-07
230    8.344380795e-07
231    6.061915795e-07
232    3.724918295e-07
233    6.266674795e-07
234    5.245786295e-07
235    5.744603145e-07
236    1.36228145e-08
237    -1.470915355e-07
238    -1.512774035e-07
239    3.2802465e-09
240    3.590796465e-07
241    6.669216965e-07
242    7.917072965e-07
243    9.735719465e-07
244    1.2532872465e-06
245    1.2129865615e-06
246    8.872324115e-07
247    1.1994522115e-06
248    1.5024398115e-06
249    1.6685202115e-06
250    1.3798321615e-06
251    1.3689314515e-06
252    1.6630764015e-06
253    1.3143929515e-06
254    1.5923350515e-06
255    1.7570260015e-06
256    1.9590642515e-06
257    2.0632228015e-06
258    2.1758228515e-06
259    2.2345297515e-06
260    2.1804389515e-06
261    2.2830859015e-06
262    2.2883356915e-06
263    2.0233697915e-06
264    2.2214082415e-06
265    2.2805686415e-06
266    2.3802854915e-06
267    2.3738671515e-06
268    2.5327676015e-06
269    0.693779182768
270    6.44939768277
271    13.2208516828
272    19.9896616828
273    26.7594991828
274    33.5289146828
275    40.2991751828
276    47.0691291828
277    53.8383171828
278    60.6082551828
279    67.3785251828
280    76.3891806828
281    93.5540816828
282    122.741978183
283    156.591777683
284    190.977024183
285    230.370885183
286    270.989675683
287    311.608373683
288    352.228313683
289    394.589811183
290    446.626631183
291    504.828251183
292    565.759321183
293    626.685646183
294    687.613391183
295    749.405076183
296    816.313276183
297    888.071466183
298    965.827826183
299    1052.97982118
300    1145.60267118
301    1240.49522618
302    1339.79585618
303    1442.43557618
304    1556.18476118
305    1685.26803118
306    1824.62320618
307    1970.75943618
308    2135.17691118
309    2317.61990118
310    2505.99537118
311    2704.59542118
312    2918.21517618
313    3135.27876618
314    3358.39442118
315    3591.87197118
316    3828.83669118
317    4069.66684618
318    4313.97817118
319    4565.57290118
320    4826.78649618
321    5106.17494118
322    5390.79070118
323    5684.34395618
324    5993.29399118
325    6310.20098118
326    6644.70948618
327    7000.13685618
328    7370.89784618
329    7752.37598118
330    8147.78649618
331    8569.72684118
332    9003.57749618
333    9442.62974118
334    9895.40772618
335    10383.4124562
336    10911.6534062
337    11472.0648562
338    12079.9356062
339    12736.2095062
340    13433.3678562
341    14168.3774562
342    14979.7945062
343    15878.5926562
344    16865.0159562
345    18002.9590562
346    19328.2015062
347    20945.5803562
348    23055.9508062
349    25896.5297562
350    30413.4432562
351    39435.0437562
352    49904.0057562
353    52419.0639562
354    53099.7982062
355    52904.3928512
356    52732.0063212
357    52773.4908857
358    52724.3202182
359    52827.9977582
360    52722.3148532
361    52532.3965032
362    52190.7660182
363    52219.1839357
364    52507.5406557
365    52405.3583157
366    51935.6707757
367    51994.0895457
368    52098.8897907
369    51983.1045557
370    52416.5310307
371    52377.7213462
372    52530.3853062
373    52696.2254012
374    52773.2788612
375    52591.8673262
376    52467.6615612
377    52251.6502562
378    52321.3603512
379    52280.5089692
380    52419.7920542
381    52529.4594942
382    52539.6890307
383    52444.7130607
384    52182.5550507
385    52061.9678157
386    52172.7514657
387    52333.1667507
388    52301.2711807
389    52184.8243157
390    52141.3261267
391    52412.4153217
392    52683.9005167
393    52261.4049967
394    52193.7960917
395    52280.0193917
396    52383.6440117
397    52437.9092067
398    52641.7632367
399    52519.3322217
400    52508.7982257
401    52492.6641342
402    52590.5245492
403    52529.4178392
404    52565.0711717
405    52677.9525617
406    52703.6562032
407    52462.9984282
408    52552.7675132
409    52517.8556977
410    52575.9470477
411    52484.4053477
412    52299.6743127
413    52330.5664242
414    52465.3825492
415    52766.7010842
416    52494.2510142
417    52427.5028392
418    52711.8265542
419    52615.6014392
420    52257.0655742
421    52280.1289907
422    52185.6492807
423    51993.2853307
424    51960.0941907
425    52120.8128657
426    52284.9204157
427    52115.1355307
428    52346.0489457
429    52409.0114657
430    52071.6427057
431    51898.3981257
432    52008.8295957
433    52128.3905257
434    52196.2604407
435    52281.6508157
436    52142.7637807
437    51871.9315507
438    51983.9680157
439    51986.7179322
440    51932.9924222
441    51956.6083942
442    52096.3591642
443    51784.9099542
444    51979.6381142
445    52397.6778792
446    52340.4819642
447    52247.7559192
448    52501.0982892
449    52559.2972442
450    52530.4110542
451    52647.2633692
452    52278.7081992
453    52417.0674642
454    52335.0906442
455    52298.6417407
456    52378.9356607
457    52351.4829552
458    52401.8732902
459    52473.3832252
460    52196.5730452
461    52006.4277952
462    51856.1952302
463    52001.6829702
464    51789.0158852
465    51841.3832552
466    52019.2279902
467    51950.3420852
468    51875.1458152
469    51973.8984102
470    51997.3135192
471    51938.0368542
472    52168.0235042
473    52262.5177742
474    52091.8395442
475    52025.8943342
476    52018.7429667
477    52171.8704017
478    51861.4910867
479    52020.7297317
480    52156.9828017
481    51926.6920617
482    52069.5921617
483    51933.0322817
484    51798.5719967
485    51909.2616167
486    51755.7280417
487    51755.4946068
488    51849.4328968
489    51713.5762468
490    51589.3913018
491    51431.8679768
492    51498.8703618
493    51481.1412968
494    51778.0735868
495    51544.3225468
496    51375.6534568
497    51290.5681368
498    51213.9065368
499    51465.7589868
500    51455.1466638
501    51365.2347638
502    51131.7740088
503    51061.2063988
504    50972.4316088
505    51167.8883238
506    51303.3212438
507    51211.3741638
508    51252.6985133
509    51038.7597033
510    51299.8640983
511    51494.8234983
512    51340.0949183
513    51404.9298533
514    51593.2526683
515    51511.7104233
516    51341.6144583
517    51156.8799633
518    51250.7625383
519    51141.9310833
520    51168.6614973
521    51238.5155873
522    51054.8787173
523    51141.1120823
524    51344.4923873
525    51349.4847204
526    51406.3712954
527    51487.3427504
528    51556.2767104
529    51294.2181104
530    51406.8532454
531    51289.8763304
532    50988.2470154
533    51236.2382904
534    51090.9890504
535    51274.7823454
536    51409.3046954
537    51565.7808754
538    51462.7967854
539    51277.7994504
540    51191.4668304
541    51155.8374134
542    51106.3680809
543    51091.6062684
544    51023.4291884
545    51164.4066484
546    51400.9132534
547    51523.5727434
548    51355.3616034
549    51452.1068484
550    51650.0018534
551    51520.7899384
552    51399.9559534
553    51481.5474534
554    51554.1490734
555    51386.1866134
556    51353.4304609
557    51472.6578959
558    51544.7433459
559    51691.2314809
560    51488.6285759
561    51326.3610509
562    51337.8530409
563    51349.1621649
564    51466.8290299
565    51729.1390999
566    51944.6658899
567    51893.7907749
568    52088.1622999
569    51955.6422499
570    51856.7834899
571    51661.4610199
572    51813.3951649
573    51744.1624849
574    51810.1279899
575    51996.7102699
576    51947.1217694
577    52084.3650694
578    52222.9118094
579    52302.3191744
580    52048.2219294
581    52021.0841449
582    51962.6913599
583    51974.4571724
584    51839.6761324
585    51803.3459309
586    51953.0178559
587    52157.0409259
588    52195.9514259
589    52036.7984709
590    52026.8288044
591    52283.5599594
592    52172.2697444
593    52000.5055194
594    52106.0173944
595    52065.4649364
596    51967.3704964
597    51985.9654709
598    51783.7436959
599    51558.9033009
600    51554.4003262
601    51823.7837012
602    51992.4117112
603    51755.8100412
604    51518.9881662
605    51654.3262712
606    51779.4031712
607    51697.1033462
608    51462.2910512
609    51658.3040462
610    51487.9542612
611    51650.2210162
612    51601.5138112
613    51474.5572462
614    51191.0945062
615    51270.4165562
616    51346.4763062
617    50940.3511462
618    51300.9436112
619    51217.3858012
620    51203.9500292
621    51324.8436942
622    51234.6564392
623    51208.8962882
624    51424.8493082
625    51424.7217421
626    51353.6248721
627    51414.3348571
628    51349.0360921
629    51293.9744221
630    51445.8431771
631    51420.3358671
632    51359.7191771
633    51198.4484771
634    51205.8845621
635    51324.6956871
636    51352.5932616
637    51250.2387266
638    51287.4861916
639    51163.4908916
640    51275.6573716
641    51356.7572166
642    51389.9829346
643    51426.5197361
644    51326.7372011
645    51361.8443806
646    51511.7908906
647    51192.8116556
648    51215.8869811
649    51386.9792661
650    51745.4994861
651    51958.4675061
652    51938.2346756
653    52035.1619256
654    51949.4192306
655    51641.0528956
656    51597.9869526
657    51473.4853776
658    51503.8926401
659    51669.6282051
660    51578.0889551
661    51674.4284001
662    51750.0307051
663    52056.1614051
664    51779.6289751
665    51899.9438551
666    52244.6914351
667    52178.4411851
668    52247.1540651
669    51737.0513151
670    51802.5213551
671    51839.7902551
672    51392.6137151
673    49087.3968651
674    39004.3653651
675    29861.4568651
676    25291.2118151
677    22306.4218651
678    20133.7393151
679    18452.1538651
680    17082.7159651
681    15904.2881651
682    14833.0802151
683    13875.1006651
684    13032.4018151
685    12266.4114151
686    11575.4954151
687    10940.7692651
688    10358.5791151
689    9826.10776509
690    9332.84262509
691    8886.42810509
692    8470.62602509
693    8065.82256509
694    7670.63561009
695    7288.34823009
696    6914.40874509
697    6550.89145009
698    6205.26908509
699    5873.54172509
700    5546.77779509
701    5227.68850009
702    4917.43411509
703    4627.05853509
704    4350.01494509
705    4078.34387509
706    3807.55125509
707    3536.76142009
708    3266.11093009
709    3002.73983009
710    2750.61280509
711    2505.46620009
712    2267.50795509
713    2039.25420009
714    1827.14110009
715    1630.42726009
716    1445.10095509
717    1278.96439009
718    1127.53100009
719    986.560680093
720    850.986870093
721    726.585115093
722    611.498155093
723    496.412995093
724    382.239390093
725    275.762475093
726    179.349260093
727    85.7743150928
728    -1.28387990723
729    -78.4452249072
730    -134.893319907
731    -181.813793407
732    -219.357191907
733    -252.911795407
734    -281.665610407
735    -305.007690407
736    -325.316080907
737    -345.626842907
738    -365.935261407
739    -386.245447407
740    -405.089164407
741    -419.023706407
742    -432.563401907
743    -445.970521407
744    -454.912748407
745    -461.683103407
746    -468.452102907
747    -471.944753157
748    -471.945026625
749    -471.945027068
750    -471.945026795
751    -471.94502686
752    -471.945026677
753    -471.945026326
754    -471.945026432
755    -471.945026621
756    -471.945026839
757    -471.945026582
758    -471.945026793
759    -471.945027096
760    -471.945027255
761    -471.945027356
762    -471.945027283
763    -471.945027115
764    -471.945027039
765    -471.945027144
766    -471.945027133
767    -471.945027183
768    -471.945027177
769    -471.945026949
770    -471.945026956
771    -471.945026763
772    -471.945026915
773    -471.945026904
774    -471.945026959
775    -471.945026976
776    -471.94502685
777    -471.945026953
778    -471.945027032
779    -471.945027252
780    -471.945027089
781    -471.94502742
782    -471.945027227
783    -471.945027258
784    -471.945027177
785    -471.945027048
786    -471.945026819
787    -471.945026838
788    -471.94502645
789    -471.945026617
790    -471.945026441
791    -471.945026359
792    -471.945026366
793    -471.945026527
794    -471.945026327
795    -471.945026353
796    -471.945026603
797    -471.945026269
798    -471.94502615
799    -471.945026191
800    -471.945025969
801    -471.945025789
802    -471.945025859
803    -471.945025882
804    -471.945026169
805    -471.945026095
806    -471.945026081
807    -471.945025935
808    -471.945025822
809    -471.945025924
810    -471.9450259
811    -471.945026054
812    -471.945026184
813    -471.945026358
814    -471.945026158
815    -471.945026019
816    -471.945026014
817    -471.945026223
818    -471.945025988
819    -471.945025772
820    -471.945025547
821    -471.945025655
822    -471.945025533
823    -471.945025294
824    -471.945025511
825    -471.945025493
826    -471.945025374
827    -471.945025409
828    -471.945025365
829    -471.945025438
830    -471.945025277
831    -471.945025195
832    -471.94502553
833    -471.945025456
834    -471.945025341
835    -471.945025309
836    -471.94502546
837    -471.945025357
838    -471.945025149
839    -471.94502555
840    -471.945025218
841    -471.945025171
842    -471.945025092
843    -471.945025185
844    -471.945025085
845    -471.945025249
846    -471.94502531
847    -471.945025292
848    -471.945025164
849    -471.945025318
850    -471.945025189
851    -471.945025174
852    -471.945025404
853    -471.945025514
854    -471.945026041
855    -471.945026144
856    -471.945026034
857    -471.945026027
858    -471.945026319
859    -471.945026744
860    -471.945026884
861    -471.945026747
862    -471.945026816
863    -471.945026702
864    -471.945026584
865    -471.945026461
866    -471.94502639
867    -471.945026367
868    -471.945025858
869    -471.945025888
870    -471.945025978
871    -471.945025842
872    -471.945025883
873    -471.945025804
874    -471.945025789
875    -471.945025742
876    -471.945026418
877    -471.945026453
878    -471.9450266
879    -471.94502666
880    -471.945026547
881    -471.945026163
882    -471.945026533
883    -471.945026606
884    -471.94502679
885    -471.945026641
886    -471.94502667
887    -471.945026931
888    -471.945026751
889    -471.945026468
890    -471.945026705
891    -471.945026579
892    -471.945026463
893    -471.945026229
894    -471.945026065
895    -471.94502615
896    -471.945026067
897    -471.945025913
898    -471.945025902
899    -471.945025755
900    -471.94502604
901    -471.94502619
902    -471.945026345
903    -471.94502622
904    -471.945026203
905    -471.945026428
906    -471.945026648
907    -471.945026771
908    -471.945026934
909    -471.945026933
910    -471.94502696
911    -471.945027222
912    -471.945026947
913    -471.945027018
914    -471.945027035
915    -471.945026886
916    -471.945027258
917    -471.945027087
918    -471.945027134
919    -471.945026862
920    -471.945026877
921    -471.945026829
922    -471.945026984
923    -471.945027053
924    -471.945027462
925    -471.945027581
926    -471.945027556
927    -471.945027368
928    -471.945027223
929    -471.945027352
930    -471.945027373
931    -471.945027458
932    -471.945027591
933    -471.945027525
934    -471.945027644
935    -471.945027766
936    -471.945027493
937    -471.945027403
938    -471.945027236
939    -471.945026751
940    -471.945026987
941    -471.945026995
942    -471.945026786
943    -471.945027064
944    -471.945027117
945    -471.945027424
946    -471.945027537
947    -471.945027211
948    -471.945026918
949    -471.9450268
950    -471.945027065
951    -471.945027275
952    -471.945026997
953    -471.945026973
954    -471.945027016
955    -471.945027254
956    -471.945027538
957    -471.945027439
958    -471.945027778
959    -471.945027921
960    -471.945027884
961    -471.945027987
962    -471.945027843
963    -471.945027912
964    -471.94502781
965    -471.945027678
966    -471.945027593
967    -471.945027554
968    -471.945027283
969    -471.945027474
970    -471.94502757
971    -471.945027526
972    -471.945027411
973    -471.945027301
974    -471.945027133
975    -471.94502712
976    -471.945026971
977    -471.945027102
978    -471.945027023
979    -471.945027042
980    -471.945026652
981    -471.945026742
982    -471.945027114
983    -471.945027313
984    -471.945027443
985    -471.945027166
986    -471.945026942
987    -471.945026535
988    -471.945026901
989    -471.945026763
990    -471.945026581
991    -471.945026684
992    -471.94502661
993    -471.945026776
994    -471.945026931
995    -471.945027116
996    -471.945027293
997    -471.945027554
998    -471.945027505
999    -471.945027654
1000    -471.945027746
1001    -471.945027611
1002    -471.945027482
1003    -471.945027553
1004    -471.945027454
1005    -471.945027217
1006    -471.945027255
1007    -471.945027433
1008    -471.945027335
1009    -471.945027483
1010    -471.945027474
1011    -471.945027561
1012    -471.945027375
1013    -471.945027256
1014    -471.945027333
1015    -471.945027383
1016    -471.945027241
1017    -471.945027024
1018    -471.945027308
1019    -471.945027549
1020    -471.945027691
1021    -471.945027598
1022    -471.945027787
1023    -471.945027912
1024    -471.945027859
