#x,Ay
1    -0
2    -6.17184e-08
3    1.838297e-07
4    2.9842965e-07
5    3.2271936e-07
6    3.9080961e-07
7    7.5027166e-07
8    8.4124466e-07
9    7.5766956e-07
10    5.4995711e-07
11    6.6537101e-07
12    7.6313446e-07
13    7.1858977e-07
14    8.4470092e-07
15    5.9372282e-07
16    7.6143692e-07
17    1.14874667e-06
18    1.19467502e-06
19    1.28077032e-06
20    1.22127277e-06
21    1.45714687e-06
22    1.35347122e-06
23    1.396539225e-06
24    1.348959775e-06
25    1.248591775e-06
26    1.303077925e-06
27    1.179013225e-06
28    1.334169675e-06
29    1.226406625e-06
30    9.96741575e-07
31    1.177519075e-06
32    1.357860525e-06
33    1.285723925e-06
34    1.24721387e-06
35    1.08494142e-06
36    1.39755657e-06
37    1.10910322e-06
38    9.6152787e-07
39    9.62423183e-07
40    8.34079583e-07
41    1.029402983e-06
42    1.096749083e-06
43    1.507057883e-06
44    1.401562183e-06
45    1.116178483e-06
46    9.54557183e-07
47    9.78451553e-07
48    1.041588503e-06
49    1.095470003e-06
50    8.78507953e-07
51    7.36444003e-07
52    7.61419728e-07
53    9.12250778e-07
54    1.028757628e-06
55    1.074663088e-06
56    1.245330538e-06
57    7.13445538e-07
58    8.63834738e-07
59    6.14932088e-07
60    3.63419138e-07
61    6.70970538e-07
62    5.37720188e-07
63    3.87237988e-07
64    2.24993188e-07
65    1.47787038e-07
66    1.54751873e-07
67    1.91355028e-07
68    1.91889892e-07
69    3.38578642e-07
70    5.16731242e-07
71    8.60019542e-07
72    5.73147542e-07
73    3.77806692e-07
74    6.23703642e-07
75    5.04406192e-07
76    5.15149937e-07
77    2.41242537e-07
78    9.9114637e-08
79    1.73576687e-07
80    1.01905187e-07
81    -1.18806713e-07
82    -2.49161863e-07
83    -4.68106413e-07
84    -4.83129058e-07
85    -4.68065718e-07
86    -4.45107353e-07
87    -2.40232003e-07
88    -9.2552003e-08
89    -2.04317803e-07
90    -5.20554703e-07
91    -4.37860403e-07
92    -3.70113153e-07
93    -2.60094403e-07
94    -3.83167853e-07
95    -3.41051478e-07
96    -1.14293328e-07
97    -2.41869528e-07
98    -2.15132248e-07
99    -3.31354248e-07
100    -2.01173548e-07
101    1.54742152e-07
102    1.04767452e-07
103    6.0327407e-08
104    8.7628617e-08
105    3.5293567e-08
106    -2.42741583e-07
107    -4.73615883e-07
108    -5.03637913e-07
109    -6.72043813e-07
110    -4.46808813e-07
111    -6.93188263e-07
112    -8.20973713e-07
113    -1.029709363e-06
114    -7.15884963e-07
115    -7.48139458e-07
116    -6.36376558e-07
117    -6.80932873e-07
118    -6.816043575e-07
119    -9.732203575e-07
120    -1.1841652075e-06
121    -1.2457673575e-06
122    -1.2646968175e-06
123    -1.1635614175e-06
124    -1.1511200625e-06
125    -8.846891125e-07
126    -8.104596125e-07
127    -9.349777625e-07
128    -9.492097375e-07
129    -8.364236375e-07
130    -1.1196911375e-06
131    -1.3942496875e-06
132    -1.4203416475e-06
133    -1.7777921475e-06
134    -1.7899311875e-06
135    -1.8879097375e-06
136    -1.7996110375e-06
137    -1.8622131375e-06
138    -1.3795846375e-06
139    -1.0659230375e-06
140    -1.3477719875e-06
141    -1.5013238375e-06
142    -1.4381403875e-06
143    -1.4226991575e-06
144    -1.4657904225e-06
145    -1.8417053225e-06
146    -2.0641962225e-06
147    -2.4806857225e-06
148    -2.5101496325e-06
149    -2.6736313325e-06
150    -2.7130599575e-06
151    -2.5488922575e-06
152    -2.3969450075e-06
153    -2.4107932825e-06
154    -2.5144169325e-06
155    -2.4809764375e-06
156    -2.3688414875e-06
157    -2.4276588375e-06
158    -2.5253292375e-06
159    -2.6600620875e-06
160    -2.5626241875e-06
161    -2.2514857375e-06
162    -2.2548344375e-06
163    -2.2770195725e-06
164    -2.3278198225e-06
165    -2.2971728275e-06
166    -2.5412093775e-06
167    -2.6634282275e-06
168    -2.6526632225e-06
169    -2.6951266075e-06
170    -2.5818289075e-06
171    -2.6729211075e-06
172    -2.7217737625e-06
173    -2.6669271625e-06
174    -2.7669230625e-06
175    -2.7990380275e-06
176    -2.8400276325e-06
177    -2.6874292325e-06
178    -2.9836031825e-06
179    -2.8480970825e-06
180    -2.8191215175e-06
181    -2.8519573825e-06
182    -2.9735570825e-06
183    -2.9265357475e-06
184    -2.6371056975e-06
185    -2.4769029475e-06
186    -2.1959609475e-06
187    -2.2126346875e-06
188    -2.2265876025e-06
189    -2.0962906025e-06
190    -2.0738380325e-06
191    -1.9853765325e-06
192    -1.9982451925e-06
193    -2.1362685925e-06
194    -2.0177385425e-06
195    -2.2944714425e-06
196    -2.5136950425e-06
197    -2.4196058925e-06
198    -2.4888239925e-06
199    -2.5174856125e-06
200    -2.6597356125e-06
201    -2.6271497325e-06
202    -2.4037169825e-06
203    -2.0530568825e-06
204    -1.7322792825e-06
205    -1.6877810975e-06
206    -1.8900751475e-06
207    -1.7552201975e-06
208    -1.7471507575e-06
209    -1.9603513575e-06
210    -2.0711607575e-06
211    -1.9975823575e-06
212    -2.0423247175e-06
213    -1.9949313025e-06
214    -2.1060430525e-06
215    -1.6225744025e-06
216    -1.4259313025e-06
217    -1.7080767525e-06
218    -1.4712027025e-06
219    -1.6038484525e-06
220    -1.5334792525e-06
221    -1.5940930525e-06
222    -1.4904577525e-06
223    -1.5210379025e-06
224    -1.4121470025e-06
225    -1.8005032025e-06
226    -1.7378081025e-06
227    -1.4242511525e-06
228    -1.6503116525e-06
229    -1.5000736025e-06
230    -1.3981243025e-06
231    -1.1763194025e-06
232    -1.0561441025e-06
233    -1.1376756525e-06
234    -1.1211429125e-06
235    -1.2400334125e-06
236    -1.0612500125e-06
237    -1.0846095225e-06
238    -1.1410025725e-06
239    -9.792184725e-07
240    -6.395405225e-07
241    -7.443269225e-07
242    -5.383121225e-07
243    -8.611245225e-07
244    -7.619076725e-07
245    -1.0024327225e-06
246    -9.283427225e-07
247    -8.325559225e-07
248    -1.0017815725e-06
249    -9.533518725e-07
250    -8.304826225e-07
251    -9.691048725e-07
252    -8.451157725e-07
253    -9.750174225e-07
254    -1.0141320975e-06
255    -1.3412931475e-06
256    -1.3298750075e-06
257    -1.3684780825e-06
258    -1.3595482125e-06
259    -1.2760400125e-06
260    -1.0751179625e-06
261    -1.0056557125e-06
262    -1.006748694e-06
263    -1.146149944e-06
264    -1.476706194e-06
265    -1.561958494e-06
266    -1.604770694e-06
267    -1.382901844e-06
268    -1.281533894e-06
269    -1.454515194e-06
270    -1.596927994e-06
271    -1.642635424e-06
272    -1.606561314e-06
273    -1.575213759e-06
274    -1.675116659e-06
275    -1.814936509e-06
276    -1.609552459e-06
277    -1.844240509e-06
278    -2.006350159e-06
279    -2.168762159e-06
280    2.30427928124
281    8.97066278124
282    15.7405307812
283    22.5101807812
284    29.2795307812
285    36.0501017812
286    42.8196917812
287    49.5889642812
288    56.3596662812
289    66.1654932812
290    85.4315312812
291    116.590911781
292    150.441901781
293    186.626590281
294    227.148423281
295    267.766821781
296    309.986887281
297    357.998100281
298    415.957900281
299    476.883060281
300    537.814290281
301    598.741240281
302    661.551240281
303    735.122355281
304    819.897540281
305    907.948390281
306    1000.77934528
307    1103.90852528
308    1214.27474528
309    1341.70969028
310    1482.36506028
311    1632.47122528
312    1802.96408028
313    1989.96788028
314    2189.71771528
315    2406.36607028
316    2629.72945028
317    2859.01421028
318    3095.88597028
319    3338.83056528
320    3583.97504028
321    3837.78888028
322    4099.82689528
323    4368.19614028
324    4641.24047528
325    4941.18291528
326    5268.62858528
327    5604.31925528
328    5950.93387528
329    6309.53945528
330    6686.34421528
331    7065.93696028
332    7455.90921528
333    7875.28854028
334    8342.29160528
335    8849.20035528
336    9377.14495528
337    9927.51155528
338    10521.0330053
339    11165.6025553
340    11862.6188053
341    12610.6603053
342    13414.8157553
343    14302.8851553
344    15302.8395053
345    16421.3904053
346    17677.1289553
347    19202.4665553
348    21159.7103553
349    23847.9931553
350    27895.7088553
351    36190.0083553
352    48407.1663553
353    50892.4143553
354    51178.7279503
355    50931.9620753
356    51069.6871253
357    51037.5187643
358    50567.7587643
359    50537.8333088
360    50329.0632388
361    50334.9912663
362    50024.8761613
363    50221.0329863
364    50091.2807913
365    50066.4007838
366    50103.5274858
367    50376.9978658
368    50612.7050758
369    50753.1011058
370    50911.1352608
371    50781.5116558
372    50339.0560858
373    50202.4966958
374    50003.7475508
375    49853.8924108
376    50080.6349708
377    50111.4150538
378    50327.7315938
379    50219.3831888
380    50053.3291788
381    49876.6439388
382    50088.1286538
383    49984.3398238
384    49897.0959038
385    49800.4608788
386    49964.0931188
387    49868.7590888
388    50011.9263088
389    49709.5516638
390    49730.7551388
391    49720.6822903
392    49529.8603603
393    49380.2419603
394    49429.7829778
395    49681.7912228
396    49592.8654778
397    49339.6748628
398    49203.5816578
399    49379.4914428
400    49124.1045328
401    49159.7849628
402    49000.3928728
403    49031.2010903
404    48910.7398503
405    49072.2060553
406    49096.7707758
407    49070.1891183
408    48929.9668183
409    48989.1211283
410    49159.3493033
411    49124.9011653
412    49083.2490258
413    48829.3608408
414    49099.7102958
415    48717.4125508
416    48696.7775968
417    48649.7501713
418    48601.9522268
419    48797.3922118
420    48683.9948718
421    48756.8212018
422    48810.3824518
423    49022.8921668
424    49016.1105333
425    48947.3100383
426    49007.3666233
427    48781.5519533
428    48794.1276103
429    48898.0925603
430    49142.6701053
431    49087.1319053
432    49153.6538153
433    48931.6027753
434    49008.8708103
435    48992.7915798
436    49168.0292098
437    49103.7410748
438    49348.0739648
439    49286.2405648
440    49109.3506248
441    49213.6983648
442    49279.3416848
443    49097.8143598
444    49159.9756448
445    49093.9420048
446    49483.7686898
447    49221.9215048
448    49071.6216498
449    49131.2458598
450    49113.6270078
451    49207.6894378
452    49155.5874628
453    49382.9084178
454    49348.9656313
455    49411.0695213
456    49378.0707808
457    49038.7835558
458    49230.1404858
459    49327.2404658
460    49353.2951553
461    49327.9976423
462    49421.9838423
463    49232.3969173
464    49146.7201673
465    49235.5560973
466    49203.4390693
467    49077.0565593
468    49129.9986343
469    49349.8545693
470    49028.0670343
471    49112.6820343
472    48939.0988793
473    48935.3735692
474    48992.3559692
475    49102.8524792
476    49272.9133292
477    49404.8345342
478    49142.8263142
479    49167.5891557
480    49065.3458807
481    49048.2103747
482    48895.7096597
483    48857.4156412
484    48958.2378612
485    48964.6969052
486    49049.5013802
487    49070.9689042
488    49028.6040862
489    48904.0985462
490    48854.5234757
491    48957.1891707
492    48726.7323807
493    48433.0365257
494    48440.8492357
495    48534.1608757
496    48545.8276877
497    48550.7120022
498    48372.7444272
499    48371.7889329
500    48305.1965279
501    48380.0638379
502    48276.8401729
503    48595.8183629
504    48469.5459229
505    48382.9869479
506    48205.2842179
507    48396.1563229
508    48324.7382229
509    48234.6447779
510    48388.1538079
511    48365.9270404
512    48046.0064804
513    48048.0501076
514    48071.4285756
515    48143.0174856
516    48361.5792056
517    48023.8447156
518    48123.7807656
519    48240.7383306
520    48020.0091306
521    48266.1940706
522    48120.2167756
523    48187.2261406
524    48442.2256506
525    48422.5413666
526    48330.4196216
527    48130.3391366
528    48158.9333026
529    48282.7477826
530    48362.1703726
531    48488.1899476
532    48290.0748026
533    48321.6250616
534    48497.6645666
535    48148.2548366
536    48144.7098808
537    48202.8646758
538    48344.8383558
539    48408.6575408
540    48512.3793808
541    48552.1584683
542    48539.4654838
543    48391.2553688
544    48441.1171593
545    48195.4791793
546    48170.9347008
547    48144.9991053
548    48185.2389698
549    48432.0167448
550    48290.6200998
551    48186.6437148
552    48265.6139148
553    48025.0505498
554    48119.0696848
555    48187.1092048
556    47984.4898148
557    48140.6032148
558    48005.4104648
559    48114.6411898
560    48047.2840598
561    48289.9045348
562    48631.1100598
563    48508.6918948
564    48576.9225698
565    48787.5799748
566    48935.4367598
567    48701.9793848
568    48869.8900398
569    48887.3002298
570    48942.7117098
571    48809.7813648
572    49035.5819448
573    48690.1629048
574    48918.6739748
575    48801.3785848
576    48492.4815698
577    48695.4964698
578    48570.9784998
579    48729.5187998
580    48670.4342548
581    48618.0048398
582    48698.7228748
583    48888.6181648
584    48939.3197948
585    48828.6070348
586    48688.0614998
587    48966.9749748
588    48697.3126048
589    48780.2190548
590    48787.9939073
591    48769.8735158
592    48906.0537508
593    48791.8977308
594    48827.1799428
595    48676.6878978
596    48502.6976228
597    48722.5721728
598    48887.4026378
599    48948.2881478
600    48819.8189078
601    48686.8767378
602    48820.2198478
603    48694.4501928
604    48755.8077528
605    48851.1707628
606    49114.4899678
607    48989.1575878
608    48857.0771528
609    49041.0636578
610    49091.9339078
611    48908.8977978
612    49017.1970028
613    49142.2670328
614    49051.0241378
615    49142.7175028
616    49181.1491673
617    49221.7800818
618    49106.0835568
619    49147.4513493
620    49226.3389793
621    49354.5546343
622    49154.2251943
623    49204.7159343
624    49460.2920193
625    49155.6060193
626    49153.1949666
627    49180.5791946
628    49115.7761696
629    48890.8822996
630    48857.2279226
631    49063.5261376
632    49099.6845221
633    48880.5231671
634    48853.3320556
635    48911.8759556
636    49046.7342456
637    48904.0032256
638    48874.0673051
639    48814.6794701
640    48844.2218111
641    48834.3640241
642    48909.6680091
643    48668.3387341
644    48637.2702591
645    48686.2875981
646    48848.2136481
647    48829.1341806
648    48792.8982866
649    48850.6186316
650    48643.1402366
651    48460.3487616
652    48400.5863616
653    48815.3810716
654    49174.4270916
655    49296.9574966
656    49223.3645466
657    49021.1838566
658    48975.9425946
659    49055.8771796
660    48834.9372796
661    48752.3343246
662    48773.6417066
663    49066.8890716
664    48984.9052716
665    48976.5172081
666    49004.1913766
667    48937.8892766
668    48893.6285456
669    48972.8550206
670    49172.4441106
671    49307.7612956
672    48596.9719956
673    45717.9391456
674    33192.6606456
675    25037.7841456
676    20947.1770956
677    18342.2993456
678    16370.2534456
679    14717.6034456
680    13292.5211456
681    12084.4735456
682    11054.3250456
683    10171.8108956
684    9377.23684563
685    8662.23214563
686    8020.19074563
687    7430.27024563
688    6894.59439563
689    6400.11249563
690    5928.49778563
691    5465.91082563
692    5031.35918063
693    4615.79745063
694    4217.94691063
695    3837.22043563
696    3476.91092063
697    3126.65626563
698    2782.45251063
699    2450.68286063
700    2127.61317563
701    1814.93508063
702    1514.05547563
703    1236.06851563
704    965.199955631
705    694.409340631
706    423.642235631
707    160.405605631
708    -90.7441993688
709    -334.388449369
710    -561.998809369
711    -766.870529369
712    -957.212899369
713    -1131.49898937
714    -1288.70896937
715    -1432.53372437
716    -1567.42936937
717    -1686.87465937
718    -1801.96285937
719    -1916.84079937
720    -2024.91131437
721    -2123.19505937
722    -2206.15141437
723    -2272.83290437
724    -2324.48656437
725    -2364.04042287
726    -2397.88776737
727    -2430.31103787
728    -2454.80063287
729    -2475.12005937
730    -2495.43139887
731    -2515.73940037
732    -2534.52058837
733    -2548.42325187
734    -2561.96374587
735    -2573.52708037
736    -2580.48400537
737    -2586.97154087
738    -2588.67983992
739    -2588.67983987
740    -2588.67983982
741    -2588.67983987
742    -2588.67983965
743    -2588.67983965
744    -2588.67983939
745    -2588.6798397
746    -2588.67983952
747    -2588.67983984
748    -2588.67983993
749    -2588.67983992
750    -2588.67984011
751    -2588.67983988
752    -2588.67984
753    -2588.6798403
754    -2588.67984055
755    -2588.6798405
756    -2588.67984063
757    -2588.67984076
758    -2588.6798406
759    -2588.6798406
760    -2588.67984045
761    -2588.67984044
762    -2588.67984052
763    -2588.67984069
764    -2588.67984073
765    -2588.67984072
766    -2588.67984068
767    -2588.67984064
768    -2588.67984026
769    -2588.67984055
770    -2588.67984045
771    -2588.6798402
772    -2588.67984016
773    -2588.67984016
774    -2588.67984022
775    -2588.67984038
776    -2588.67984008
777    -2588.67984026
778    -2588.67983997
779    -2588.67983998
780    -2588.67984013
781    -2588.67984014
782    -2588.67983988
783    -2588.67983921
784    -2588.67983945
785    -2588.67983934
786    -2588.67983956
787    -2588.67983928
788    -2588.67983893
789    -2588.67983895
790    -2588.67983906
791    -2588.67983886
792    -2588.67983897
793    -2588.67983925
794    -2588.6798392
795    -2588.67983907
796    -2588.67983944
797    -2588.67983941
798    -2588.67983924
799    -2588.67983908
800    -2588.67983917
801    -2588.67983948
802    -2588.67983964
803    -2588.67983956
804    -2588.67983967
805    -2588.67983936
806    -2588.67983923
807    -2588.67983928
808    -2588.67983937
809    -2588.67983913
810    -2588.67983956
811    -2588.67983941
812    -2588.67983942
813    -2588.67983946
814    -2588.67983973
815    -2588.67983933
816    -2588.67983935
817    -2588.67983925
818    -2588.67983909
819    -2588.67983899
820    -2588.67983901
821    -2588.67983888
822    -2588.67983909
823    -2588.67983921
824    -2588.679839
825    -2588.679839
826    -2588.67983881
827    -2588.67983859
828    -2588.67983832
829    -2588.67983815
830    -2588.67983785
831    -2588.67983787
832    -2588.67983796
833    -2588.67983809
834    -2588.67983833
835    -2588.67983826
836    -2588.6798383
837    -2588.67983844
838    -2588.67983861
839    -2588.67983864
840    -2588.67983848
841    -2588.67983847
842    -2588.67983849
843    -2588.67983883
844    -2588.67983883
845    -2588.67983865
846    -2588.67983866
847    -2588.6798388
848    -2588.6798388
849    -2588.67983888
850    -2588.67983879
851    -2588.67983902
852    -2588.67983894
853    -2588.67983899
854    -2588.67983898
855    -2588.67983885
856    -2588.67983894
857    -2588.67983904
858    -2588.67983911
859    -2588.67983936
860    -2588.67983949
861    -2588.67983943
862    -2588.67983927
863    -2588.67983927
864    -2588.67983937
865    -2588.67983944
866    -2588.67983938
867    -2588.67983991
868    -2588.67983986
869    -2588.67983962
870    -2588.67983981
871    -2588.67983978
872    -2588.67983952
873    -2588.67983955
874    -2588.6798395
875    -2588.67983912
876    -2588.67983893
877    -2588.67983928
878    -2588.67983954
879    -2588.67983936
880    -2588.67983949
881    -2588.67983941
882    -2588.67983938
883    -2588.67983915
884    -2588.67983934
885    -2588.67983948
886    -2588.67983923
887    -2588.67983915
888    -2588.67983945
889    -2588.67983932
890    -2588.67983915
891    -2588.67983922
892    -2588.67983938
893    -2588.67983937
894    -2588.67983915
895    -2588.67983903
896    -2588.6798386
897    -2588.67983859
898    -2588.67983835
899    -2588.67983829
900    -2588.67983792
901    -2588.67983767
902    -2588.6798373
903    -2588.67983753
904    -2588.67983746
905    -2588.67983779
906    -2588.67983754
907    -2588.67983765
908    -2588.67983766
909    -2588.6798376
910    -2588.67983766
911    -2588.67983737
912    -2588.67983739
913    -2588.67983752
914    -2588.67983774
915    -2588.67983791
916    -2588.67983776
917    -2588.67983778
918    -2588.67983787
919    -2588.67983798
920    -2588.67983793
921    -2588.67983781
922    -2588.67983785
923    -2588.67983777
924    -2588.6798378
925    -2588.67983781
926    -2588.67983809
927    -2588.67983801
928    -2588.67983784
929    -2588.679838
930    -2588.67983791
931    -2588.67983754
932    -2588.67983755
933    -2588.67983772
934    -2588.67983788
935    -2588.6798374
936    -2588.67983721
937    -2588.67983748
938    -2588.67983732
939    -2588.6798376
940    -2588.6798376
941    -2588.67983779
942    -2588.67983774
943    -2588.67983788
944    -2588.67983781
945    -2588.67983759
946    -2588.6798378
947    -2588.67983793
948    -2588.6798378
949    -2588.67983768
950    -2588.67983765
951    -2588.67983787
952    -2588.67983782
953    -2588.67983771
954    -2588.6798377
955    -2588.6798377
956    -2588.6798379
957    -2588.67983795
958    -2588.67983782
959    -2588.67983792
960    -2588.67983767
961    -2588.67983738
962    -2588.67983701
963    -2588.67983704
964    -2588.67983691
965    -2588.67983683
966    -2588.67983732
967    -2588.67983726
968    -2588.67983714
969    -2588.67983695
970    -2588.67983694
971    -2588.6798369
972    -2588.67983693
973    -2588.67983711
974    -2588.67983714
975    -2588.67983713
976    -2588.67983725
977    -2588.67983716
978    -2588.67983751
979    -2588.67983761
980    -2588.67983756
981    -2588.6798374
982    -2588.67983716
983    -2588.67983718
984    -2588.67983709
985    -2588.67983728
986    -2588.67983709
987    -2588.67983698
988    -2588.67983689
989    -2588.6798367
990    -2588.67983658
991    -2588.67983669
992    -2588.67983632
993    -2588.67983628
994    -2588.67983623
995    -2588.67983625
996    -2588.67983631
997    -2588.67983641
998    -2588.67983626
999    -2588.67983627
1000    -2588.67983648
1001    -2588.67983666
1002    -2588.67983642
1003    -2588.6798364
1004    -2588.67983626
1005    -2588.67983628
1006    -2588.67983641
1007    -2588.67983627
1008    -2588.67983625
1009    -2588.67983605
1010    -2588.67983591
1011    -2588.67983588
1012    -2588.67983599
1013    -2588.67983595
1014    -2588.67983597
1015    -2588.67983598
1016    -2588.67983618
1017    -2588.67983632
1018    -2588.67983625
1019    -2588.67983654
1020    -2588.6798366
1021    -2588.67983665
1022    -2588.67983659
1023    -2588.6798367
1024    -2588.67983683
