#x,Ay
1    -0
2    -1.177859e-07
3    4.050705e-08
4    6.505837e-08
5    -1.0868818e-07
6    -1.766863e-08
7    2.832e-11
8    1.4160682e-07
9    -1.3645158e-07
10    -3.2988553e-07
11    -5.5574838e-07
12    -3.3351038e-07
13    -3.24690975e-07
14    -7.97953625e-07
15    -9.91259675e-07
16    -1.254597725e-06
17    -1.223924555e-06
18    -1.061233555e-06
19    -8.40754205e-07
20    -8.02924355e-07
21    -8.28690745e-07
22    -7.75111545e-07
23    -7.87599405e-07
24    -1.057466255e-06
25    -1.174473105e-06
26    -1.339041955e-06
27    -1.472071405e-06
28    -1.185804005e-06
29    -1.055948855e-06
30    -1.04267033e-06
31    -9.5783658e-07
32    -1.16050418e-06
33    -1.115947865e-06
34    -1.087297875e-06
35    -9.12665475e-07
36    -1.220978425e-06
37    -1.076170375e-06
38    -1.064291495e-06
39    -9.37854795e-07
40    -9.04902655e-07
41    -8.48733455e-07
42    -9.29334805e-07
43    -1.076840405e-06
44    -1.0722650125e-06
45    -8.470765125e-07
46    -1.3157783125e-06
47    -1.3501373725e-06
48    -1.2645870725e-06
49    -1.2271467425e-06
50    -1.1159070925e-06
51    -1.1041750125e-06
52    -8.257096625e-07
53    -9.135432625e-07
54    -7.397713125e-07
55    -6.591699625e-07
56    -8.097510125e-07
57    -7.608692825e-07
58    -5.777139825e-07
59    -9.192813825e-07
60    -8.904220975e-07
61    -6.934068975e-07
62    -7.465442475e-07
63    -4.562886975e-07
64    -5.823184475e-07
65    -8.065418475e-07
66    -9.072935475e-07
67    -1.3964653975e-06
68    -1.2269606975e-06
69    -1.1234532975e-06
70    -8.827102475e-07
71    -8.940121075e-07
72    -1.0381690075e-06
73    -1.1506644075e-06
74    -1.1735210325e-06
75    -1.2011129275e-06
76    -1.3829892275e-06
77    -1.5681444275e-06
78    -1.4901708775e-06
79    -1.5786323775e-06
80    -1.6064451875e-06
81    -1.4383241375e-06
82    -1.4700437775e-06
83    -1.5993291775e-06
84    -1.3816636775e-06
85    -1.0597698775e-06
86    -1.2156821275e-06
87    -1.0721414775e-06
88    -8.673475275e-07
89    -1.1373830275e-06
90    -7.652121775e-07
91    -5.162456275e-07
92    -3.935064775e-07
93    -2.849062775e-07
94    -2.758020025e-07
95    -4.894895025e-07
96    -1.325041025e-07
97    2.983154975e-07
98    3.622198475e-07
99    1.360895475e-07
100    -9.58603025e-08
101    -2.850793025e-07
102    -2.412903925e-07
103    -5.68095925e-08
104    4.10934075e-08
105    -1.400910425e-07
106    -1.150222975e-07
107    8.41033025e-08
108    1.517982025e-07
109    7.15166025e-08
110    2.231296025e-07
111    3.755885025e-07
112    3.293607425e-07
113    2.203419425e-07
114    3.323024925e-07
115    3.475206225e-07
116    5.351815225e-07
117    6.025276225e-07
118    5.268795725e-07
119    2.459026725e-07
120    3.993847725e-07
121    4.011870175e-07
122    5.393209175e-07
123    8.223791175e-07
124    5.585759675e-07
125    3.607235675e-07
126    3.849086275e-07
127    4.673819775e-07
128    9.408742775e-07
129    7.723019775e-07
130    8.518801275e-07
131    8.196023825e-07
132    6.155990825e-07
133    6.224825175e-07
134    1.234215675e-07
135    4.932901675e-07
136    5.414742425e-07
137    4.986387925e-07
138    4.485245425e-07
139    2.296264925e-07
140    1.425137925e-07
141    3.607868425e-07
142    3.727921675e-07
143    5.057169675e-07
144    2.929567675e-07
145    1.138478175e-07
146    -2.35884325e-08
147    5.24317175e-08
148    2.073556175e-07
149    4.425320675e-07
150    2.189016675e-07
151    6.71055675e-08
152    -1.389906825e-07
153    -4.566869825e-07
154    -4.204384675e-07
155    -3.657895175e-07
156    -3.285119725e-07
157    4.2534775e-09
158    -1.556641725e-07
159    1.68404275e-08
160    7.8640525e-09
161    1.831127025e-07
162    -7.07141475e-08
163    2.376569525e-07
164    2.06658025e-08
165    3.442339525e-07
166    4.377417525e-07
167    4.626938525e-07
168    5.634804525e-07
169    1.0695529525e-06
170    9.724348525e-07
171    1.0838489025e-06
172    1.2157040025e-06
173    1.1056620025e-06
174    1.0985460125e-06
175    1.4543454125e-06
176    1.3034213625e-06
177    1.5486439125e-06
178    1.0320139125e-06
179    8.212550625e-07
180    6.108101625e-07
181    5.071864625e-07
182    8.889557625e-07
183    8.89572018e-07
184    1.174281318e-06
185    1.110023768e-06
186    7.03098518e-07
187    1.14285518e-07
188    2.64186368e-07
189    3.20329418e-07
190    2.85307593e-07
191    -8.2432807e-08
192    -1.89480757e-07
193    1.16460193e-07
194    -3.511657e-09
195    -2.36037057e-07
196    -6.78484107e-07
197    -6.23114257e-07
198    -6.51066607e-07
199    -8.26919857e-07
200    -7.98641952e-07
201    -8.57860452e-07
202    -6.44427302e-07
203    -7.01634252e-07
204    -4.11855402e-07
205    -1.9977552e-08
206    -2.76222902e-07
207    -4.26867902e-07
208    -4.06554777e-07
209    -4.74272927e-07
210    -5.11796832e-07
211    -5.55655497e-07
212    -6.42000797e-07
213    -5.43004847e-07
214    -7.61274997e-07
215    -1.230220947e-06
216    -1.077227197e-06
217    -9.85579797e-07
218    -8.10015747e-07
219    -1.352176747e-06
220    -1.297481297e-06
221    -1.372687547e-06
222    -1.464846547e-06
223    -1.397430697e-06
224    -1.561918147e-06
225    -1.442248647e-06
226    -1.509478447e-06
227    -1.609939447e-06
228    -1.791466897e-06
229    -1.667762647e-06
230    -1.760433247e-06
231    -1.989772697e-06
232    -2.303062197e-06
233    -2.431324397e-06
234    -2.399581512e-06
235    -2.342653612e-06
236    -2.556877412e-06
237    -2.5535170795e-06
238    -2.6659776295e-06
239    -2.9063166295e-06
240    -2.6165203295e-06
241    -2.4788922295e-06
242    -2.4665206395e-06
243    -2.2432855895e-06
244    -2.3560251895e-06
245    -2.4316848895e-06
246    -2.6510712895e-06
247    -2.2663893395e-06
248    -2.0949544895e-06
249    -2.4119298895e-06
250    -2.5603424395e-06
251    -2.5937596695e-06
252    -2.5030191695e-06
253    -2.6564082195e-06
254    -2.6449086945e-06
255    -2.4858919445e-06
256    -2.2947282445e-06
257    -2.4874441945e-06
258    -2.3830763945e-06
259    -2.1911772445e-06
260    -1.9664422445e-06
261    -1.8505399945e-06
262    -1.7268095945e-06
263    -1.5854200445e-06
264    -1.3265468945e-06
265    -1.2937226645e-06
266    -1.3248173245e-06
267    -1.3123294545e-06
268    -1.2053106045e-06
269    -9.943425045e-07
270    1.99269740566
271    8.58126490566
272    15.3500749057
273    22.1199124057
274    28.8893279057
275    35.6595884057
276    42.4295419057
277    49.1987299057
278    55.9686674057
279    62.7389374057
280    69.7052819057
281    82.0760299057
282    104.306347906
283    137.224875906
284    171.073019406
285    207.448038906
286    248.004070906
287    288.622768906
288    329.242708906
289    370.056061906
290    417.593095906
291    473.223945906
292    533.837450906
293    594.763775906
294    655.691520906
295    716.637285906
296    781.426160906
297    851.154355906
298    926.468955906
299    1011.39613591
300    1101.72235591
301    1196.39760591
302    1293.95355591
303    1395.71257091
304    1506.08508591
305    1631.17357591
306    1769.07565591
307    1913.29802591
308    2072.26830091
309    2253.03434591
310    2439.84395591
311    2636.22792591
312    2848.11548091
313    3065.00996591
314    3287.15736591
315    3519.37636091
316    3756.32035591
317    3995.41858091
318    4239.71293091
319    4491.17028091
320    4751.14700591
321    5023.77697091
322    5307.97983591
323    5600.35850091
324    5908.95702091
325    6226.18179591
326    6561.19199591
327    6916.89617091
328    7282.23246091
329    7661.84241091
330    8054.46203091
331    8473.91782591
332    8907.27343591
333    9345.20206591
334    9798.67649091
335    10289.2549409
336    10817.3380409
337    11382.1133409
338    11991.3064909
339    12643.3007409
340    13337.9918409
341    14071.0072409
342    14884.3901909
343    15783.2414909
344    16770.3685409
345    17903.2377409
346    19230.7677409
347    20853.9764909
348    22951.2131909
349    25770.3926909
350    30257.4613909
351    39259.3243909
352    49603.3838909
353    51973.8413409
354    52159.6224859
355    52217.0750109
356    52378.7367059
357    52661.4361759
358    52694.3814254
359    52799.7041854
360    52923.1098054
361    53127.2585204
362    53428.2701604
363    53320.0001304
364    53327.0709244
365    53435.5778444
366    53566.3372494
367    53348.3109194
368    53354.8564944
369    53165.8809594
370    53042.6881794
371    52981.1079294
372    52865.6734444
373    52958.3582544
374    52949.9465189
375    53243.7970389
376    53770.6685889
377    53511.3031939
378    53506.0666549
379    53442.5744599
380    53189.2875899
381    53285.3603349
382    53527.6759049
383    53667.5487249
384    53696.5431234
385    53696.3738637
386    53657.6452237
387    53726.1202787
388    53728.8622112
389    54034.6654762
390    53704.3949212
391    53945.3769162
392    54160.9179612
393    53927.8899462
394    54136.6962662
395    54142.3106162
396    54065.8903412
397    54182.8004212
398    54039.7872512
399    54176.3152462
400    54317.3987812
401    54387.2186562
402    54373.4630452
403    54511.6061852
404    54583.7678452
405    54485.4153202
406    54587.4793152
407    54313.8448252
408    54624.6390052
409    54305.0728752
410    54514.6892602
411    54572.3623152
412    54636.3062002
413    54617.8759117
414    54713.5887017
415    54644.8063767
416    54921.0303367
417    54834.3977667
418    54562.9257617
419    54771.8972717
420    54813.2736352
421    54914.7822252
422    54800.4426102
423    54958.2477052
424    55109.4135452
425    54864.2404802
426    54870.3599132
427    54831.9000397
428    54845.5819237
429    54843.0003298
430    55042.6276748
431    55189.0240598
432    55037.0277248
433    54973.7343998
434    55021.8822298
435    54854.2159698
436    54800.4963998
437    54874.4208898
438    55029.9662048
439    54955.2261548
440    54980.9076548
441    55121.8534748
442    55047.2526898
443    54895.7723598
444    54927.3426713
445    54755.6838663
446    54738.7967418
447    54945.0577868
448    54735.1257468
449    54640.1055918
450    54661.4981138
451    54939.0517188
452    54845.4864838
453    54733.3915688
454    54885.4870688
455    54754.9215888
456    54704.0586738
457    54591.6422838
458    54406.8299038
459    54849.4225688
460    54938.4430038
461    54960.0315633
462    54888.8183733
463    55032.2846633
464    55291.8802733
465    55218.2216683
466    55173.6008683
467    54958.3331533
468    55120.6039033
469    55175.9651633
470    55015.9351933
471    55207.1804233
472    55160.1796423
473    55077.7443023
474    55130.7659323
475    55210.1153623
476    55026.6151173
477    55126.2319973
478    55207.1528023
479    55290.4349373
480    55359.1150073
481    55601.1724273
482    55478.0501273
483    55318.4479623
484    55320.0293962
485    55426.0825762
486    55551.1369462
487    55460.6430662
488    55454.7649702
489    55648.0279902
490    55701.2448802
491    55875.0813952
492    55928.1229702
493    55937.5861642
494    56075.4122942
495    55918.8231442
496    56086.5056042
497    56132.9284857
498    56037.0977857
499    56011.6526862
500    55977.8944962
501    56228.8316362
502    56169.7173212
503    56120.9843472
504    56145.6400682
505    55898.2103132
506    56155.2906932
507    56246.5869882
508    56451.5573632
509    56226.5248632
510    56283.9935382
511    56241.6302407
512    56286.3947027
513    56046.9223277
514    56301.3045327
515    56295.1970942
516    56258.6833762
517    56331.8115862
518    56217.8268262
519    56356.8726012
520    56397.5134792
521    56253.8517292
522    55995.8863842
523    56225.2454042
524    56172.4472392
525    56338.6667092
526    56079.4172892
527    55908.8622942
528    56210.4810442
529    56219.3135952
530    56298.0735902
531    56452.9186502
532    56404.8483577
533    56435.9091422
534    56413.8365587
535    56516.4703587
536    56380.3169937
537    56304.9445987
538    56386.6199237
539    56430.3755767
540    56461.0637557
541    56406.2656707
542    56528.3068107
543    56623.9975007
544    56789.7448007
545    56733.5998357
546    56547.9799507
547    56284.6061057
548    56398.4290007
549    56271.3118207
550    56279.4030222
551    56161.5132322
552    56458.4848872
553    56439.2161702
554    56607.0981552
555    56285.6072502
556    56524.5500702
557    56356.9514902
558    56332.4079307
559    56282.8659607
560    56208.9746707
561    56490.8084707
562    56354.7353757
563    56036.1411207
564    55753.5256007
565    55734.1801737
566    55568.2399287
567    55302.6454387
568    55392.4609587
569    55492.1688037
570    55438.2840637
571    55588.0045887
572    55586.3570535
573    55485.8042485
574    55483.5977152
575    55673.8464102
576    55526.1498952
577    55273.5211502
578    55191.3385852
579    55381.9212852
580    55440.0275802
581    55411.0757182
582    55361.1890342
583    55649.2571492
584    55550.1378592
585    55517.0104607
586    55184.0586857
587    55274.9723657
588    55267.1534152
589    55377.6031502
590    55038.1883352
591    55028.9084212
592    55068.7206757
593    55171.2817807
594    55412.3146907
595    55423.6948967
596    55173.9674517
597    55423.7734167
598    55550.5365067
599    55727.6577267
600    55416.9611167
601    55266.0537567
602    55368.9955567
603    55209.2839967
604    55486.7203917
605    55493.1472557
606    55233.3736107
607    55483.4647407
608    55423.0589307
609    55422.6932759
610    55495.6230709
611    55525.5646544
612    55389.8900794
613    55706.1708094
614    55691.5065509
615    55749.0228259
616    55634.8998909
617    55316.3587609
618    55479.0954909
619    55564.4523509
620    55536.5686084
621    55483.1348884
622    55650.2870684
623    55584.7290784
624    55601.9048709
625    55319.0989459
626    55631.5662159
627    55521.4485009
628    55442.9889459
629    55500.4316759
630    55778.9892509
631    55630.8677009
632    55750.0916509
633    55752.3292382
634    55791.4596627
635    55837.4165267
636    55918.6036417
637    55878.8642267
638    55903.4069597
639    55703.9681097
640    55595.0045647
641    55708.4786547
642    55725.0225512
643    55865.5901462
644    55705.4229062
645    55581.8604712
646    55790.2977412
647    55897.3052112
648    55860.5724112
649    55945.5583712
650    56007.7413362
651    55653.6148562
652    55360.3437562
653    55258.6154412
654    55220.9285932
655    55497.0602882
656    55489.9594497
657    55394.5718947
658    55534.8932347
659    55755.0806797
660    55709.8060457
661    55525.4662807
662    55377.0094457
663    55204.8610807
664    55293.1317457
665    55196.2929357
666    55167.3393307
667    54900.8567057
668    55283.4505057
669    55372.6144857
670    55307.8860457
671    55322.5165082
672    54806.6138082
673    52111.4423582
674    41596.4943582
675    32576.0673582
676    27993.2010582
677    25024.5719582
678    22839.8417582
679    21155.1427082
680    19785.5816082
681    18606.2908582
682    17528.4749082
683    16571.0904582
684    15728.6888082
685    14962.7155082
686    14275.0108582
687    13644.5090082
688    13061.9365082
689    12532.3641582
690    12041.8548032
691    11597.5695482
692    11183.8046132
693    10778.6142832
694    10382.3701932
695    9999.37387824
696    9625.01901824
697    9260.13963824
698    8916.18426324
699    8585.11820324
700    8259.38103824
701    7940.41058824
702    7630.27166824
703    7340.09329324
704    7063.22847324
705    6791.70887324
706    6520.91625324
707    6250.12641824
708    5979.58195324
709    5717.69653324
710    5466.44312324
711    5222.06689324
712    4984.90796324
713    4759.18813324
714    4550.92985824
715    4356.11797324
716    4174.44132824
717    4012.15760324
718    3863.04886824
719    3723.81394824
720    3589.31995324
721    3469.21115324
722    3354.12419324
723    3239.03902324
724    3126.03419324
725    3022.68694324
726    2927.56244324
727    2835.87259324
728    2752.19904824
729    2682.30051324
730    2631.99568324
731    2587.95662274
732    2553.41733324
733    2521.12459974
734    2494.45362374
735    2473.20699074
736    2452.89860024
737    2432.58783824
738    2412.27941974
739    2392.05458624
740    2376.12177874
741    2362.58283974
742    2349.04314424
743    2337.27199524
744    2330.24370074
745    2323.47334474
746    2317.77416824
747    2317.12586879
748    2317.12586891
749    2317.12586873
750    2317.12586902
751    2317.12586881
752    2317.12586855
753    2317.12586851
754    2317.12586842
755    2317.12586845
756    2317.12586842
757    2317.12586844
758    2317.12586862
759    2317.12586863
760    2317.12586824
761    2317.12586816
762    2317.12586822
763    2317.12586805
764    2317.12586816
765    2317.12586804
766    2317.12586799
767    2317.12586796
768    2317.12586797
769    2317.12586805
770    2317.12586811
771    2317.12586824
772    2317.12586815
773    2317.12586797
774    2317.1258676
775    2317.12586757
776    2317.12586763
777    2317.12586763
778    2317.12586764
779    2317.12586779
780    2317.12586783
781    2317.12586785
782    2317.12586819
783    2317.12586832
784    2317.1258687
785    2317.12586853
786    2317.12586867
787    2317.12586863
788    2317.1258689
789    2317.12586904
790    2317.12586901
791    2317.12586899
792    2317.12586901
793    2317.12586886
794    2317.12586876
795    2317.12586858
796    2317.12586853
797    2317.12586833
798    2317.12586813
799    2317.12586821
800    2317.12586862
801    2317.12586856
802    2317.12586873
803    2317.12586857
804    2317.12586863
805    2317.12586857
806    2317.12586852
807    2317.12586876
808    2317.12586876
809    2317.12586856
810    2317.12586853
811    2317.12586858
812    2317.12586878
813    2317.12586874
814    2317.12586871
815    2317.12586851
816    2317.12586826
817    2317.12586862
818    2317.12586841
819    2317.12586835
820    2317.12586832
821    2317.12586822
822    2317.12586834
823    2317.12586837
824    2317.1258682
825    2317.12586842
826    2317.12586877
827    2317.12586861
828    2317.12586832
829    2317.12586833
830    2317.12586846
831    2317.12586822
832    2317.12586815
833    2317.12586834
834    2317.12586847
835    2317.12586856
836    2317.12586871
837    2317.12586877
838    2317.12586913
839    2317.12586887
840    2317.12586886
841    2317.12586901
842    2317.12586916
843    2317.12586914
844    2317.12586922
845    2317.12586916
846    2317.1258693
847    2317.12586912
848    2317.12586939
849    2317.12586944
850    2317.12586937
851    2317.12586922
852    2317.12586916
853    2317.12586943
854    2317.12586971
855    2317.12586973
856    2317.12586977
857    2317.12586952
858    2317.12586946
859    2317.12586943
860    2317.12586928
861    2317.12586913
862    2317.1258689
863    2317.12586903
864    2317.12586913
865    2317.12586938
866    2317.1258692
867    2317.12586921
868    2317.12586908
869    2317.12586929
870    2317.12586954
871    2317.12586968
872    2317.12586948
873    2317.12586943
874    2317.12586946
875    2317.12586944
876    2317.12586931
877    2317.12586922
878    2317.12586924
879    2317.12586913
880    2317.12586898
881    2317.12586882
882    2317.12586898
883    2317.12586898
884    2317.12586878
885    2317.12586873
886    2317.12586881
887    2317.12586879
888    2317.12586857
889    2317.12586839
890    2317.12586835
891    2317.12586859
892    2317.12586871
893    2317.12586902
894    2317.1258689
895    2317.12586894
896    2317.12586901
897    2317.12586884
898    2317.12586903
899    2317.12586897
900    2317.12586927
901    2317.12586922
902    2317.12586869
903    2317.12586852
904    2317.12586832
905    2317.12586803
906    2317.12586789
907    2317.12586784
908    2317.1258677
909    2317.12586773
910    2317.12586775
911    2317.12586795
912    2317.12586784
913    2317.12586798
914    2317.12586815
915    2317.12586799
916    2317.1258681
917    2317.12586845
918    2317.12586827
919    2317.1258681
920    2317.12586813
921    2317.12586806
922    2317.12586802
923    2317.12586813
924    2317.12586807
925    2317.1258683
926    2317.12586841
927    2317.1258688
928    2317.12586901
929    2317.12586931
930    2317.12586952
931    2317.12586978
932    2317.12586972
933    2317.12586956
934    2317.12586931
935    2317.12586941
936    2317.12586953
937    2317.12586932
938    2317.12586935
939    2317.12586913
940    2317.12586913
941    2317.12586907
942    2317.12586891
943    2317.12586878
944    2317.12586869
945    2317.12586878
946    2317.12586897
947    2317.12586883
948    2317.12586887
949    2317.1258687
950    2317.12586862
951    2317.12586883
952    2317.12586868
953    2317.125869
954    2317.12586908
955    2317.12586912
956    2317.12586916
957    2317.12586903
958    2317.12586885
959    2317.1258688
960    2317.12586864
961    2317.12586867
962    2317.1258687
963    2317.12586834
964    2317.12586823
965    2317.12586819
966    2317.12586822
967    2317.1258683
968    2317.12586828
969    2317.12586816
970    2317.12586846
971    2317.12586825
972    2317.12586807
973    2317.12586802
974    2317.1258683
975    2317.12586822
976    2317.12586834
977    2317.12586869
978    2317.12586851
979    2317.12586867
980    2317.1258685
981    2317.1258683
982    2317.12586827
983    2317.12586822
984    2317.1258684
985    2317.12586815
986    2317.12586826
987    2317.12586789
988    2317.12586751
989    2317.12586763
990    2317.12586779
991    2317.12586781
992    2317.12586804
993    2317.12586818
994    2317.125868
995    2317.12586805
996    2317.12586822
997    2317.12586809
998    2317.12586813
999    2317.1258683
1000    2317.12586824
1001    2317.12586798
1002    2317.12586779
1003    2317.12586795
1004    2317.1258679
1005    2317.12586794
1006    2317.12586797
1007    2317.12586807
1008    2317.12586812
1009    2317.12586818
1010    2317.12586846
1011    2317.12586845
1012    2317.12586845
1013    2317.12586833
1014    2317.12586858
1015    2317.12586869
1016    2317.12586851
1017    2317.12586854
1018    2317.12586877
1019    2317.12586895
1020    2317.12586897
1021    2317.12586898
1022    2317.1258689
1023    2317.12586888
1024    2317.12586884
