#x,Ay
1    -0
2    -1.79202e-07
3    -4.25099e-08
4    1.865505e-07
5    2.997552e-07
6    2.1957245e-07
7    2.25921025e-07
8    4.08835075e-07
9    5.22249025e-07
10    9.04838025e-07
11    6.52880325e-07
12    6.94890235e-07
13    5.74430035e-07
14    6.13812145e-07
15    6.2411405e-07
16    8.72569e-07
17    8.1722245e-07
18    6.376019e-07
19    3.386025e-07
20    1.549821e-07
21    -1.2098335e-07
22    -2.6648905e-07
23    -4.7952685e-07
24    -5.6861625e-07
25    -7.6160835e-07
26    -6.509036e-07
27    -1.657897e-07
28    -1.24442555e-07
29    -5.69238305e-07
30    -7.42533555e-07
31    -5.26030755e-07
32    -5.12589445e-07
33    -9.51302645e-07
34    -1.223977545e-06
35    -1.315090095e-06
36    -1.2947886e-06
37    -1.5831954e-06
38    -1.703822e-06
39    -1.660732195e-06
40    -1.712017895e-06
41    -1.70290199e-06
42    -1.49211994e-06
43    -9.5163044e-07
44    -1.01441859e-06
45    -1.40347249e-06
46    -1.64406734e-06
47    -1.58338379e-06
48    -1.81833134e-06
49    -1.775926095e-06
50    -1.76086276e-06
51    -1.87616036e-06
52    -2.00345746e-06
53    -2.047176605e-06
54    -2.0498974225e-06
55    -1.8085351725e-06
56    -2.1973564725e-06
57    -2.4012085725e-06
58    -2.3242698725e-06
59    -2.0498624725e-06
60    -2.3064101225e-06
61    -2.1911590225e-06
62    -2.2272040625e-06
63    -2.2103210325e-06
64    -2.0758032825e-06
65    -2.3052822825e-06
66    -2.5835964825e-06
67    -2.5895497275e-06
68    -2.6142115075e-06
69    -2.6712673075e-06
70    -2.8021922075e-06
71    -2.7464735575e-06
72    -2.8886538075e-06
73    -2.7832046075e-06
74    -2.5092100075e-06
75    -2.6437161575e-06
76    -2.7515046575e-06
77    -2.6842981075e-06
78    -2.8222692075e-06
79    -2.7301508575e-06
80    -2.7128957475e-06
81    -2.6244574975e-06
82    -2.5447165975e-06
83    -2.7556846975e-06
84    -2.8694503975e-06
85    -2.7493913475e-06
86    -2.7969824225e-06
87    -2.6458955725e-06
88    -2.8775140225e-06
89    -2.9533481225e-06
90    -2.8230104225e-06
91    -2.9490285225e-06
92    -3.0501406725e-06
93    -3.2445978225e-06
94    -3.2242033125e-06
95    -3.2030530125e-06
96    -3.1280037625e-06
97    -3.0918657025e-06
98    -2.8119463025e-06
99    -2.9312205025e-06
100    -2.8231784025e-06
101    -2.7305310025e-06
102    -2.8730833025e-06
103    -2.6728589025e-06
104    -2.8402706525e-06
105    -2.7139037025e-06
106    -2.6066057525e-06
107    -2.9178488525e-06
108    -3.2373242025e-06
109    -3.23687073126e-06
110    -2.89711718126e-06
111    -2.88679783626e-06
112    -3.06769743626e-06
113    -3.22824898626e-06
114    -2.97073628626e-06
115    -3.06349993626e-06
116    -2.56377618626e-06
117    -2.76002398626e-06
118    -2.68197483626e-06
119    -2.44404268626e-06
120    -2.50701683626e-06
121    -2.21040103626e-06
122    -2.43105043626e-06
123    -2.53186028626e-06
124    -2.22633498626e-06
125    -2.23340446626e-06
126    -2.04504516626e-06
127    -2.36475301626e-06
128    -2.54861471626e-06
129    -2.69520031626e-06
130    -2.78868486626e-06
131    -2.87748356626e-06
132    -2.80678876626e-06
133    -2.33662196626e-06
134    -2.29487948626e-06
135    -2.19516263626e-06
136    -2.36778058626e-06
137    -2.43001058626e-06
138    -2.43084775926e-06
139    -2.36964095926e-06
140    -2.74102110926e-06
141    -2.64596250926e-06
142    -2.81694390926e-06
143    -2.92214890926e-06
144    -2.91653285926e-06
145    -2.56577975926e-06
146    -2.78056165926e-06
147    -2.99825040926e-06
148    -2.68671660926e-06
149    -2.76857370926e-06
150    -3.12367550926e-06
151    -3.02188895926e-06
152    -3.07109624926e-06
153    -3.31750479926e-06
154    -3.48239339926e-06
155    -3.20084674926e-06
156    -3.46251044926e-06
157    -3.56745964926e-06
158    -3.30613894926e-06
159    -3.14302934926e-06
160    -3.30576689926e-06
161    -3.14637804926e-06
162    -2.72397669926e-06
163    -2.84506474926e-06
164    -2.87850524426e-06
165    -3.26513769426e-06
166    -3.41191659426e-06
167    -3.41150963251e-06
168    -3.53594638252e-06
169    -3.47236758251e-06
170    -3.14385773251e-06
171    -3.24755118252e-06
172    -3.05893098251e-06
173    -3.24804533251e-06
174    -3.54394018251e-06
175    -3.63279703251e-06
176    -3.56056163251e-06
177    -3.34064038251e-06
178    -3.20706443252e-06
179    -2.99874738252e-06
180    -3.07259318251e-06
181    -2.72288653251e-06
182    -2.48266378251e-06
183    -2.20503558251e-06
184    -2.35888978251e-06
185    -2.12052743251e-06
186    -2.20894243251e-06
187    -2.31828388251e-06
188    -2.32743466751e-06
189    -1.96054266751e-06
190    -1.77752691751e-06
191    -1.67101966751e-06
192    -1.32912666751e-06
193    -1.31582488751e-06
194    -1.18345818751e-06
195    -1.21294535752e-06
196    -1.11222855751e-06
197    -1.14673877751e-06
198    -1.51742132751e-06
199    -1.41444297751e-06
200    -1.23003192752e-06
201    -1.17873167751e-06
202    -1.15910457251e-06
203    -1.39568792251e-06
204    -1.49838137251e-06
205    -1.39016487251e-06
206    -1.25401927251e-06
207    -1.32570237251e-06
208    -1.22114852251e-06
209    -1.49153282251e-06
210    -1.57701772251e-06
211    -1.55218153251e-06
212    -1.57978505751e-06
213    -1.24185700751e-06
214    -1.36349740751e-06
215    -1.28391925751e-06
216    -1.12369325751e-06
217    -1.57612240751e-06
218    -1.63842800751e-06
219    -1.60628978251e-06
220    -1.83186778251e-06
221    -1.61703933251e-06
222    -1.70654728251e-06
223    -1.59297053251e-06
224    -1.67722293251e-06
225    -1.76249853251e-06
226    -1.89985048251e-06
227    -1.77935543251e-06
228    -1.93265148251e-06
229    -1.75256583251e-06
230    -1.91148958251e-06
231    -1.87107407751e-06
232    -1.65401027751e-06
233    -1.63229022751e-06
234    -1.26013102751e-06
235    -1.32115177751e-06
236    -9.77421627515e-07
237    -7.93336127515e-07
238    -8.92378577515e-07
239    -8.20097377515e-07
240    -9.83555827515e-07
241    -1.29835692751e-06
242    -1.18529177751e-06
243    -1.33528567751e-06
244    -1.20533747751e-06
245    -1.41249617751e-06
246    -1.05281322751e-06
247    -9.38434177515e-07
248    -7.34791327515e-07
249    -1.12663577751e-06
250    -1.06106867751e-06
251    -6.81898127515e-07
252    3.2203247681
253    9.9881907681
254    16.7586592681
255    23.5275442681
256    30.2978507681
257    37.0678687681
258    43.8366212681
259    50.6077487681
260    57.3769267681
261    64.1462572681
262    70.9165722681
263    77.6865557681
264    84.5619227681
265    95.8099712681
266    111.263787768
267    137.352207768
268    171.101499268
269    204.950523268
270    242.211686768
271    282.832095268
272    323.450156268
273    364.068657268
274    404.686500268
275    446.104113268
276    492.596104268
277    541.635356768
278    595.796616768
279    655.079846768
280    716.007976768
281    776.936971768
282    837.971996768
283    903.383126768
284    971.081411768
285    1038.77883177
286    1106.47700177
287    1177.17305677
288    1255.81756677
289    1343.71834177
290    1438.09862177
291    1532.87305677
292    1627.65346177
293    1722.85260177
294    1822.98738177
295    1924.53347677
296    2030.94593677
297    2151.84406677
298    2285.57121677
299    2422.90359677
300    2564.88752677
301    2718.97731677
302    2890.30400677
303    3066.25379177
304    3242.26743177
305    3423.29848677
306    3617.57508677
307    3824.68803677
308    4046.39026177
309    4278.95757677
310    4522.24091177
311    4772.70662177
312    5023.18845177
313    5276.15939677
314    5538.53656177
315    5802.55704177
316    6066.57928177
317    6330.60068177
318    6594.64328177
319    6863.70100177
320    7140.68818677
321    7420.48848677
322    7710.81933677
323    8016.29103177
324    8327.90469677
325    8650.60248677
326    8989.13682677
327    9337.53673177
328    9704.53493177
329    10093.6900768
330    10495.9448018
331    10920.0324768
332    11354.7909268
333    11810.7376968
334    12293.3442268
335    12794.0557268
336    13307.1440268
337    13837.9570768
338    14390.7916768
339    14963.9678768
340    15552.8865268
341    16178.6053268
342    16884.2726268
343    17705.3762268
344    18639.2895268
345    19728.7137768
346    21064.5053268
347    22702.0441768
348    24843.0974268
349    27886.1649268
350    32968.2354268
351    41987.1954268
352    49149.0964268
353    51392.0802768
354    52132.1175268
355    52030.5898118
356    51822.4275918
357    51704.2283568
358    52002.7990268
359    51952.4111968
360    51920.8372013
361    51824.9170413
362    51930.6194513
363    52231.1682213
364    52127.2805863
365    52401.9468363
366    52323.3936113
367    52589.9276413
368    52706.9531563
369    52589.6932263
370    52593.9010295
371    52837.6583495
372    52581.4263545
373    52440.2289495
374    52338.9962295
375    52259.3429845
376    52201.4893845
377    52052.8687195
378    52220.3631395
379    52355.7567495
380    52424.0852445
381    52685.1451545
382    52655.1673755
383    52554.8585905
384    52414.6583155
385    52364.5935655
386    52384.763099
387    52426.016429
388    52555.313849
389    52710.631034
390    52486.617454
391    52273.823189
392    51996.989849
393    52090.810614
394    52268.798709
395    52246.5967505
396    51979.4763755
397    52087.8943605
398    52058.487057
399    52131.344137
400    52185.355492
401    51622.557492
402    51876.691642
403    51730.413632
404    51577.260852
405    51528.4405205
406    51575.3175865
407    51748.0270865
408    51727.201228
409    51993.065258
410    51897.324803
411    51756.192638
412    51722.0613945
413    51663.1770945
414    51721.9685045
415    51487.0496945
416    51551.8687195
417    51663.3680745
418    51692.4456065
419    51948.6053715
420    51720.1362865
421    51785.8421465
422    52057.4641265
423    51939.6764765
424    51972.6707905
425    51986.457142
426    52098.668342
427    52153.704032
428    52275.917912
429    52186.876667
430    52132.641187
431    52025.319382
432    52122.377827
433    52201.426882
434    52566.751212
435    52221.026407
436    52432.846582
437    52677.876857
438    52490.610522
439    52402.868017
440    52583.380847
441    52573.233829
442    52541.023123
443    52354.277493
444    52409.094203
445    52429.986907
446    52499.271957
447    52330.989447
448    52421.025792
449    52372.7706625
450    52232.7421225
451    52150.0780875
452    52275.7215775
453    52538.0930675
454    52401.5066225
455    52297.8102075
456    52177.4474475
457    52295.2467875
458    52523.5508025
459    52411.2840325
460    52528.5271475
461    52241.4014175
462    52364.5275775
463    52483.5166125
464    52495.003097
465    52689.228927
466    52845.841742
467    52778.102097
468    52418.130832
469    52685.918917
470    52543.176152
471    52498.293633
472    52353.555788
473    52461.298213
474    52457.360788
475    52571.213673
476    52717.231383
477    52686.939218
478    52472.893278
479    52527.190888
480    52789.183233
481    52476.906303
482    52637.960993
483    52587.344873
484    52708.829498
485    52596.149468
486    52909.692473
487    53114.036363
488    53068.72167
489    52994.93199
490    53164.77722
491    53051.02497
492    53278.31291
493    53009.882575
494    53092.109035
495    53115.438123
496    53186.118093
497    53343.284683
498    53257.586158
499    53409.172368
500    53377.302283
501    53548.489248
502    53607.714173
503    53719.530948
504    53623.721093
505    53693.135403
506    53440.718358
507    53587.333593
508    53491.286068
509    53328.971973
510    53179.532333
511    53082.459028
512    53404.800978
513    53541.612323
514    53681.178118
515    53452.827058
516    53467.430615
517    53553.149185
518    53648.875715
519    53941.566025
520    53916.641494
521    53975.322829
522    53919.710009
523    53977.148739
524    53969.9078595
525    53908.3396145
526    53966.4796545
527    53850.8578695
528    54020.3169795
529    53759.0257245
530    53960.9239345
531    53976.7439945
532    53911.4992395
533    53822.5207895
534    53936.4936395
535    53951.2417725
536    53634.8432825
537    54009.9876475
538    53864.8172375
539    53987.2815325
540    53804.7856475
541    53947.4174525
542    53914.999141
543    53631.283616
544    53608.698771
545    53837.818261
546    53734.157636
547    53610.106926
548    53526.455876
549    53435.957306
550    53550.301836
551    53877.756596
552    53490.845776
553    53430.480666
554    53350.645256
555    53252.595821
556    53208.2725135
557    53333.9659935
558    53499.8995635
559    53398.3968835
560    53135.6246385
561    53243.5967535
562    52985.3310935
563    53183.4237935
564    53212.150109
565    53280.033729
566    53183.991819
567    53206.8502075
568    53440.0062425
569    53288.7849225
570    53129.8758225
571    53207.4580625
572    53234.651486
573    53138.600481
574    53077.283716
575    53260.910876
576    53140.587751
577    53199.166191
578    53198.6141839
579    53167.3890219
580    53044.3751969
581    53185.4673119
582    53106.4297269
583    53124.8359094
584    53196.2913094
585    53123.4393744
586    53386.6808544
587    53155.1913194
588    53266.2404144
589    53303.4677244
590    53272.1882159
591    53155.0477659
592    53132.1900199
593    53058.7910699
594    53239.4898349
595    53326.1176649
596    53094.2665549
597    52985.2001399
598    53020.7240489
599    53340.9784289
600    53454.9979389
601    53456.0538935
602    53378.0369635
603    53395.0312995
604    53603.2639945
605    53641.953067
606    53473.783912
607    53395.951997
608    53447.590632
609    53735.978012
610    53519.041112
611    53420.196767
612    53509.021467
613    53341.929612
614    53439.041982
615    53491.428362
616    53845.104567
617    53952.368107
618    53867.634667
619    54080.315697
620    53869.385132
621    54036.568942
622    53829.509222
623    53897.512977
624    54015.999147
625    53929.419527
626    53982.977857
627    53865.707482
628    53918.718322
629    54017.298372
630    53823.243042
631    53839.4020835
632    53921.8227985
633    53813.2600985
634    53985.7589585
635    54165.7005585
636    54204.0539075
637    54289.5012325
638    54224.0045975
639    54060.8531025
640    54083.7521385
641    54286.3277435
642    54401.4974435
643    54413.222516
644    54463.872856
645    54177.517606
646    54000.082266
647    53698.137391
648    53823.695251
649    53856.2027785
650    53560.6337785
651    53255.2922585
652    53412.3487885
653    53563.7591285
654    53372.5618035
655    53564.5690135
656    53696.2238635
657    53498.9034035
658    53480.7766095
659    53540.4054745
660    53621.6353395
661    53291.9222095
662    53312.6368835
663    53312.4732072
664    53074.8464272
665    53171.3719022
666    53259.8526922
667    53001.2999022
668    53059.9016022
669    53077.1129672
670    53500.6098372
671    53238.4896572
672    52264.3902572
673    49839.1355572
674    42615.1555572
675    33222.3805572
676    27657.4400572
677    24300.9977572
678    21916.6268572
679    20048.3621072
680    18475.1319072
681    17093.8627072
682    15910.5196072
683    14894.4182572
684    14001.9346072
685    13218.5095572
686    12508.8582072
687    11861.0474572
688    11258.5252072
689    10690.7673572
690    10150.9276072
691    9647.59850716
692    9183.23121716
693    8756.29203216
694    8353.57269716
695    7973.33622716
696    7603.83098716
697    7238.26098216
698    6874.26728216
699    6516.27868216
700    6172.56403216
701    5838.76745716
702    5526.97674216
703    5231.44229216
704    4943.09472716
705    4669.71142716
706    4398.91880716
707    4128.12897216
708    3857.33460716
709    3586.54741216
710    3321.86780216
711    3064.61606216
712    2811.48232216
713    2563.04792216
714    2321.35326216
715    2086.85161216
716    1856.62587716
717    1628.43224716
718    1410.50075716
719    1202.81336216
720    999.842022158
721    812.378752158
722    641.200552158
723    481.309507158
724    339.251707158
725    203.156682158
726    67.7617221581
727    -62.9258478419
728    -179.596012842
729    -292.611962842
730    -399.268722842
731    -501.052112842
732    -602.599947842
733    -704.145757842
734    -805.692827842
735    -907.240222842
736    -1008.78627784
737    -1107.33170784
738    -1196.27677784
739    -1284.27405284
740    -1362.91931284
741    -1421.39930284
742    -1474.07114284
743    -1520.76544034
744    -1559.29346334
745    -1587.62504734
746    -1614.20803334
747    -1635.81102334
748    -1656.11988334
749    -1676.42938984
750    -1696.73834484
751    -1717.04722934
752    -1737.35805684
753    -1757.66667134
754    -1777.94726634
755    -1794.27818834
756    -1807.81777984
757    -1821.35780534
758    -1834.69178284
759    -1843.38472484
760    -1850.15507884
761    -1856.92443684
762    -1863.69402284
763    -1869.65880234
764    -1870.54638184
765    -1870.54638201
766    -1870.54638191
767    -1870.54638168
768    -1870.54638174
769    -1870.5463817
770    -1870.5463815
771    -1870.54638135
772    -1870.54638125
773    -1870.54638126
774    -1870.54638117
775    -1870.54638102
776    -1870.54638089
777    -1870.54638079
778    -1870.54638093
779    -1870.54638078
780    -1870.54638047
781    -1870.54638061
782    -1870.5463804
783    -1870.54638046
784    -1870.54638023
785    -1870.5463802
786    -1870.54638018
787    -1870.54638008
788    -1870.54638003
789    -1870.54637987
790    -1870.54638021
791    -1870.54638026
792    -1870.54638048
793    -1870.54638028
794    -1870.54638033
795    -1870.54638036
796    -1870.54638037
797    -1870.54638046
798    -1870.54638043
799    -1870.54638027
800    -1870.54638032
801    -1870.54638035
802    -1870.54638045
803    -1870.5463804
804    -1870.54638038
805    -1870.5463805
806    -1870.54638021
807    -1870.54638033
808    -1870.54638064
809    -1870.54638058
810    -1870.54638053
811    -1870.54638032
812    -1870.54638016
813    -1870.54638022
814    -1870.54638027
815    -1870.54638058
816    -1870.54638077
817    -1870.54638101
818    -1870.54638114
819    -1870.54638072
820    -1870.54638092
821    -1870.54638121
822    -1870.54638097
823    -1870.54638074
824    -1870.54638047
825    -1870.5463804
826    -1870.54638012
827    -1870.54637986
828    -1870.54637975
829    -1870.54638005
830    -1870.54638017
831    -1870.54638006
832    -1870.54638002
833    -1870.54638013
834    -1870.54638004
835    -1870.54638007
836    -1870.54637972
837    -1870.54637975
838    -1870.54637975
839    -1870.5463798
840    -1870.54637967
841    -1870.54637974
842    -1870.54638017
843    -1870.54637997
844    -1870.54638029
845    -1870.54638056
846    -1870.5463807
847    -1870.54638075
848    -1870.54638069
849    -1870.54638068
850    -1870.54638035
851    -1870.54637992
852    -1870.54637968
853    -1870.54637969
854    -1870.5463795
855    -1870.54637966
856    -1870.54637974
857    -1870.54637963
858    -1870.54637954
859    -1870.54637973
860    -1870.54637991
861    -1870.54638004
862    -1870.54638016
863    -1870.54638022
864    -1870.54638045
865    -1870.54638027
866    -1870.54638016
867    -1870.54638049
868    -1870.54638052
869    -1870.54638044
870    -1870.5463804
871    -1870.54638052
872    -1870.54638047
873    -1870.54638055
874    -1870.5463808
875    -1870.54638061
876    -1870.54638066
877    -1870.54638077
878    -1870.54638051
879    -1870.54638038
880    -1870.54638016
881    -1870.54638014
882    -1870.54638044
883    -1870.54638069
884    -1870.54638071
885    -1870.54638087
886    -1870.54638058
887    -1870.54638029
888    -1870.54638018
889    -1870.54638001
890    -1870.54637964
891    -1870.54637954
892    -1870.54637977
893    -1870.54637975
894    -1870.54637971
895    -1870.54637991
896    -1870.54637974
897    -1870.54638009
898    -1870.54638031
899    -1870.54638053
900    -1870.54638026
901    -1870.54638065
902    -1870.54638053
903    -1870.54638049
904    -1870.54638066
905    -1870.5463808
906    -1870.54638045
907    -1870.54638067
908    -1870.5463809
909    -1870.54638107
910    -1870.54638127
911    -1870.54638112
912    -1870.54638126
913    -1870.54638113
914    -1870.54638086
915    -1870.54638064
916    -1870.54638063
917    -1870.54638059
918    -1870.54638058
919    -1870.54638052
920    -1870.54638046
921    -1870.54638062
922    -1870.54638071
923    -1870.54638083
924    -1870.54638083
925    -1870.54638063
926    -1870.54638075
927    -1870.54638068
928    -1870.5463806
929    -1870.54638039
930    -1870.5463805
931    -1870.54638045
932    -1870.54638024
933    -1870.54638015
934    -1870.54638031
935    -1870.54638028
936    -1870.54638038
937    -1870.54638045
938    -1870.54638031
939    -1870.54638038
940    -1870.54638048
941    -1870.54638067
942    -1870.5463809
943    -1870.54638101
944    -1870.54638077
945    -1870.54638065
946    -1870.54638056
947    -1870.54638048
948    -1870.54638091
949    -1870.54638107
950    -1870.54638088
951    -1870.5463812
952    -1870.54638139
953    -1870.54638159
954    -1870.54638151
955    -1870.5463812
956    -1870.54638116
957    -1870.54638087
958    -1870.54638084
959    -1870.54638083
960    -1870.54638056
961    -1870.5463802
962    -1870.54638027
963    -1870.54638001
964    -1870.54638004
965    -1870.54638009
966    -1870.54638014
967    -1870.54638003
968    -1870.54638006
969    -1870.54638015
970    -1870.54638057
971    -1870.54638055
972    -1870.54638071
973    -1870.54638104
974    -1870.54638081
975    -1870.54638069
976    -1870.5463807
977    -1870.54638052
978    -1870.54638057
979    -1870.54638054
980    -1870.54638055
981    -1870.54638041
982    -1870.54638005
983    -1870.54637993
984    -1870.54637956
985    -1870.54637953
986    -1870.54637967
987    -1870.54637963
988    -1870.54637964
989    -1870.54637987
990    -1870.54637975
991    -1870.5463798
992    -1870.54638
993    -1870.54637988
994    -1870.54638009
995    -1870.54638001
996    -1870.54637961
997    -1870.54637957
998    -1870.54637964
999    -1870.54637957
1000    -1870.54637958
1001    -1870.54637972
1002    -1870.54637958
1003    -1870.54637966
1004    -1870.54638025
1005    -1870.54638044
1006    -1870.54638049
1007    -1870.54638031
1008    -1870.54638025
1009    -1870.54638032
1010    -1870.54638017
1011    -1870.5463804
1012    -1870.54638064
1013    -1870.54638076
1014    -1870.54638073
1015    -1870.54638062
1016    -1870.5463805
1017    -1870.54638063
1018    -1870.54638061
1019    -1870.54638044
1020    -1870.54638038
1021    -1870.54638037
1022    -1870.5463803
1023    -1870.54638033
1024    -1870.54638017
