#x,Ay
1    -0
2    -7.683405e-08
3    -1.5169145e-07
4    -3.919142e-07
5    -6.759026e-07
6    -7.0098297e-07
7    -4.4441207e-07
8    -3.7320567e-07
9    -3.29838255e-07
10    -4.24369255e-07
11    -3.74022455e-07
12    -4.69722055e-07
13    -2.96950055e-07
14    -9.0539905e-08
15    -1.0449282e-07
16    -1.33352105e-07
17    -2.99903405e-07
18    -4.68663955e-07
19    -6.15076555e-07
20    -2.53300655e-07
21    6.9883795e-08
22    -4.5774255e-08
23    -2.00628405e-07
24    -2.0858157e-07
25    -1.5540352e-07
26    -4.8414587e-07
27    -2.9652562e-07
28    -1.1336447e-07
29    1.0160928e-07
30    1.5675818e-07
31    2.576353e-08
32    1.2045733e-07
33    1.25294343e-07
34    -3.38314607e-07
35    -5.95350607e-07
36    -7.03671757e-07
37    -6.86707337e-07
38    -4.84017937e-07
39    -5.56549837e-07
40    -6.33811237e-07
41    -5.22280887e-07
42    -5.83906287e-07
43    -7.93339587e-07
44    -8.42349207e-07
45    -1.101863307e-06
46    -7.29338557e-07
47    -5.69292757e-07
48    -8.14050157e-07
49    -4.31240207e-07
50    -7.02659357e-07
51    -9.10371807e-07
52    -9.80107307e-07
53    -1.024547347e-06
54    -1.008187552e-06
55    -1.156088502e-06
56    -1.145019187e-06
57    -7.47477287e-07
58    -5.17440187e-07
59    -4.81581182e-07
60    -1.65756882e-07
61    1.8171668e-08
62    -1.32915182e-07
63    2.4828368e-08
64    6.1204788e-08
65    2.90439588e-07
66    5.74590738e-07
67    6.45134388e-07
68    8.41637988e-07
69    9.20239438e-07
70    8.59108238e-07
71    7.91179338e-07
72    7.09769888e-07
73    5.19861938e-07
74    6.36345538e-07
75    7.78525788e-07
76    1.293289788e-06
77    7.99850638e-07
78    5.84998988e-07
79    7.36992788e-07
80    8.01083188e-07
81    9.65774138e-07
82    8.39139788e-07
83    1.124453738e-06
84    1.301777888e-06
85    1.250029988e-06
86    1.171893638e-06
87    1.335840438e-06
88    1.385047733e-06
89    1.219612633e-06
90    1.180335163e-06
91    1.233989963e-06
92    9.02736063e-07
93    6.56350813e-07
94    5.41006713e-07
95    5.93306913e-07
96    4.38637363e-07
97    5.67446063e-07
98    5.50946733e-07
99    7.24521033e-07
100    1.011137233e-06
101    8.19679933e-07
102    5.23505983e-07
103    5.93997283e-07
104    7.99843533e-07
105    9.01362633e-07
106    9.46291033e-07
107    7.03417233e-07
108    3.15427283e-07
109    -3.6883867e-08
110    1.81479283e-07
111    1.22121233e-07
112    -4.4941717e-08
113    3.3194633e-08
114    1.61933583e-07
115    3.88296433e-07
116    1.88177083e-07
117    3.17660183e-07
118    3.57612043e-07
119    4.07794593e-07
120    3.71051898e-07
121    2.97613048e-07
122    3.12914748e-07
123    2.136748e-09
124    -8.3836502e-08
125    -4.956002e-09
126    4.1856043e-08
127    5.578458e-09
128    -4.328107e-09
129    4.24611493e-07
130    4.00798513e-07
131    4.13449168e-07
132    5.39955618e-07
133    5.48251793e-07
134    3.57375893e-07
135    5.89761743e-07
136    5.55216648e-07
137    5.08125543e-07
138    7.25325993e-07
139    3.40946343e-07
140    4.95742343e-07
141    4.17640893e-07
142    6.12005043e-07
143    3.64459943e-07
144    2.34744293e-07
145    6.1030493e-08
146    4.6542708e-08
147    -3.62335942e-07
148    -2.99385042e-07
149    -1.14962342e-07
150    -1.22868987e-07
151    8.4796963e-08
152    1.47724613e-07
153    2.51092463e-07
154    5.8030613e-08
155    -7.0243187e-08
156    1.3148713e-08
157    8.5145763e-08
158    1.09063393e-07
159    3.11496993e-07
160    5.68695793e-07
161    3.54181293e-07
162    3.98784113e-07
163    2.36693363e-07
164    1.59498813e-07
165    8.5211163e-08
166    2.60971413e-07
167    5.95515863e-07
168    7.27359313e-07
169    9.36281013e-07
170    1.250593763e-06
171    1.045616663e-06
172    1.157670213e-06
173    1.016582963e-06
174    7.05435813e-07
175    3.70449513e-07
176    3.88867353e-07
177    6.8659553e-08
178    1.1127003e-08
179    -2.4731997e-08
180    3.0614553e-08
181    -2.34211847e-07
182    -3.78903597e-07
183    -2.50025147e-07
184    2.08642153e-07
185    1.49295753e-07
186    3.55798953e-07
187    7.9635853e-08
188    5.2939258e-08
189    2.37303808e-07
190    3.10463608e-07
191    4.44527908e-07
192    1.72533208e-07
193    1.3946658e-08
194    -7.4103542e-08
195    -1.44542542e-07
196    -5.73687792e-07
197    -8.33584142e-07
198    -6.18569642e-07
199    -2.15103592e-07
200    2.18204308e-07
201    4.96874608e-07
202    5.37163663e-07
203    8.15268563e-07
204    9.20031713e-07
205    1.324805863e-06
206    1.266622213e-06
207    1.417232313e-06
208    1.592574013e-06
209    1.607829208e-06
210    1.848749558e-06
211    1.893073333e-06
212    2.472113833e-06
213    2.666262883e-06
214    3.281586383e-06
215    3.149126683e-06
216    3.767008183e-06
217    3.433300883e-06
218    3.513623183e-06
219    3.968860433e-06
220    3.930443393e-06
221    4.441538893e-06
222    4.273987593e-06
223    4.283475573e-06
224    4.612671423e-06
225    5.048514073e-06
226    5.330790323e-06
227    5.544339723e-06
228    5.904138973e-06
229    5.422112173e-06
230    5.615406573e-06
231    6.112142073e-06
232    6.462168423e-06
233    6.920277573e-06
234    6.961671233e-06
235    6.885767383e-06
236    6.860140528e-06
237    6.574924728e-06
238    6.485544678e-06
239    6.870168528e-06
240    6.981512828e-06
241    6.948630473e-06
242    7.200015573e-06
243    7.046675923e-06
244    6.896158823e-06
245    6.958040023e-06
246    6.946459113e-06
247    6.893321763e-06
248    6.996364063e-06
249    6.777338113e-06
250    -0.000203148761887
251    0.000285553288113
252    0.000810988788113
253    0.00384123078811
254    -0.00252659421189
255    0.00358637078811
256    -0.00607617421189
257    0.000802890788113
258    0.00655617078811
259    -0.0443099742119
260    -0.0193579342119
261    -0.0942759592119
262    0.0349429207881
263    0.0695106607881
264    -0.121683419212
265    0.132323600788
266    -0.0706424792119
267    1.48504982079
268    7.55640132079
269    14.4772538208
270    21.2335608208
271    28.0302953208
272    34.8858503208
273    41.1948278208
274    50.5042593208
275    64.3198803208
276    77.5425003208
277    94.1514038208
278    115.082186321
279    142.390622821
280    168.760112821
281    196.229353321
282    227.545218821
283    261.471659821
284    295.847562321
285    335.022848321
286    376.219824821
287    416.298316821
288    463.449579321
289    517.467189321
290    575.308199321
291    636.674714321
292    697.624304321
293    757.933114321
294    819.632109321
295    883.160969321
296    954.484334321
297    1036.52259932
298    1130.54472432
299    1227.16965932
300    1328.66860932
301    1430.10578432
302    1531.68325432
303    1633.22909432
304    1734.71422432
305    1836.36069432
306    1937.87120932
307    2039.38296932
308    2140.93071432
309    2244.18260932
310    2352.24821932
311    2460.53081432
312    2568.80566432
313    2677.12893932
314    2785.55936932
315    2893.81731432
316    3001.95568932
317    3110.49818432
318    3218.76729932
319    3331.47785432
320    3446.43921932
321    3561.66036432
322    3676.75580432
323    3791.71402932
324    3906.99184432
325    4021.97215432
326    4137.05872432
327    4252.11657432
328    4367.28158432
329    4482.10394432
330    4597.62850932
331    4714.09592432
332    4836.22619432
333    4958.27236932
334    5085.31048432
335    5219.73110932
336    5355.07154932
337    5490.45449932
338    5625.77049932
339    5763.25077432
340    5905.87769432
341    6047.94290932
342    6190.02113932
343    6332.06197932
344    6474.45315432
345    6619.68726932
346    6769.54426432
347    6928.97092432
348    7280.28652432
349    8984.23237432
350    16146.4623743
351    42434.7893743
352    108354.054374
353    198505.619374
354    268183.924374
355    303727.942874
356    325911.616874
357    354528.891874
358    374886.963374
359    372156.374624
360    344195.807124
361    299943.184124
362    257212.451124
363    230490.692624
364    224870.605624
365    235874.684624
366    256470.244124
367    279067.665124
368    296739.404124
369    307162.154124
370    308997.066624
371    303221.305124
372    292753.106124
373    280552.688624
374    267940.635624
375    256808.118124
376    249341.145624
377    245623.492474
378    246285.857274
379    250377.267474
380    255185.409824
381    259551.953224
382    263009.515924
383    266880.387324
384    270102.924524
385    271194.140874
386    270131.010374
387    268352.141174
388    265206.975124
389    261187.214124
390    256927.925274
391    253584.033774
392    250592.408424
393    247950.304924
394    245821.950924
395    244465.881824
396    243557.953524
397    243418.962534
398    243795.955669
399    244542.094319
400    245384.136719
401    246374.257869
402    246662.420479
403    246925.625344
404    246778.250784
405    246557.943739
406    245734.747839
407    244847.175589
408    243634.754739
409    242906.245989
410    242758.095869
411    243024.425369
412    243445.343274
413    243691.981314
414    243755.885669
415    243934.850354
416    244091.507834
417    243785.633034
418    243629.325904
419    244100.614124
420    244193.187484
421    244184.782374
422    244156.677307
423    243901.436582
424    243682.149357
425    243759.342407
426    243854.176092
427    244085.573527
428    244138.265907
429    243826.765372
430    243534.128782
431    243668.361657
432    243729.791942
433    243789.039807
434    243702.835607
435    244046.992097
436    244202.789017
437    244087.451637
438    244188.515227
439    244137.288772
440    243896.747342
441    243939.877531
442    243706.040616
443    243671.807023
444    243594.575928
445    243251.450833
446    242920.438043
447    242736.348973
448    242916.488433
449    242896.209519
450    243140.513084
451    242882.119874
452    242945.956174
453    243051.669849
454    242781.320864
455    242631.114604
456    242608.512512
457    242681.899382
458    242810.889987
459    242842.199194
460    242738.519379
461    242532.226569
462    242688.163819
463    242753.334069
464    242867.227539
465    242967.053244
466    242757.322009
467    242624.914469
468    242525.751569
469    242846.473754
470    242837.6755
471    242758.17379
472    242676.444645
473    242730.278665
474    242611.4356
475    242650.651682
476    242927.650807
477    242638.980537
478    242590.611738
479    242696.492243
480    242760.090118
481    242809.359182
482    242706.001242
483    242801.655642
484    242637.972797
485    242897.230737
486    242859.532702
487    242861.817926
488    242810.240936
489    242641.865161
490    242872.385726
491    242863.512734
492    242643.695364
493    242725.199264
494    242724.696426
495    242778.230986
496    242918.635526
497    243019.755436
498    242793.318786
499    242655.602061
500    242536.614501
501    242655.959706
502    242771.377356
503    242661.089021
504    242508.437091
505    242287.300891
506    242228.304536
507    242415.483626
508    242557.231276
509    242413.994606
510    242172.094206
511    242270.877846
512    242348.884211
513    242415.334736
514    242215.651766
515    242168.09099
516    242118.264353
517    241746.516843
518    241818.257113
519    242062.153128
520    242025.155642
521    242097.951947
522    241955.061462
523    242217.380402
524    242283.340272
525    241980.229962
526    242152.433687
527    242212.751057
528    242263.347762
529    242206.378347
530    242138.078177
531    242308.000442
532    241958.465007
533    241810.265277
534    242090.796407
535    242007.540027
536    241850.302062
537    241687.193272
538    242043.662047
539    241739.287182
540    241841.117717
541    241997.984472
542    242211.608587
543    242165.748737
544    242179.908959
545    242076.646124
546    241804.958239
547    241633.145744
548    241875.598389
549    242108.603304
550    241945.742844
551    242145.400109
552    242146.51557
553    242258.89066
554    242300.905744
555    242122.168774
556    242055.753084
557    241674.481224
558    241778.821029
559    241805.386115
560    241750.371735
561    241449.465155
562    241658.0507
563    241832.678315
564    242073.067785
565    242106.476889
566    241800.927494
567    241777.452522
568    241587.384892
569    241665.891572
570    241649.605922
571    242066.178172
572    241930.808147
573    241823.244297
574    241971.165212
575    241913.537197
576    241769.158257
577    241905.260042
578    241975.276967
579    242040.133702
580    241956.483852
581    242062.136322
582    241946.156842
583    242257.035397
584    242000.031897
585    241866.022797
586    241969.179922
587    241939.781808
588    241791.719693
589    242221.864613
590    242056.415478
591    241991.092953
592    242128.411568
593    242061.832498
594    242211.906683
595    242448.106413
596    242437.970529
597    242571.429614
598    242685.112454
599    242444.325019
600    242473.503495
601    242505.508725
602    242281.97442
603    242276.040273
604    242309.763529
605    242514.252664
606    242700.405174
607    242772.149799
608    242853.691104
609    243066.113349
610    243203.834199
611    243243.68233
612    242949.62748
613    242813.520215
614    242819.307497
615    242802.174817
616    242771.052641
617    242920.827856
618    242641.345326
619    242428.161656
620    242541.834606
621    242573.326672
622    242710.897652
623    242833.474812
624    242885.648082
625    242777.470337
626    242916.287657
627    243043.598237
628    242982.356272
629    243240.069812
630    242987.025262
631    242927.308357
632    242936.588215
633    243018.13157
634    243249.729035
635    243049.694035
636    243171.10657
637    243359.93557
638    243221.114335
639    243186.298949
640    243176.375281
641    243069.954156
642    243026.95784
643    243105.83885
644    243199.52418
645    243336.998165
646    243281.86768
647    243358.45833
648    243427.06294
649    243470.971174
650    243644.591869
651    243519.427439
652    243547.240825
653    243513.740616
654    243407.925186
655    243142.966781
656    243177.776025
657    243252.04773
658    243206.756231
659    243497.234231
660    243140.885956
661    242996.012936
662    243264.570721
663    243312.023295
664    243548.286925
665    243622.086885
666    243827.76685
667    243808.225502
668    243583.083887
669    243634.941562
670    243926.168922
671    243498.725107
672    242273.666957
673    239843.718407
674    235759.525707
675    229808.516707
676    222439.570707
677    217448.355507
678    214269.803807
679    211935.388057
680    210074.214807
681    208548.445457
682    207253.123407
683    206137.500907
684    205156.193907
685    204276.953007
686    203460.547307
687    202706.533157
688    202016.903407
689    201356.768707
690    200747.746607
691    200181.026807
692    199637.812607
693    199116.411207
694    198611.449057
695    198124.569497
696    197671.672317
697    197249.239017
698    196848.240577
699    196465.737542
700    196095.814102
701    195730.246347
702    195365.906737
703    195008.081527
704    194664.291222
705    194332.255147
706    194008.658407
707    193706.265557
708    193409.352477
709    193122.183372
710    192849.050377
711    192578.262362
712    192307.469762
713    192042.731562
714    191790.882612
715    191546.243217
716    191303.172222
717    191065.146267
718    190828.202417
719    190597.631697
720    190377.959962
721    190163.655052
722    189953.691777
723    189746.473847
724    189545.938437
725    189355.337362
726    189165.801987
727    188986.459632
728    188826.397682
729    188670.690712
730    188514.982032
731    188361.359082
732    188221.126042
733    188091.199057
734    187963.216067
735    187840.282622
736    187718.444192
737    187600.436967
738    187487.608367
739    187379.177742
740    187274.320042
741    187172.774212
742    187071.227257
743    186969.679962
744    186868.133262
745    186766.586467
746    186665.040657
747    186563.493587
748    186461.945577
749    186360.399892
750    186258.852497
751    186157.306872
752    186055.759117
753    185954.211987
754    185852.666392
755    185751.118942
756    185649.625602
757    185552.265062
758    185457.487082
759    185364.221767
760    185277.590792
761    185206.358082
762    185138.660472
763    185072.316782
764    185015.667342
765    184961.509617
766    184907.350082
767    184856.983362
768    184826.179276
769    184803.287254
770    184782.978975
771    184762.669251
772    184742.359772
773    184722.050398
774    184701.74102
775    184681.431758
776    184661.122552
777    184640.8131
778    184620.503688
779    184600.193968
780    184579.885522
781    184559.575509
782    184539.266547
783    184518.956849
784    184498.647239
785    184478.33806
786    184458.799193
787    184444.333796
788    184432.1092
789    184424.859742
790    184418.089198
791    184411.319867
792    184404.5501
793    184397.780205
794    184391.010464
795    184384.240899
796    184377.47072
797    184372.934292
798    184372.815335
799    184372.815335
800    184372.815335
801    184372.815335
802    184372.815335
803    184372.815335
804    184372.815335
805    184372.815335
806    184372.815335
807    184372.815335
808    184372.815335
809    184372.815334
810    184372.815335
811    184372.815334
812    184372.815334
813    184372.815335
814    184372.815335
815    184372.815335
816    184372.815335
817    184372.815334
818    184372.815334
819    184372.815334
820    184372.815335
821    184372.815335
822    184372.815335
823    184372.815334
824    184372.815334
825    184372.815334
826    184372.815334
827    184372.815334
828    184372.815335
829    184372.815335
830    184372.815335
831    184372.815335
832    184372.815335
833    184372.815335
834    184372.815335
835    184372.815335
836    184372.815334
837    184372.815334
838    184372.815334
839    184372.815334
840    184372.815335
841    184372.815335
842    184372.815335
843    184372.815335
844    184372.815335
845    184372.815335
846    184372.815334
847    184372.815334
848    184372.815334
849    184372.815334
850    184372.815334
851    184372.815334
852    184372.815334
853    184372.815334
854    184372.815334
855    184372.815334
856    184372.815334
857    184372.815334
858    184372.815333
859    184372.815333
860    184372.815333
861    184372.815333
862    184372.815333
863    184372.815333
864    184372.815333
865    184372.815333
866    184372.815333
867    184372.815333
868    184372.815334
869    184372.815334
870    184372.815334
871    184372.815334
872    184372.815334
873    184372.815334
874    184372.815334
875    184372.815334
876    184372.815334
877    184372.815335
878    184372.815334
879    184372.815334
880    184372.815334
881    184372.815334
882    184372.815334
883    184372.815334
884    184372.815334
885    184372.815334
886    184372.815334
887    184372.815334
888    184372.815334
889    184372.815334
890    184372.815334
891    184372.815334
892    184372.815334
893    184372.815335
894    184372.815334
895    184372.815334
896    184372.815334
897    184372.815334
898    184372.815334
899    184372.815334
900    184372.815334
901    184372.815334
902    184372.815334
903    184372.815334
904    184372.815335
905    184372.815334
906    184372.815335
907    184372.815335
908    184372.815335
909    184372.815335
910    184372.815335
911    184372.815335
912    184372.815335
913    184372.815335
914    184372.815335
915    184372.815335
916    184372.815335
917    184372.815336
918    184372.815335
919    184372.815335
920    184372.815335
921    184372.815335
922    184372.815335
923    184372.815335
924    184372.815335
925    184372.815335
926    184372.815335
927    184372.815335
928    184372.815335
929    184372.815335
930    184372.815335
931    184372.815334
932    184372.815334
933    184372.815334
934    184372.815334
935    184372.815334
936    184372.815334
937    184372.815334
938    184372.815334
939    184372.815334
940    184372.815333
941    184372.815333
942    184372.815333
943    184372.815333
944    184372.815334
945    184372.815334
946    184372.815334
947    184372.815334
948    184372.815334
949    184372.815334
950    184372.815334
951    184372.815333
952    184372.815333
953    184372.815333
954    184372.815334
955    184372.815334
956    184372.815334
957    184372.815334
958    184372.815334
959    184372.815334
960    184372.815334
961    184372.815334
962    184372.815334
963    184372.815334
964    184372.815335
965    184372.815335
966    184372.815335
967    184372.815335
968    184372.815335
969    184372.815335
970    184372.815335
971    184372.815335
972    184372.815335
973    184372.815335
974    184372.815335
975    184372.815334
976    184372.815334
977    184372.815334
978    184372.815334
979    184372.815334
980    184372.815334
981    184372.815334
982    184372.815335
983    184372.815334
984    184372.815335
985    184372.815334
986    184372.815334
987    184372.815334
988    184372.815334
989    184372.815334
990    184372.815334
991    184372.815334
992    184372.815334
993    184372.815334
994    184372.815334
995    184372.815334
996    184372.815334
997    184372.815334
998    184372.815334
999    184372.815334
1000    184372.815334
1001    184372.815334
1002    184372.815334
1003    184372.815333
1004    184372.815334
1005    184372.815334
1006    184372.815334
1007    184372.815334
1008    184372.815334
1009    184372.815334
1010    184372.815334
1011    184372.815333
1012    184372.815333
1013    184372.815333
1014    184372.815333
1015    184372.815333
1016    184372.815333
1017    184372.815333
1018    184372.815333
1019    184372.815333
1020    184372.815334
1021    184372.815333
1022    184372.815333
1023    184372.815333
1024    184372.815333
