#x,Ay
1    -0
2    1.7056135e-07
3    3.433435e-08
4    4.104628e-08
5    2.4660473e-07
6    -2.7146727e-07
7    -1.8246507e-07
8    8.047768e-08
9    -3.8341032e-07
10    -3.8154993e-07
11    -3.6923647e-07
12    -3.8767758e-07
13    -2.9586738e-07
14    -4.9300393e-07
15    -4.48180185e-07
16    -8.9380885e-08
17    3.196715e-09
18    -1.66470735e-07
19    -5.26281585e-07
20    -5.40420545e-07
21    -3.48428395e-07
22    -1.40942695e-07
23    -8.2014845e-08
24    3.67152805e-07
25    1.23139505e-07
26    -1.76638945e-07
27    -2.40836895e-07
28    1.22886605e-07
29    -5.2391145e-08
30    1.00160755e-07
31    -2.9682745e-08
32    -2.24964395e-07
33    -5.05420945e-07
34    -5.16234435e-07
35    -5.3460577e-07
36    -3.0559187e-07
37    -6.3488072e-07
38    -8.6104682e-07
39    -1.16577852e-06
40    -1.24096147e-06
41    -1.18980077e-06
42    -1.182312695e-06
43    -1.026470195e-06
44    -9.59031095e-07
45    -5.79481195e-07
46    -6.91406845e-07
47    -7.1163276e-07
48    -6.1091596e-07
49    -7.5774716e-07
50    -9.4661736e-07
51    -1.12233111e-06
52    -9.0587486e-07
53    -9.30458145e-07
54    -9.84932695e-07
55    -6.94618995e-07
56    -3.43563595e-07
57    -4.92859795e-07
58    -3.12402045e-07
59    -7.38291595e-07
60    -5.58880345e-07
61    -6.65375995e-07
62    -9.72526245e-07
63    -7.97905495e-07
64    -6.52795145e-07
65    -5.92192995e-07
66    -6.66073695e-07
67    -4.90319245e-07
68    -4.47344265e-07
69    -5.95163815e-07
70    -6.2632533e-07
71    -1.45750083e-06
72    -1.62307548e-06
73    -1.52211158e-06
74    -1.57551638e-06
75    -1.33243618e-06
76    -1.35099356e-06
77    -1.64502806e-06
78    -1.40898541e-06
79    -1.54916571e-06
80    -1.46445986e-06
81    -1.90267451e-06
82    -1.33082601e-06
83    -1.14156341e-06
84    -1.17251563e-06
85    -1.32371878e-06
86    -1.45141123e-06
87    -1.87474278e-06
88    -1.94990253e-06
89    -2.51739103e-06
90    -3.01578923e-06
91    -2.92911833e-06
92    -3.00172003e-06
93    -2.94623393e-06
94    -3.31935823e-06
95    -3.274615895e-06
96    -3.397959695e-06
97    -3.825535245e-06
98    -3.744724595e-06
99    -3.455410845e-06
100    -3.535035495e-06
101    -3.5547498e-06
102    -3.2811796e-06
103    -2.87831235e-06
104    -2.9717853e-06
105    -3.21748895e-06
106    -3.18790875e-06
107    -3.3866913e-06
108    -3.5148256e-06
109    -3.2948811e-06
110    -3.40269065e-06
111    -3.91494865e-06
112    -3.4513397e-06
113    -3.24281335e-06
114    -3.08923825e-06
115    -2.834644e-06
116    -2.9326865e-06
117    -3.13895715e-06
118    -2.82515605e-06
119    -2.67883645e-06
120    -2.887793e-06
121    -2.7917039e-06
122    -2.9552321e-06
123    -2.7370317e-06
124    -2.780192725e-06
125    -2.687080275e-06
126    -2.66168597e-06
127    -2.15143947e-06
128    -2.00521287e-06
129    -1.61132197e-06
130    -1.54690597e-06
131    -1.52272092e-06
132    -1.45716547e-06
133    -1.06257692e-06
134    -1.46569997e-06
135    -9.4530247e-07
136    -1.20029202e-06
137    -1.36805262e-06
138    -1.28521882e-06
139    -7.8296032e-07
140    -8.7597977e-07
141    -6.1961817e-07
142    -2.6465592e-07
143    -3.1707242e-07
144    -2.1656487e-07
145    -3.5753582e-07
146    -1.1087147e-07
147    5.693563e-08
148    -8.1251737e-07
149    -7.3832272e-07
150    -6.9088281e-07
151    -1.66312231e-06
152    -1.54935951e-06
153    -2.29263151e-06
154    -2.01843346e-06
155    -2.33389731e-06
156    -1.96512166e-06
157    -1.84475451e-06
158    -1.76336251e-06
159    -2.22157636e-06
160    -2.06293166e-06
161    -1.81615106e-06
162    -1.97763281e-06
163    -1.34077531e-06
164    -1.04111311e-06
165    6.6207289e-07
166    8.5127449e-07
167    1.22260809e-06
168    9.9645454e-07
169    8.7404094e-07
170    8.0735759e-07
171    1.26075769e-06
172    3.4023719e-07
173    3.6498034e-07
174    2.2600929e-07
175    2.00707995e-07
176    1.064858495e-06
177    -1.26488005e-07
178    -9.430327e-08
179    4.2107123e-07
180    1.10437973e-06
181    1.04177763e-06
182    1.62612563e-06
183    1.56681413e-06
184    2.69476813e-06
185    2.03656263e-06
186    1.64027648e-06
187    1.31454698e-06
188    2.04047098e-06
189    2.39589833e-06
190    1.47072683e-06
191    1.40486908e-06
192    2.04102908e-06
193    1.74876343e-06
194    1.34376838e-06
195    6.2007688e-07
196    1.64859288e-06
197    8.1978938e-07
198    4.6036223e-07
199    -5.4499177e-07
200    -2.9895532e-07
201    -1.42909532e-06
202    -1.24966077e-06
203    -8.5714192e-07
204    -2.9232792e-07
205    -1.6247277e-07
206    8.0153423e-07
207    1.49715673e-06
208    7.0500323e-07
209    1.08563883e-06
210    1.113079605e-06
211    -9.77253395e-07
212    -3.77254895e-07
213    -1.153781395e-06
214    -2.64515395e-07
215    -1.651249395e-06
216    -2.412241395e-06
217    -3.387457395e-06
218    -3.541311545e-06
219    -3.626145295e-06
220    -3.704002595e-06
221    -3.319274145e-06
222    -4.386207145e-06
223    -4.677730095e-06
224    -3.556659595e-06
225    -3.478988345e-06
226    -3.370748545e-06
227    -3.373353056e-06
228    -2.40458056e-07
229    1.145903944e-06
230    1.569142494e-06
231    5.72159994e-07
232    1.232225994e-06
233    6.25610994e-07
234    -5.47922506e-07
235    1.813383494e-06
236    7.68588994e-07
237    -4.25408506e-07
238    -1.084730506e-06
239    4.22742994e-07
240    9.8663194e-08
241    1.061786694e-06
242    1.177136644e-06
243    1.086721744e-06
244    1.131743129e-06
245    1.074722229e-06
246    -2.371648771e-06
247    -3.869075771e-06
248    -5.956060271e-06
249    -6.000652271e-06
250    -0.000215582802271
251    0.000271172947729
252    0.000797413447729
253    0.00382839194773
254    -0.00253652805227
255    -0.00202435005227
256    0.00318099494773
257    -0.0163152350523
258    -0.0435390250523
259    -0.000278805052271
260    1.42879624495
261    7.67169174495
262    14.4723322449
263    21.5400322449
264    28.1728177449
265    34.8728182449
266    41.9514292449
267    48.5474637449
268    55.3087002449
269    62.0767647449
270    68.9529002449
271    75.7234027449
272    82.5763007449
273    88.7470392449
274    95.8954872449
275    103.012159745
276    109.518380745
277    115.945908245
278    122.416054245
279    130.170625745
280    136.436893745
281    143.190146245
282    149.932047745
283    157.021485245
284    168.611858245
285    181.856385745
286    195.941876745
287    209.058012245
288    222.344939745
289    236.287164245
290    249.391695245
291    263.584386245
292    276.826141245
293    290.055432745
294    304.128283745
295    317.514897745
296    330.439611745
297    347.248840745
298    367.413318245
299    387.289864745
300    407.814566245
301    428.197895745
302    448.623343245
303    468.545078745
304    489.219651745
305    509.323674745
306    529.744459245
307    550.232852245
308    570.077264245
309    590.837140245
310    610.881549745
311    631.482976745
312    651.495826745
313    671.959377245
314    692.326921745
315    712.427518245
316    732.678375245
317    753.296254245
318    773.425897745
319    793.873456245
320    814.011130245
321    834.528836245
322    854.634778245
323    875.078138245
324    895.401379245
325    915.675606245
326    935.972462745
327    956.200113245
328    976.798427245
329    996.516431745
330    1017.61021074
331    1037.11108224
332    1058.07726074
333    1078.23831424
334    1098.44434824
335    1118.71476724
336    1139.14385924
337    1159.56995574
338    1179.66819724
339    1199.37659524
340    1220.54248074
341    1241.04630674
342    1260.87971624
343    1280.86700824
344    1301.86472224
345    1321.75812024
346    1367.35812024
347    1781.96146524
348    5104.59536524
349    27037.8798652
350    107215.029865
351    281719.119865
352    554110.599865
353    898277.904865
354    1261347.71987
355    1582547.45487
356    1810410.48487
357    1942244.54987
358    2001759.69487
359    2015265.29087
360    2004522.14937
361    1985204.57987
362    1968228.76337
363    1958421.69137
364    1956527.06592
365    1966220.83592
366    1989126.23692
367    2021673.18142
368    2056910.30242
369    2086920.36392
370    2103109.35642
371    2102682.72631
372    2085425.69631
373    2052642.82731
374    2009403.36181
375    1964397.73531
376    1926641.89781
377    1904192.42831
378    1900766.02536
379    1916652.08936
380    1949593.41086
381    1992662.45086
382    2038949.53686
383    2082224.15836
384    2112759.55636
385    2127292.68086
386    2125124.12331
387    2106562.55231
388    2073998.49231
389    2032819.41581
390    1988338.00931
391    1947323.40731
392    1916505.17431
393    1898291.33181
394    1895694.61331
395    1907803.09431
396    1930175.05831
397    1957465.01681
398    1985300.20881
399    2011188.82431
400    2033097.82881
401    2048203.88881
402    2054086.32431
403    2051196.64221
404    2041362.91421
405    2027612.56471
406    2011427.17821
407    1993812.28521
408    1978006.51471
409    1966524.76471
410    1960141.13671
411    1956604.63096
412    1951936.90901
413    1946433.83351
414    1940240.67301
415    1934305.19201
416    1929437.13306
417    1925902.93746
418    1923814.51796
419    1922904.24186
420    1923694.95761
421    1925760.36496
422    1928668.33096
423    1931879.97311
424    1935224.17166
425    1938493.56251
426    1941613.69541
427    1944272.66691
428    1946509.12811
429    1947494.19056
430    1947016.00964
431    1945123.42824
432    1942222.25764
433    1939029.37389
434    1935314.79504
435    1931920.45819
436    1928870.56184
437    1926661.13634
438    1925815.49509
439    1926406.30819
440    1927571.85064
441    1929462.13204
442    1931316.94844
443    1933637.51744
444    1935791.19014
445    1937711.46899
446    1939313.64579
447    1939909.35834
448    1939231.54919
449    1938183.59259
450    1937245.76964
451    1935743.92734
452    1934257.63969
453    1932052.19109
454    1930712.75534
455    1929567.41734
456    1928714.11914
457    1928242.48145
458    1928228.52542
459    1928344.94217
460    1928497.1251
461    1929181.9302
462    1930199.9304
463    1931197.96815
464    1931825.4276
465    1932334.8889
466    1932126.80157
467    1932223.00956
468    1932522.51143
469    1932104.9638
470    1931263.3621
471    1930040.7547
472    1928069.58585
473    1926357.08725
474    1924827.351
475    1923940.82195
476    1923172.8513
477    1922521.01205
478    1922241.38118
479    1922143.99441
480    1922079.57995
481    1922085.00066
482    1922181.20059
483    1922426.70053
484    1922453.33481
485    1922134.86352
486    1921924.35839
487    1921627.40187
488    1921416.07868
489    1921251.14091
490    1921130.77356
491    1921291.87664
492    1921351.92894
493    1921318.22668
494    1921149.66511
495    1920981.77672
496    1920973.63614
497    1920939.60974
498    1920585.86439
499    1920346.29062
500    1920170.12033
501    1920321.5878
502    1920602.03574
503    1920713.59825
504    1920350.9806
505    1920458.74456
506    1920710.59285
507    1920808.87451
508    1920845.85599
509    1920914.66505
510    1920835.72286
511    1920609.08704
512    1920446.84694
513    1920682.11139
514    1920534.60456
515    1920472.23681
516    1920768.01906
517    1920807.51876
518    1920777.72037
519    1920463.44754
520    1920214.62359
521    1920146.69371
522    1919895.33258
523    1919747.78249
524    1919861.30172
525    1919946.68964
526    1919812.72661
527    1919588.49093
528    1919468.46048
529    1919408.91721
530    1919623.27903
531    1919505.10626
532    1919394.71515
533    1919240.88133
534    1919180.44122
535    1919421.88818
536    1919487.82798
537    1919324.12546
538    1919379.57633
539    1919395.59951
540    1919268.43445
541    1919041.85825
542    1919249.10748
543    1919005.8324
544    1919261.57036
545    1919039.04604
546    1919145.90401
547    1919107.03132
548    1919434.62829
549    1919203.79281
550    1919052.97412
551    1919143.68596
552    1919047.48875
553    1919138.84896
554    1919521.03324
555    1919546.98623
556    1919493.69626
557    1919350.16557
558    1919562.73355
559    1919505.44262
560    1919450.98474
561    1919377.00936
562    1919178.13924
563    1919200.06743
564    1919158.94161
565    1919102.87242
566    1919149.61364
567    1919243.32813
568    1919398.28435
569    1919505.00293
570    1919661.93866
571    1919567.2837
572    1919535.87915
573    1919598.51309
574    1919422.09225
575    1919579.6993
576    1919596.33589
577    1919529.53083
578    1919657.24953
579    1919729.06563
580    1919557.98532
581    1919444.60869
582    1919417.24354
583    1919484.30057
584    1919955.75414
585    1919776.62222
586    1919768.35457
587    1919695.65213
588    1919870.74092
589    1919618.91982
590    1919763.62663
591    1919849.83774
592    1919835.19895
593    1919732.23735
594    1919747.75738
595    1919457.88817
596    1919267.91628
597    1919269.01755
598    1919196.59042
599    1919516.39035
600    1919698.21148
601    1919561.2746
602    1919767.71859
603    1919574.26287
604    1919634.87798
605    1919537.94921
606    1919169.72032
607    1919173.38558
608    1919044.25611
609    1919029.76773
610    1918995.60532
611    1918833.6212
612    1918746.29363
613    1918835.27449
614    1918736.0106
615    1919063.22521
616    1919189.63898
617    1919255.306
618    1918949.02512
619    1919006.45512
620    1918976.28403
621    1918970.40605
622    1919123.18947
623    1919075.43821
624    1918817.74779
625    1918612.64924
626    1918512.79048
627    1918666.68879
628    1918613.94252
629    1918701.32892
630    1918670.32695
631    1918661.354
632    1918878.83671
633    1918711.46321
634    1918558.87545
635    1918281.94381
636    1917936.01691
637    1918058.32969
638    1918014.0195
639    1918264.51144
640    1918271.52527
641    1918152.99292
642    1917995.7115
643    1918238.63988
644    1918034.08658
645    1918026.43421
646    1918044.7347
647    1918059.81026
648    1918086.83888
649    1918052.8885
650    1918244.39086
651    1918259.9581
652    1918143.15956
653    1918345.93096
654    1918345.19957
655    1918527.61495
656    1918450.96098
657    1918434.76579
658    1918479.44164
659    1918439.06548
660    1918298.95643
661    1918334.35494
662    1918347.74109
663    1918185.97921
664    1918318.62953
665    1918257.69629
666    1917828.8405
667    1917910.90543
668    1918089.12823
669    1918066.7955
670    1917950.18149
671    1917571.09051
672    1916722.00431
673    1914510.50741
674    1910942.65026
675    1906216.48656
676    1899543.73906
677    1893636.46206
678    1889793.04371
679    1887177.56911
680    1885205.23876
681    1883611.42881
682    1882242.94286
683    1881086.39926
684    1880074.46796
685    1879145.41341
686    1878296.93276
687    1877520.64196
688    1876810.23411
689    1876135.75846
690    1875504.55411
691    1874920.09941
692    1874350.85791
693    1873796.27976
694    1873250.81276
695    1872729.35476
696    1872227.03121
697    1871742.20735
698    1871283.83714
699    1870864.70677
700    1870468.44461
701    1870078.61736
702    1869695.68637
703    1869330.53088
704    1868987.17539
705    1868659.1377
706    1868334.64326
707    1868017.90779
708    1867715.19222
709    1867423.84839
710    1867133.59684
711    1866848.75639
712    1866569.58415
713    1866292.04029
714    1866018.33011
715    1865747.53657
716    1865483.2614
717    1865235.57804
718    1864996.39238
719    1864759.66871
720    1864528.77244
721    1864304.79319
722    1864081.66148
723    1863867.47187
724    1863660.46228
725    1863460.69815
726    1863270.09235
727    1863090.87523
728    1862926.55323
729    1862770.63921
730    1862614.93053
731    1862459.7858
732    1862310.52029
733    1862172.69669
734    1862042.87006
735    1861915.7514
736    1861793.52135
737    1861671.66433
738    1861550.29089
739    1861433.89134
740    1861318.80451
741    1861206.14131
742    1861097.74429
743    1860989.42709
744    1860881.81297
745    1860779.26266
746    1860677.71685
747    1860576.16978
748    1860474.62177
749    1860373.07608
750    1860271.52869
751    1860169.98306
752    1860068.43531
753    1859966.88818
754    1859865.34258
755    1859763.79514
756    1859662.24803
757    1859560.70193
758    1859459.15413
759    1859357.60887
760    1859256.06017
761    1859154.51469
762    1859053.0147
763    1858955.59862
764    1858862.41031
765    1858774.06814
766    1858689.80421
767    1858619.33572
768    1858551.63719
769    1858483.93862
770    1858419.18903
771    1858358.24618
772    1858300.28583
773    1858246.11381
774    1858192.99089
775    1858155.71007
776    1858134.09454
777    1858113.78509
778    1858093.47568
779    1858073.16596
780    1858052.85751
781    1858032.5475
782    1858012.23854
783    1857991.92884
784    1857971.61923
785    1857951.31005
786    1857931.00082
787    1857910.69124
788    1857890.38193
789    1857870.0731
790    1857849.76325
791    1857829.45402
792    1857809.14474
793    1857788.83533
794    1857768.52595
795    1857748.21721
796    1857727.9098
797    1857712.18577
798    1857704.71545
799    1857697.94531
800    1857691.1761
801    1857684.4058
802    1857677.63609
803    1857670.86631
804    1857664.09633
805    1857657.32688
806    1857650.55656
807    1857644.049
808    1857642.28529
809    1857642.28529
810    1857642.28529
811    1857642.28529
812    1857642.28529
813    1857642.28529
814    1857642.28529
815    1857642.28529
816    1857642.28529
817    1857642.28529
818    1857642.28529
819    1857642.28529
820    1857642.28529
821    1857642.28529
822    1857642.28529
823    1857642.28529
824    1857642.28529
825    1857642.28529
826    1857642.28529
827    1857642.28529
828    1857642.28529
829    1857642.28529
830    1857642.28529
831    1857642.28529
832    1857642.28529
833    1857642.28529
834    1857642.28529
835    1857642.28529
836    1857642.28529
837    1857642.28529
838    1857642.28529
839    1857642.28529
840    1857642.28529
841    1857642.28529
842    1857642.28529
843    1857642.28529
844    1857642.28529
845    1857642.28529
846    1857642.28529
847    1857642.28529
848    1857642.28529
849    1857642.28529
850    1857642.28529
851    1857642.28529
852    1857642.28529
853    1857642.28529
854    1857642.28529
855    1857642.28529
856    1857642.28529
857    1857642.28529
858    1857642.28529
859    1857642.28529
860    1857642.28529
861    1857642.28529
862    1857642.28529
863    1857642.28529
864    1857642.28529
865    1857642.28529
866    1857642.28529
867    1857642.28529
868    1857642.28529
869    1857642.28529
870    1857642.28529
871    1857642.28529
872    1857642.28529
873    1857642.28529
874    1857642.28529
875    1857642.28529
876    1857642.28529
877    1857642.28529
878    1857642.28529
879    1857642.28529
880    1857642.28529
881    1857642.28529
882    1857642.28529
883    1857642.28529
884    1857642.28529
885    1857642.28529
886    1857642.28529
887    1857642.28529
888    1857642.28529
889    1857642.28529
890    1857642.28529
891    1857642.28529
892    1857642.28529
893    1857642.28529
894    1857642.28529
895    1857642.28529
896    1857642.28529
897    1857642.28529
898    1857642.28529
899    1857642.28529
900    1857642.28529
901    1857642.28529
902    1857642.28529
903    1857642.28529
904    1857642.28529
905    1857642.28529
906    1857642.28529
907    1857642.28529
908    1857642.28529
909    1857642.28529
910    1857642.28529
911    1857642.28529
912    1857642.28529
913    1857642.28529
914    1857642.28529
915    1857642.28529
916    1857642.28529
917    1857642.28529
918    1857642.28529
919    1857642.28529
920    1857642.28529
921    1857642.28529
922    1857642.28529
923    1857642.28529
924    1857642.28529
925    1857642.28529
926    1857642.28529
927    1857642.28529
928    1857642.28529
929    1857642.28529
930    1857642.28529
931    1857642.28529
932    1857642.28529
933    1857642.28529
934    1857642.28529
935    1857642.28529
936    1857642.28529
937    1857642.28529
938    1857642.28529
939    1857642.28529
940    1857642.28529
941    1857642.28529
942    1857642.28529
943    1857642.28529
944    1857642.28529
945    1857642.28529
946    1857642.28529
947    1857642.28529
948    1857642.28529
949    1857642.28529
950    1857642.28529
951    1857642.28529
952    1857642.28529
953    1857642.28529
954    1857642.28529
955    1857642.28529
956    1857642.28529
957    1857642.28529
958    1857642.28529
959    1857642.28529
960    1857642.28529
961    1857642.28529
962    1857642.28529
963    1857642.28529
964    1857642.28529
965    1857642.28529
966    1857642.28529
967    1857642.28529
968    1857642.28529
969    1857642.28529
970    1857642.28529
971    1857642.28529
972    1857642.28529
973    1857642.28529
974    1857642.28529
975    1857642.28529
976    1857642.28529
977    1857642.28529
978    1857642.28529
979    1857642.28529
980    1857642.28529
981    1857642.28529
982    1857642.28529
983    1857642.28529
984    1857642.28529
985    1857642.28529
986    1857642.28529
987    1857642.28529
988    1857642.28529
989    1857642.28529
990    1857642.28529
991    1857642.28529
992    1857642.28529
993    1857642.28529
994    1857642.28529
995    1857642.28529
996    1857642.28529
997    1857642.28529
998    1857642.28529
999    1857642.28529
1000    1857642.28529
1001    1857642.28529
1002    1857642.28529
1003    1857642.28529
1004    1857642.28529
1005    1857642.28529
1006    1857642.28529
1007    1857642.28529
1008    1857642.28529
1009    1857642.28529
1010    1857642.28529
1011    1857642.28529
1012    1857642.28529
1013    1857642.28529
1014    1857642.28529
1015    1857642.28529
1016    1857642.28529
1017    1857642.28529
1018    1857642.28529
1019    1857642.28529
1020    1857642.28529
1021    1857642.28529
1022    1857642.28529
1023    1857642.28529
1024    1857642.28529
