#x,Ay
1    -0
2    -1.511566e-08
3    -1.3329686e-07
4    -6.632286e-08
5    -2.8026761e-07
6    -1.3548286e-07
7    -1.6641764e-07
8    -3.3085279e-07
9    -5.1138029e-07
10    -6.4981649e-07
11    -9.9252339e-07
12    -1.02647549e-06
13    -1.08126394e-06
14    -7.1854619e-07
15    -6.2506164e-07
16    -4.9426464e-07
17    -5.7298234e-07
18    -6.3145034e-07
19    -8.3718029e-07
20    -7.5423019e-07
21    -5.4822699e-07
22    -6.2892139e-07
23    -5.6687739e-07
24    -7.3761459e-07
25    -4.9262459e-07
26    -4.2876674e-07
27    -4.41289485e-07
28    -4.7883446e-07
29    -6.1445681e-07
30    -7.0982791e-07
31    -7.7154631e-07
32    -7.3793141e-07
33    -4.7329106e-07
34    -5.9240246e-07
35    -6.6049271e-07
36    -6.0747741e-07
37    -9.7639256e-07
38    -1.04580831e-06
39    -1.059237995e-06
40    -1.391259295e-06
41    -1.185407245e-06
42    -1.242595295e-06
43    -9.57246495e-07
44    -7.55882645e-07
45    -7.87570305e-07
46    -8.46405105e-07
47    -7.33781805e-07
48    -6.41413505e-07
49    -5.06433555e-07
50    -2.22689355e-07
51    2.5788845e-08
52    1.02936845e-07
53    2.75993695e-07
54    -4.832055e-09
55    2.41250895e-07
56    4.09011495e-07
57    3.9701199e-07
58    4.7724129e-07
59    4.1887159e-07
60    5.6402844e-07
61    4.6019549e-07
62    2.3869294e-07
63    1.6016709e-07
64    1.68992305e-07
65    -5.375545e-09
66    3.0320675e-08
67    7.1423635e-08
68    3.263635e-09
69    -2.49656265e-07
70    -2.16954115e-07
71    -3.51041665e-07
72    -4.16434365e-07
73    -9.17064865e-07
74    -8.56695215e-07
75    -8.67322685e-07
76    -8.69043543e-07
77    -6.32076493e-07
78    -9.16297443e-07
79    -1.033362443e-06
80    -1.130335243e-06
81    -1.017060793e-06
82    -1.271422493e-06
83    -1.427148693e-06
84    -1.820411693e-06
85    -1.436956443e-06
86    -1.480544778e-06
87    -9.84053478e-07
88    -9.39730433e-07
89    -9.23149718e-07
90    -9.06278313e-07
91    -8.45536613e-07
92    -5.78713213e-07
93    -5.57667563e-07
94    -7.53752563e-07
95    -7.44241323e-07
96    -7.25614178e-07
97    -9.11025228e-07
98    -1.035322478e-06
99    -8.07262028e-07
100    -8.23168358e-07
101    -5.60876758e-07
102    -8.51492808e-07
103    -8.83863578e-07
104    -9.67813628e-07
105    -9.24489818e-07
106    -1.170968118e-06
107    -1.147021418e-06
108    -1.059306968e-06
109    -1.0622138255e-06
110    -8.604313755e-07
111    -5.452473255e-07
112    -7.770983255e-07
113    -5.453984755e-07
114    -4.655877755e-07
115    -7.575525755e-07
116    -7.922023255e-07
117    -9.345010255e-07
118    -1.1197608755e-06
119    -1.0000784755e-06
120    -8.668164755e-07
121    -1.1692692255e-06
122    -1.0682733755e-06
123    -1.4039108255e-06
124    -1.3508432255e-06
125    -1.4479555255e-06
126    -1.6440870255e-06
127    -1.3764700755e-06
128    -1.4713731755e-06
129    -1.4568156255e-06
130    -1.5523001255e-06
131    -1.4306771755e-06
132    -1.4402116605e-06
133    -1.4712016655e-06
134    -1.4374821105e-06
135    -1.5154324105e-06
136    -1.8218850105e-06
137    -1.9212879105e-06
138    -2.1334653105e-06
139    -2.0423207605e-06
140    -2.1851288605e-06
141    -2.3107734105e-06
142    -2.3570971055e-06
143    -2.0029720555e-06
144    -1.9976692205e-06
145    -2.2575771705e-06
146    -2.2629955455e-06
147    -2.0707766455e-06
148    -2.0260459255e-06
149    -2.2209682255e-06
150    -2.0562772755e-06
151    -1.9756642755e-06
152    -1.7192358255e-06
153    -1.8022091755e-06
154    -1.8788179755e-06
155    -1.9047587755e-06
156    -1.8513656255e-06
157    -2.0241143755e-06
158    -1.9104213255e-06
159    -1.7416084755e-06
160    -1.9934702755e-06
161    -2.0369103555e-06
162    -2.0676997955e-06
163    -1.7737437955e-06
164    -1.4341065455e-06
165    -1.0716096955e-06
166    -1.1671639455e-06
167    -9.780204955e-07
168    -9.956011705e-07
169    -8.595035205e-07
170    -8.362719005e-07
171    -7.015630005e-07
172    -9.245539005e-07
173    -1.0743850005e-06
174    -1.1314757005e-06
175    -1.1583815755e-06
176    -1.0463396255e-06
177    -1.2400061255e-06
178    -1.1444751255e-06
179    -1.2992624255e-06
180    -1.3060354005e-06
181    -1.3144652955e-06
182    -1.2725411405e-06
183    -1.1739986405e-06
184    -1.2450073905e-06
185    -1.4492962905e-06
186    -1.3198480905e-06
187    -1.2930119755e-06
188    -1.2659651305e-06
189    -1.3059518605e-06
190    -1.3805534605e-06
191    -1.4356442605e-06
192    -1.7362831105e-06
193    -1.5533138605e-06
194    -1.8287444605e-06
195    -1.7364807605e-06
196    -1.4192611605e-06
197    -1.6579955605e-06
198    -1.9030378605e-06
199    -1.8613186405e-06
200    -1.9722443405e-06
201    -1.9383910605e-06
202    -1.8604756105e-06
203    -1.8235468955e-06
204    -2.0895825455e-06
205    -2.0960474055e-06
206    -2.5176464555e-06
207    -2.7019296055e-06
208    -2.7856383555e-06
209    -2.6928398555e-06
210    -2.8519961555e-06
211    -2.6320981555e-06
212    -2.6469580155e-06
213    -2.2469510655e-06
214    -2.5599150155e-06
215    -2.2310214655e-06
216    -2.1074567655e-06
217    -1.9331383155e-06
218    -2.1913603155e-06
219    -2.5217189155e-06
220    -2.4608144155e-06
221    -2.7154551655e-06
222    -2.7683134655e-06
223    -2.5535780655e-06
224    -2.8207299155e-06
225    -2.6252495655e-06
226    -2.4347922655e-06
227    -2.5494969155e-06
228    -2.6801892155e-06
229    -2.9120867155e-06
230    -3.0336166155e-06
231    -3.0726847855e-06
232    -3.0861260905e-06
233    -3.5483862405e-06
234    -3.7520406905e-06
235    -3.8555131905e-06
236    -3.7229371905e-06
237    -3.6618233905e-06
238    -3.2924896905e-06
239    -3.3999038905e-06
240    -3.4488321155e-06
241    -3.4401929405e-06
242    -3.0470462405e-06
243    -3.3177081405e-06
244    -3.7667827905e-06
245    -3.8584069405e-06
246    -3.9266832405e-06
247    -3.9432174455e-06
248    -4.1316283455e-06
249    -3.9584261455e-06
250    -0.000214919526146
251    0.000274089373854
252    0.000798830373854
253    0.00382906987385
254    -0.00253930512615
255    0.00357389487385
256    -0.00608862512615
257    0.000790269873854
258    0.00355602187385
259    -0.00120906912615
260    -0.00225046212615
261    -0.00634686912615
262    0.000825575873855
263    0.0480519608739
264    -0.0515845491261
265    0.0411198808739
266    -0.0916704691261
267    0.0671530108739
268    0.112860475874
269    0.0455910208739
270    -0.147249759126
271    6.24298874087
272    32.1324017409
273    65.4802212409
274    101.426461241
275    145.319540241
276    192.555533741
277    239.829446241
278    291.145796241
279    352.447351241
280    412.586956241
281    473.741611241
282    534.502781241
283    595.888366241
284    667.476496241
285    753.311166241
286    841.575871241
287    929.373631241
288    1017.14871124
289    1107.06890624
290    1201.81932124
291    1302.85188124
292    1420.58259624
293    1545.65215624
294    1692.77556124
295    1861.55994624
296    2037.03506624
297    2213.28146124
298    2390.83249124
299    2573.22182124
300    2756.13714124
301    2938.84456624
302    3121.66213124
303    3304.47507124
304    3487.22652624
305    3670.04100124
306    3853.56076624
307    4042.07988124
308    4231.74211124
309    4421.27863124
310    4611.03711624
311    4805.29663124
312    5001.67929124
313    5197.92807124
314    5394.34263624
315    5590.61849124
316    5786.93231624
317    5983.29508624
318    6179.59033624
319    6375.92687624
320    6572.22734624
321    6768.61774624
322    6964.89130624
323    7164.34287124
324    7367.44471124
325    7570.65124624
326    7777.96189124
327    7988.59570124
328    8204.34371624
329    8420.95039624
330    8637.61751124
331    8854.11525624
332    9073.64957124
333    9297.10572624
334    9520.45890624
335    9743.87539124
336    9967.33529124
337    10191.4207962
338    10420.7446312
339    10650.9090312
340    10884.7028312
341    11124.6571412
342    11368.4577562
343    11612.2191112
344    11856.0135862
345    12099.6567962
346    12345.8361662
347    12619.8119312
348    13192.4054312
349    15674.6921812
350    25505.1536812
351    52040.2971812
352    101822.963181
353    153464.293181
354    186824.311181
355    202753.259181
356    199293.062931
357    175230.550431
358    144309.703431
359    125306.598931
360    125491.227911
361    141124.887911
362    162898.329911
363    181664.113911
364    192220.231911
365    193862.836211
366    188419.706711
367    178069.258711
368    166864.913711
369    156689.051211
370    149988.859711
371    147843.477161
372    148170.944126
373    150632.997776
374    153958.214776
375    157184.642176
376    159978.333376
377    161824.659126
378    162205.556486
379    161955.758651
380    161046.821351
381    159526.017001
382    157696.639701
383    155477.417251
384    154318.541601
385    153277.900201
386    151959.434901
387    151557.028831
388    151856.007871
389    152279.896236
390    152221.999626
391    151864.434841
392    151856.193784
393    151516.718224
394    151597.257514
395    151813.645609
396    152146.618029
397    152052.153904
398    151861.866339
399    151634.333234
400    151499.580024
401    151636.578289
402    151604.496156
403    151748.356296
404    151380.651861
405    151544.918266
406    151473.798126
407    151428.295565
408    151413.896915
409    151588.01597
410    151490.01711
411    151486.320544
412    151547.204664
413    151390.554484
414    151318.836649
415    151182.069549
416    151169.580703
417    151129.168461
418    150810.050496
419    150817.229
420    150930.946885
421    150948.110999
422    151210.492874
423    151318.299504
424    151273.564036
425    150944.021361
426    151138.185276
427    151120.732115
428    151001.575595
429    150863.897445
430    150767.744285
431    150830.362435
432    150775.23585
433    150928.540905
434    150878.36817
435    150951.49144
436    150934.18053
437    150901.101945
438    151130.251825
439    151134.139829
440    151001.865439
441    150908.083309
442    150662.147674
443    150740.566509
444    150598.743934
445    150611.052757
446    150863.375002
447    150673.525302
448    150707.476532
449    150776.402792
450    150501.357787
451    150487.620685
452    150617.34643
453    150737.967475
454    150882.02496
455    150908.92291
456    150758.778715
457    150719.982565
458    150812.27767
459    150937.71505
460    150893.933132
461    150802.314877
462    151092.087132
463    150795.107592
464    150963.248792
465    151083.630097
466    151193.835682
467    151098.680247
468    151136.906039
469    151163.026684
470    151296.416784
471    151078.318219
472    151196.378834
473    151172.260093
474    150831.046828
475    151167.215053
476    151439.597948
477    151155.654403
478    151246.237373
479    151528.171893
480    151393.553843
481    151493.961528
482    151535.316081
483    151460.686611
484    151401.137451
485    151487.922401
486    151486.225332
487    151621.235492
488    152009.318507
489    151748.668952
490    151749.48939
491    151993.72664
492    152010.13678
493    152103.4659
494    152057.058286
495    151874.470751
496    151973.098406
497    152052.735291
498    152125.088131
499    152153.402561
500    152130.577143
501    152351.158008
502    152180.945003
503    152122.208348
504    152484.188128
505    152704.144803
506    152441.300983
507    152400.375499
508    152553.606369
509    152550.230219
510    152404.568409
511    152503.431829
512    152575.232609
513    152533.695383
514    152553.635799
515    152618.701019
516    152982.548084
517    152860.621799
518    152946.749384
519    152892.462199
520    153093.622659
521    153081.808938
522    153010.574553
523    152906.216698
524    152881.476758
525    152846.946979
526    153047.590419
527    153207.577949
528    153183.093584
529    152726.757489
530    152875.438654
531    153152.926679
532    152942.634149
533    153037.643304
534    153080.718468
535    153202.082438
536    153171.143346
537    153179.405743
538    153525.231433
539    153592.897688
540    153558.883918
541    153166.898193
542    153074.203428
543    152951.560668
544    153134.496998
545    153104.520752
546    153282.838557
547    153148.807492
548    153274.717477
549    153095.265797
550    153022.484612
551    152775.015987
552    152875.536427
553    152531.226792
554    152726.409547
555    152662.310082
556    152767.144917
557    152708.491517
558    152621.193572
559    152730.272297
560    152771.786476
561    152660.873931
562    152388.026921
563    152551.660761
564    152474.615326
565    152554.442756
566    152367.646641
567    152743.338766
568    152870.026826
569    152849.523709
570    152750.758069
571    152640.000109
572    152621.620587
573    152474.847032
574    152471.637657
575    152571.936022
576    152862.853027
577    152760.282867
578    152785.125535
579    152587.496565
580    152395.30487
581    152513.016345
582    152573.1234
583    152682.569115
584    152643.553407
585    152481.475002
586    152568.576267
587    152667.705777
588    152505.218612
589    152606.687427
590    152525.825207
591    152165.756212
592    152373.595012
593    152382.764069
594    152490.294799
595    152172.337374
596    152091.484949
597    151888.157029
598    152003.567584
599    152137.749224
600    152111.359582
601    151907.965717
602    151931.768751
603    152257.066906
604    152300.562212
605    152069.303647
606    151889.532257
607    151927.208962
608    151915.1832
609    151798.873265
610    151361.364475
611    151746.15406
612    151668.204795
613    151775.299345
614    151912.391235
615    151825.881985
616    151837.256479
617    152124.847904
618    152308.585164
619    152432.491929
620    152274.807059
621    152347.910199
622    152321.913607
623    152201.396947
624    151964.084947
625    152212.194087
626    152218.641145
627    152220.931167
628    151962.617707
629    152007.949332
630    152169.488692
631    152217.23858
632    152429.596745
633    152289.224165
634    152240.556942
635    152200.291616
636    152163.088155
637    152158.298812
638    152154.10531
639    152381.894355
640    152499.51581
641    152846.279035
642    152592.29656
643    152499.79047
644    152339.167745
645    152198.139445
646    152328.189965
647    152202.69477
648    152136.45913
649    151952.928285
650    151951.609242
651    151947.623499
652    151948.659
653    152172.249995
654    152161.554958
655    152225.853473
656    152367.691053
657    152202.821583
658    151851.981163
659    152211.284083
660    152214.786329
661    152293.690784
662    152022.650334
663    151823.707309
664    151557.809529
665    151577.355512
666    151449.244532
667    151553.333437
668    151296.939382
669    151318.821143
670    151530.736098
671    151286.748048
672    150190.922398
673    147709.959298
674    143138.179398
675    136508.510398
676    129155.771398
677    124440.606598
678    121409.027898
679    119129.491998
680    117341.187098
681    115846.218048
682    114537.245898
683    113383.142098
684    112352.798398
685    111438.362398
686    110612.137698
687    109844.594398
688    109107.983998
689    108428.739948
690    107809.062798
691    107235.941448
692    106706.576798
693    106198.488548
694    105728.398738
695    105291.321418
696    104870.158818
697    104468.657063
698    104082.471068
699    103700.907328
700    103326.785158
701    102960.968693
702    102608.287773
703    102262.266703
704    101929.678853
705    101609.367228
706    101297.801833
707    100990.673963
708    100693.402768
709    100417.255873
710    100147.609478
711    99887.7649333
712    99636.8844833
713    99386.6486833
714    99141.1303483
715    98897.4168333
716    98654.8356383
717    98421.7678933
718    98191.5938083
719    97962.3389083
720    97738.1596283
721    97520.0278633
722    97309.8532133
723    97104.2483083
724    96910.7412883
725    96721.1858433
726    96533.5850083
727    96363.2579283
728    96206.3660033
729    96050.6628483
730    95895.7006333
731    95750.4235233
732    95613.8265133
733    95485.1034583
734    95359.4828633
735    95237.6150383
736    95118.8682083
737    95009.1426333
738    94906.1570183
739    94804.6096133
740    94703.0623283
741    94601.5164983
742    94499.9695433
743    94398.4222483
744    94296.8755483
745    94195.3287533
746    94093.7829433
747    93992.2358733
748    93890.6878533
749    93789.1421683
750    93687.5947733
751    93586.0491483
752    93484.5013933
753    93382.9860683
754    93285.4516333
755    93190.6739933
756    93096.0264833
757    93007.3049133
758    92935.6560633
759    92868.2106883
760    92808.6862733
761    92754.5260183
762    92700.3682283
763    92646.7812633
764    92608.9952153
765    92582.0878183
766    92560.2210818
767    92539.9124138
768    92519.6025848
769    92499.2926943
770    92478.9844153
771    92458.6746913
772    92438.3652118
773    92418.0558383
774    92397.7464598
775    92377.4371978
776    92357.1279918
777    92336.8185403
778    92316.5091298
779    92296.1994093
780    92275.8909638
781    92256.3011178
782    92241.7805318
783    92228.2627423
784    92218.6348748
785    92211.8647073
786    92205.0950643
787    92198.3250968
788    92191.5552063
789    92184.7860768
790    92178.0155323
791    92171.2462023
792    92167.490659
793    92167.4800025
794    92167.4800025
795    92167.4800024
796    92167.4800022
797    92167.4800022
798    92167.4800022
799    92167.4800025
800    92167.4800025
801    92167.4800021
802    92167.4800019
803    92167.4800018
804    92167.4800019
805    92167.4800019
806    92167.480002
807    92167.4800016
808    92167.4800016
809    92167.4800016
810    92167.4800016
811    92167.4800014
812    92167.4800013
813    92167.4800012
814    92167.480001
815    92167.4800009
816    92167.480001
817    92167.4800008
818    92167.4800007
819    92167.4800006
820    92167.4800004
821    92167.4800003
822    92167.4800002
823    92167.4800003
824    92167.4800001
825    92167.4800001
826    92167.4800003
827    92167.4800004
828    92167.4800006
829    92167.4800004
830    92167.48
831    92167.4799996
832    92167.4799996
833    92167.4799994
834    92167.4799995
835    92167.4799997
836    92167.4799995
837    92167.4799997
838    92167.4799997
839    92167.4799999
840    92167.4800001
841    92167.4800001
842    92167.48
843    92167.4799998
844    92167.4799998
845    92167.4799998
846    92167.4799996
847    92167.4799999
848    92167.4799998
849    92167.48
850    92167.4799998
851    92167.4799997
852    92167.4799996
853    92167.4799996
854    92167.4799995
855    92167.4799997
856    92167.4799998
857    92167.4799999
858    92167.4799998
859    92167.4800002
860    92167.4800003
861    92167.4800002
862    92167.4800003
863    92167.4799999
864    92167.4799998
865    92167.4799997
866    92167.4799996
867    92167.4799997
868    92167.4799998
869    92167.4799997
870    92167.4799997
871    92167.4800001
872    92167.4800002
873    92167.4800004
874    92167.4800003
875    92167.4800001
876    92167.4800003
877    92167.4800006
878    92167.4800006
879    92167.4800006
880    92167.4800008
881    92167.4800006
882    92167.4800007
883    92167.4800006
884    92167.4800007
885    92167.4800005
886    92167.4800004
887    92167.4800004
888    92167.4800002
889    92167.4800002
890    92167.4800004
891    92167.4800004
892    92167.4800006
893    92167.4800006
894    92167.4800008
895    92167.480001
896    92167.4800008
897    92167.4800006
898    92167.4800004
899    92167.4800003
900    92167.4800004
901    92167.4800004
902    92167.4800002
903    92167.4800003
904    92167.4800003
905    92167.4800005
906    92167.4800005
907    92167.4800003
908    92167.4800002
909    92167.4800003
910    92167.4800007
911    92167.4800007
912    92167.4800005
913    92167.4800004
914    92167.4800003
915    92167.4800003
916    92167.4800002
917    92167.48
918    92167.48
919    92167.4799997
920    92167.4799995
921    92167.4799995
922    92167.4799994
923    92167.4799994
924    92167.4799994
925    92167.4799995
926    92167.4799993
927    92167.4799991
928    92167.479999
929    92167.4799987
930    92167.4799986
931    92167.4799986
932    92167.4799986
933    92167.4799987
934    92167.4799986
935    92167.4799984
936    92167.4799984
937    92167.4799984
938    92167.4799984
939    92167.4799987
940    92167.4799987
941    92167.4799989
942    92167.4799989
943    92167.4799989
944    92167.4799989
945    92167.4799991
946    92167.4799991
947    92167.4799994
948    92167.4799991
949    92167.479999
950    92167.479999
951    92167.4799991
952    92167.479999
953    92167.4799988
954    92167.4799988
955    92167.479999
956    92167.4799988
957    92167.479999
958    92167.4799991
959    92167.479999
960    92167.4799991
961    92167.4799995
962    92167.4799995
963    92167.4799998
964    92167.4799997
965    92167.4799993
966    92167.4799994
967    92167.4799995
968    92167.4799994
969    92167.4799995
970    92167.4799996
971    92167.4799995
972    92167.4799997
973    92167.4799997
974    92167.4799998
975    92167.48
976    92167.4800002
977    92167.4800001
978    92167.48
979    92167.4800001
980    92167.4799999
981    92167.48
982    92167.4799999
983    92167.4799996
984    92167.4799996
985    92167.4799996
986    92167.4799999
987    92167.4799998
988    92167.4799994
989    92167.4799993
990    92167.4799995
991    92167.4799994
992    92167.4799994
993    92167.4799995
994    92167.4799996
995    92167.4799997
996    92167.4799997
997    92167.4799998
998    92167.4799997
999    92167.4799997
1000    92167.4799996
1001    92167.4799997
1002    92167.4799997
1003    92167.4799996
1004    92167.4799996
1005    92167.4799996
1006    92167.4799997
1007    92167.4799995
1008    92167.4799991
1009    92167.4799994
1010    92167.4799991
1011    92167.4799995
1012    92167.4799996
1013    92167.4799994
1014    92167.4799989
1015    92167.4799987
1016    92167.4799989
1017    92167.4799988
1018    92167.4799988
1019    92167.4799988
1020    92167.4799989
1021    92167.4799991
1022    92167.4799991
1023    92167.4799988
1024    92167.4799988
