#x,Ay
1    -0
2    -9.16242e-09
3    1.9808493e-07
4    2.8501163e-07
5    4.6771238e-07
6    3.6287943e-07
7    1.9949078e-07
8    3.1404423e-07
9    1.4565578e-07
10    1.15168655e-07
11    -6.7852945e-08
12    2.26879205e-07
13    2.12089105e-07
14    -3.1912545e-08
15    -7.872459e-08
16    -3.5249249e-07
17    -1.6863954e-07
18    -4.0483919e-07
19    -3.4516724e-07
20    -3.22517e-07
21    -1.8695275e-07
22    -2.55136e-07
23    -5.052653e-07
24    -1.521402e-07
25    -1.7541831e-07
26    -8.853811e-08
27    4.887489e-08
28    -7.052721e-08
29    -6.8036271e-07
30    -1.29680821e-06
31    -1.63200381e-06
32    -1.78985781e-06
33    -2.17693791e-06
34    -2.20663437e-06
35    -2.10868487e-06
36    -2.22254067e-06
37    -2.03719942e-06
38    -2.36876727e-06
39    -2.36083738e-06
40    -2.329792135e-06
41    -2.269841085e-06
42    -2.539178885e-06
43    -2.119876235e-06
44    -1.911582435e-06
45    -1.646849085e-06
46    -1.493180935e-06
47    -1.53713263e-06
48    -1.45626383e-06
49    -1.19580933e-06
50    -1.06651228e-06
51    -1.06753549e-06
52    -8.8649639e-07
53    -6.3590199e-07
54    -6.1953056e-07
55    -4.6253121e-07
56    -4.74725485e-07
57    -4.04263235e-07
58    -3.07610235e-07
59    -4.68487385e-07
60    -5.47763235e-07
61    -5.03951075e-07
62    -5.9515775e-08
63    -7.505001e-08
64    3.917789e-08
65    -3.2336546e-07
66    -2.2911351e-07
67    -1.2704791e-07
68    -1.747101e-08
69    5.422664e-08
70    2.4082364e-07
71    -1.8660661e-07
72    -2.584571e-08
73    -5.1241886e-07
74    -3.6454411e-07
75    -2.9189591e-07
76    -7.167236e-08
77    -4.8952355e-08
78    2.4870195e-08
79    -9.7822455e-08
80    -6.3469205e-08
81    4.1619545e-08
82    4.17405045e-07
83    -1.57454955e-07
84    -1.31874615e-07
85    -5.06650015e-07
86    -4.29722915e-07
87    -4.17365875e-07
88    -4.1159867e-07
89    -3.9164598e-07
90    -3.1078883e-07
91    -3.22392995e-07
92    -1.91095995e-07
93    -8.55254995e-07
94    -7.32980945e-07
95    -4.73270645e-07
96    -3.61089195e-07
97    -5.84800995e-07
98    -5.4122138e-07
99    -6.1031158e-07
100    -6.131021505e-07
101    -8.434183005e-07
102    -6.277062005e-07
103    -8.034490005e-07
104    -7.811243455e-07
105    -8.585165455e-07
106    -9.317228455e-07
107    -9.160156305e-07
108    -1.3671134805e-06
109    -1.2442347805e-06
110    -1.7190004305e-06
111    -1.7291860555e-06
112    -1.2927097055e-06
113    -1.2589901555e-06
114    -1.4067980555e-06
115    -1.1407450055e-06
116    -1.3804997555e-06
117    -1.1389282555e-06
118    -1.5569111555e-06
119    -2.1025166555e-06
120    -2.3141010555e-06
121    -2.2235931055e-06
122    -2.3668430555e-06
123    -2.6249953055e-06
124    -2.8551370555e-06
125    -2.7231424555e-06
126    -2.7002829255e-06
127    -2.0307289255e-06
128    -1.8476898755e-06
129    -1.6086967255e-06
130    -1.3446377755e-06
131    -1.6241766755e-06
132    -1.6401760355e-06
133    -1.4440910355e-06
134    -1.4106316405e-06
135    -1.3434018405e-06
136    -1.0401118905e-06
137    -1.2545914905e-06
138    -1.2789160905e-06
139    -7.512165905e-07
140    -8.519798905e-07
141    -8.155162655e-07
142    -1.1812455155e-06
143    -1.0452045655e-06
144    -1.2349875155e-06
145    -1.1608393655e-06
146    -1.6440289655e-06
147    -1.5814385155e-06
148    -1.4464672655e-06
149    -1.8159405155e-06
150    -1.6428778155e-06
151    -2.5394748155e-06
152    -3.1276368155e-06
153    -3.3281635155e-06
154    -3.1996106155e-06
155    -3.3322330655e-06
156    -3.8339565655e-06
157    -3.7779588655e-06
158    -4.3935033655e-06
159    -4.3436449655e-06
160    -4.8106258655e-06
161    -5.3686493655e-06
162    -5.1741457155e-06
163    -5.3642774655e-06
164    -5.2684674655e-06
165    -6.0775389655e-06
166    -6.0872595205e-06
167    -6.4550817205e-06
168    -6.1710119705e-06
169    -5.9507884205e-06
170    -6.0869223705e-06
171    -6.6951298705e-06
172    -7.6641368705e-06
173    -7.9015632205e-06
174    -7.5514612705e-06
175    -6.3749397705e-06
176    -6.5832103205e-06
177    -7.0324012205e-06
178    -7.4653544705e-06
179    -7.1589484205e-06
180    -7.2914081205e-06
181    -6.6980371205e-06
182    -6.9884438705e-06
183    -6.5197188205e-06
184    -5.1162413205e-06
185    -4.1232123205e-06
186    -4.4671982705e-06
187    -3.8514172705e-06
188    -3.7335616205e-06
189    -4.7707051205e-06
190    -4.4533227205e-06
191    -3.5481972205e-06
192    -4.2195187205e-06
193    -4.4536487205e-06
194    -4.2782721705e-06
195    -4.3226424355e-06
196    -4.7789028355e-06
197    -3.9512158355e-06
198    -4.4474280855e-06
199    -4.8785151355e-06
200    -4.7691242355e-06
201    -5.7835827355e-06
202    -5.4874087855e-06
203    -5.8505567355e-06
204    -5.5737540855e-06
205    -6.6936615855e-06
206    -7.2567080855e-06
207    -8.0683955855e-06
208    -9.1040275855e-06
209    -8.2807125855e-06
210    -9.1278520855e-06
211    -7.8989485855e-06
212    -8.0448495855e-06
213    -6.2090175855e-06
214    -6.3321055855e-06
215    -6.3164783105e-06
216    -7.4773608105e-06
217    -8.1577983105e-06
218    -8.0219899105e-06
219    -8.2006802605e-06
220    -7.7992547605e-06
221    -5.5945077605e-06
222    -5.4157243105e-06
223    -6.7091773105e-06
224    -5.9940438105e-06
225    -4.8083538105e-06
226    -3.6712838105e-06
227    -1.4626298105e-06
228    -3.2009773105e-06
229    -3.0301936105e-06
230    -2.9633126105e-06
231    -5.0509596105e-06
232    -4.6586035605e-06
233    -6.3617895605e-06
234    -6.9367425605e-06
235    -7.4810925605e-06
236    -9.0144555605e-06
237    -1.01385025605e-05
238    -1.06534580605e-05
239    -8.3668540605e-06
240    -7.6212100605e-06
241    -7.7813895605e-06
242    -6.4188175605e-06
243    -8.6200765605e-06
244    -7.5224470605e-06
245    -7.1965069105e-06
246    -5.4775074105e-06
247    -5.5909911605e-06
248    -3.8880261605e-06
249    -1.7161146605e-06
250    -0.00021373871466
251    0.000275539535339
252    0.00079966903534
253    0.00382961453534
254    -0.00254089046466
255    -0.00203236996466
256    0.00316878503534
257    -0.0163396899647
258    -0.0435647099647
259    -0.00030382496466
260    -0.0415198649647
261    -0.182492194965
262    -0.148761554965
263    0.211611725035
264    -0.0554581749647
265    -0.0534430794647
266    1.86515052054
267    8.14821352054
268    14.9094470205
269    21.6775095205
270    28.5536475205
271    35.3241535205
272    42.1770475205
273    48.3477815205
274    55.4962325205
275    62.6129030205
276    69.1191210205
277    79.0197155205
278    92.2545035205
279    106.775404521
280    119.810178521
281    133.334232521
282    146.849161021
283    160.587292021
284    174.183890021
285    187.428415021
286    201.513915021
287    214.630056021
288    227.916993521
289    241.859214521
290    254.963749521
291    269.156435521
292    282.398186521
293    295.627480521
294    309.700326521
295    323.086940521
296    336.011656021
297    350.277868021
298    363.690942021
299    376.820420521
300    390.654603021
301    406.489641521
302    426.915086521
303    446.836816021
304    467.511381021
305    487.615409021
306    508.036177021
307    528.524567521
308    548.368986021
309    569.128859521
310    589.173259021
311    609.774685021
312    629.787535021
313    650.251091021
314    670.618634021
315    690.719235521
316    710.970072021
317    731.587952521
318    751.717598521
319    772.165150521
320    792.302818521
321    812.820526021
322    832.926462521
323    853.369826521
324    873.693077521
325    893.967290521
326    914.264167521
327    934.491800021
328    955.090129521
329    974.808149521
330    995.901934021
331    1015.40282002
332    1036.36897802
333    1056.53002102
334    1076.73606502
335    1097.00649052
336    1117.43556552
337    1137.86167602
338    1158.90148152
339    1184.94010702
340    1213.12480352
341    1245.68767052
342    1279.27215952
343    1312.58966352
344    1348.16953402
345    1387.48542252
346    1428.79823652
347    1472.69125902
348    1523.05563902
349    1024.42883402
350    -7017.59866598
351    -45100.974666
352    -150865.989666
353    -356948.314666
354    -594192.659666
355    -746772.254666
356    -817879.884666
357    -849874.895166
358    -859886.061166
359    -843634.921166
360    -806673.608166
361    -768610.215666
362    -735157.291166
363    -705661.333166
364    -678039.036166
365    -658991.328166
366    -653056.954666
367    -663505.894166
368    -688804.879666
369    -724796.881166
370    -761613.404166
371    -788962.743666
372    -799481.406666
373    -789702.988666
374    -760503.222166
375    -717759.177666
376    -671085.911666
377    -626472.940166
378    -593626.703166
379    -577982.332166
380    -581893.260466
381    -604681.498466
382    -642419.520466
383    -689648.966966
384    -741504.446966
385    -788312.863966
386    -822910.618466
387    -839216.791966
388    -835712.712466
389    -814250.587466
390    -781208.830466
391    -745954.095966
392    -713113.979966
393    -686957.972466
394    -669809.718966
395    -661667.174966
396    -662443.595916
397    -671042.620416
398    -686167.306916
399    -704774.130916
400    -725782.354916
401    -746796.107416
402    -762396.640416
403    -767561.103916
404    -767966.216996
405    -770461.192346
406    -775518.504346
407    -782631.921346
408    -790931.524346
409    -798573.381846
410    -804941.768346
411    -808804.017496
412    -810592.635346
413    -809882.806996
414    -807205.716446
415    -802969.978946
416    -798180.054296
417    -792562.160296
418    -788166.692896
419    -784579.569146
420    -781586.295246
421    -779321.957946
422    -779134.907941
423    -780156.851691
424    -782134.303841
425    -784881.354891
426    -787672.485941
427    -790993.022041
428    -794434.781741
429    -798041.654441
430    -800623.928491
431    -802481.647641
432    -802898.375666
433    -801830.988316
434    -800227.080916
435    -797828.382366
436    -794857.966116
437    -791745.695566
438    -789335.225616
439    -787833.387216
440    -786776.185016
441    -786724.437321
442    -787299.099471
443    -788661.776071
444    -790914.750571
445    -793955.776621
446    -797101.844121
447    -799381.350521
448    -800891.241121
449    -802018.933971
450    -802126.605891
451    -802142.963365
452    -801532.842015
453    -800658.834115
454    -799633.179915
455    -798348.008465
456    -796819.986815
457    -795910.184615
458    -795355.561465
459    -795166.06916
460    -795081.46061
461    -795468.38958
462    -796416.18358
463    -797659.94888
464    -799099.98598
465    -800449.60698
466    -801902.05003
467    -803381.56618
468    -804742.58078
469    -805974.78258
470    -807044.37523
471    -807579.21198
472    -807767.049705
473    -807136.792255
474    -806772.688085
475    -806370.698905
476    -806200.14256
477    -806007.05284
478    -806101.140375
479    -806733.087475
480    -806642.31682
481    -806620.617172
482    -806612.311641
483    -807088.654116
484    -807327.651006
485    -807209.989391
486    -807260.964961
487    -807204.418991
488    -807005.008936
489    -807173.074901
490    -807091.702541
491    -807141.994221
492    -807387.676911
493    -807510.983856
494    -807363.688511
495    -807269.875066
496    -807361.354076
497    -807438.191406
498    -807175.999216
499    -807159.459911
500    -807096.859191
501    -807269.148971
502    -807259.115509
503    -807243.645387
504    -807294.559107
505    -807315.753151
506    -807498.090911
507    -807515.79073
508    -807684.600665
509    -807955.8462
510    -807742.18086
511    -807612.694555
512    -807864.01086
513    -807678.53202
514    -807620.826975
515    -807849.832675
516    -807815.601139
517    -808162.014849
518    -808136.899828
519    -808202.382548
520    -807866.955723
521    -807903.549172
522    -807750.861617
523    -807847.410757
524    -807877.649487
525    -807829.585108
526    -807847.132251
527    -807776.245791
528    -807722.667741
529    -808162.867521
530    -808195.68914
531    -808292.628445
532    -808303.646292
533    -808197.130377
534    -808143.329237
535    -808183.871135
536    -808403.16213
537    -808369.127212
538    -808367.106099
539    -808582.752019
540    -808444.697219
541    -808356.128369
542    -808343.284525
543    -808417.040285
544    -808439.760178
545    -808617.432493
546    -808704.936743
547    -808907.743873
548    -808952.096856
549    -808967.813885
550    -808923.764349
551    -808828.504414
552    -808716.761194
553    -808952.944439
554    -809181.105584
555    -809028.710594
556    -809377.715969
557    -809624.677939
558    -809704.214779
559    -809809.326414
560    -809826.850163
561    -809845.483194
562    -809715.326334
563    -809545.531649
564    -809413.516819
565    -809417.529242
566    -809548.528587
567    -809662.435152
568    -809800.303572
569    -810213.621592
570    -810134.265222
571    -810188.770712
572    -810388.542772
573    -810405.539422
574    -810570.552432
575    -810554.819584
576    -810800.933644
577    -810652.372054
578    -810556.750534
579    -810704.274044
580    -810622.418639
581    -810419.418749
582    -810353.673289
583    -810410.941479
584    -810820.883414
585    -811123.606814
586    -811208.732589
587    -811320.550489
588    -810994.376099
589    -810816.816709
590    -811102.443404
591    -811377.795694
592    -811227.158239
593    -811417.374474
594    -810983.381114
595    -811218.707004
596    -811100.518294
597    -811121.505551
598    -811160.296417
599    -811101.893242
600    -811136.17167
601    -811277.558525
602    -811483.55077
603    -811470.338263
604    -811437.475725
605    -811309.897625
606    -811360.201695
607    -811343.302413
608    -811162.016748
609    -811050.801073
610    -811204.752438
611    -811152.540373
612    -811217.589093
613    -811380.114083
614    -811416.961423
615    -811469.332413
616    -811496.301066
617    -811261.758781
618    -811310.24089
619    -811366.681465
620    -811323.167742
621    -811009.006427
622    -810997.385997
623    -810999.384345
624    -810949.555522
625    -810728.575502
626    -810817.126672
627    -810823.37686
628    -810751.60224
629    -811068.58015
630    -811029.45503
631    -811075.305787
632    -811051.909883
633    -810984.970633
634    -810724.446173
635    -810576.176873
636    -810521.894708
637    -810320.979478
638    -810094.128313
639    -810172.450383
640    -810289.790248
641    -810080.770178
642    -810225.661058
643    -810248.710402
644    -810150.617612
645    -810388.480687
646    -810414.835153
647    -810400.891134
648    -810454.664519
649    -810304.439274
650    -810375.990824
651    -810286.122874
652    -810436.291009
653    -810305.272409
654    -810376.537949
655    -810670.351954
656    -810715.819551
657    -810770.673781
658    -810638.926976
659    -810471.632481
660    -810734.257351
661    -810924.124071
662    -811127.981481
663    -810928.522316
664    -810875.652331
665    -810813.570426
666    -810967.142021
667    -810959.591799
668    -811136.842574
669    -811362.419309
670    -811212.880799
671    -811446.260824
672    -812662.400574
673    -814964.460524
674    -818550.260474
675    -823435.368324
676    -830100.349824
677    -835949.431824
678    -839757.311974
679    -842349.763274
680    -844317.639124
681    -845915.267524
682    -847282.793374
683    -848430.779474
684    -849438.323524
685    -850360.904774
686    -851204.255374
687    -851971.209824
688    -852677.649224
689    -853349.341524
690    -853976.250574
691    -854560.654974
692    -855129.849724
693    -855685.982374
694    -856230.621074
695    -856750.504124
696    -857252.923474
697    -857734.824184
698    -858190.938894
699    -858610.660109
700    -859008.471369
701    -859397.355644
702    -859779.471854
703    -860144.338414
704    -860485.045744
705    -860812.526189
706    -861135.837149
707    -861451.405379
708    -861750.870224
709    -862042.136274
710    -862332.331994
711    -862616.977474
712    -862895.876449
713    -863173.417209
714    -863447.088869
715    -863717.643144
716    -863980.592479
717    -864229.014019
718    -864467.318869
719    -864703.530419
720    -864933.727034
721    -865157.877314
722    -865380.727834
723    -865594.237199
724    -865800.735504
725    -865997.685829
726    -866188.310779
727    -866368.074739
728    -866532.385664
729    -866688.367539
730    -866844.076219
731    -866999.299209
732    -867148.477239
733    -867285.783384
734    -867415.464149
735    -867542.493859
736    -867664.681479
737    -867786.538504
738    -867907.697704
739    -868023.795679
740    -868138.882509
741    -868250.649039
742    -868358.966029
743    -868467.283234
744    -868574.128899
745    -868676.068889
746    -868777.614699
747    -868879.161769
748    -868980.709779
749    -869082.255464
750    -869183.802859
751    -869285.348484
752    -869386.896239
753    -869488.443369
754    -869589.988964
755    -869691.536414
756    -869793.083524
757    -869894.629629
758    -869996.177424
759    -870097.722699
760    -870199.271399
761    -870300.816879
762    -870401.843409
763    -870497.872704
764    -870589.825804
765    -870677.761609
766    -870758.544439
767    -870827.127059
768    -870894.825584
769    -870962.334124
770    -871025.231364
771    -871085.791154
772    -871141.470674
773    -871195.629114
774    -871245.984384
775    -871275.681966
776    -871296.172732
777    -871316.482183
778    -871336.791595
779    -871357.101316
780    -871377.409761
781    -871397.719775
782    -871418.028736
783    -871438.338435
784    -871458.648045
785    -871478.957224
786    -871499.266453
787    -871519.576026
788    -871539.885342
789    -871560.194174
790    -871580.50402
791    -871600.813245
792    -871621.122527
793    -871641.43194
794    -871661.741321
795    -871682.050061
796    -871701.447154
797    -871712.597924
798    -871719.370348
799    -871726.140489
800    -871732.909697
801    -871739.679997
802    -871746.449706
803    -871753.21949
804    -871759.989465
805    -871766.758923
806    -871773.529234
807    -871778.275039
808    -871778.449102
809    -871778.449102
810    -871778.449102
811    -871778.449103
812    -871778.449102
813    -871778.449102
814    -871778.449102
815    -871778.449102
816    -871778.449102
817    -871778.449102
818    -871778.449102
819    -871778.449102
820    -871778.449102
821    -871778.449102
822    -871778.449102
823    -871778.449102
824    -871778.449102
825    -871778.449102
826    -871778.449102
827    -871778.449102
828    -871778.449101
829    -871778.449101
830    -871778.449102
831    -871778.449101
832    -871778.449101
833    -871778.449101
834    -871778.449101
835    -871778.449101
836    -871778.449101
837    -871778.449101
838    -871778.449101
839    -871778.4491
840    -871778.4491
841    -871778.4491
842    -871778.4491
843    -871778.4491
844    -871778.4491
845    -871778.449101
846    -871778.449101
847    -871778.449101
848    -871778.449101
849    -871778.449101
850    -871778.449101
851    -871778.449101
852    -871778.4491
853    -871778.449101
854    -871778.4491
855    -871778.4491
856    -871778.449101
857    -871778.4491
858    -871778.4491
859    -871778.4491
860    -871778.449101
861    -871778.4491
862    -871778.4491
863    -871778.4491
864    -871778.4491
865    -871778.4491
866    -871778.4491
867    -871778.4491
868    -871778.4491
869    -871778.4491
870    -871778.4491
871    -871778.4491
872    -871778.4491
873    -871778.4491
874    -871778.4491
875    -871778.4491
876    -871778.4491
877    -871778.4491
878    -871778.4491
879    -871778.4491
880    -871778.4491
881    -871778.4491
882    -871778.4491
883    -871778.4491
884    -871778.4491
885    -871778.4491
886    -871778.4491
887    -871778.4491
888    -871778.4491
889    -871778.4491
890    -871778.4491
891    -871778.4491
892    -871778.4491
893    -871778.449101
894    -871778.449101
895    -871778.449101
896    -871778.449101
897    -871778.449101
898    -871778.449101
899    -871778.449101
900    -871778.449101
901    -871778.449101
902    -871778.449101
903    -871778.449101
904    -871778.449101
905    -871778.449101
906    -871778.449101
907    -871778.449101
908    -871778.449101
909    -871778.449101
910    -871778.449101
911    -871778.449102
912    -871778.449102
913    -871778.449101
914    -871778.449101
915    -871778.449101
916    -871778.449101
917    -871778.449102
918    -871778.449101
919    -871778.449102
920    -871778.449102
921    -871778.449101
922    -871778.449102
923    -871778.449101
924    -871778.449102
925    -871778.449102
926    -871778.449102
927    -871778.449101
928    -871778.449102
929    -871778.449101
930    -871778.449101
931    -871778.449101
932    -871778.449101
933    -871778.449101
934    -871778.4491
935    -871778.4491
936    -871778.4491
937    -871778.4491
938    -871778.4491
939    -871778.449101
940    -871778.449101
941    -871778.449101
942    -871778.449101
943    -871778.449101
944    -871778.4491
945    -871778.4491
946    -871778.4491
947    -871778.449101
948    -871778.4491
949    -871778.4491
950    -871778.4491
951    -871778.449101
952    -871778.449101
953    -871778.449101
954    -871778.449101
955    -871778.4491
956    -871778.4491
957    -871778.4491
958    -871778.4491
959    -871778.4491
960    -871778.4491
961    -871778.449101
962    -871778.449101
963    -871778.449101
964    -871778.449101
965    -871778.449101
966    -871778.449101
967    -871778.449101
968    -871778.4491
969    -871778.449101
970    -871778.4491
971    -871778.4491
972    -871778.4491
973    -871778.4491
974    -871778.4491
975    -871778.4491
976    -871778.4491
977    -871778.4491
978    -871778.4491
979    -871778.4491
980    -871778.4491
981    -871778.449099
982    -871778.4491
983    -871778.4491
984    -871778.449099
985    -871778.449099
986    -871778.449099
987    -871778.449099
988    -871778.449099
989    -871778.449099
990    -871778.449099
991    -871778.449099
992    -871778.449099
993    -871778.449099
994    -871778.449099
995    -871778.4491
996    -871778.449099
997    -871778.449099
998    -871778.449099
999    -871778.449099
1000    -871778.449099
1001    -871778.449099
1002    -871778.449099
1003    -871778.449099
1004    -871778.4491
1005    -871778.4491
1006    -871778.4491
1007    -871778.4491
1008    -871778.4491
1009    -871778.449099
1010    -871778.449099
1011    -871778.4491
1012    -871778.4491
1013    -871778.4491
1014    -871778.4491
1015    -871778.4491
1016    -871778.4491
1017    -871778.4491
1018    -871778.4491
1019    -871778.4491
1020    -871778.4491
1021    -871778.4491
1022    -871778.4491
1023    -871778.4491
1024    -871778.4491
