#x,Ay
1    -0
2    5.39513e-08
3    5.091654e-08
4    9.964725e-09
5    5.6794205e-08
6    2.42670305e-07
7    6.74117805e-07
8    6.17027105e-07
9    4.28590055e-07
10    7.41833055e-07
11    6.38232655e-07
12    7.15485305e-07
13    4.47255005e-07
14    8.64900705e-07
15    3.99204655e-07
16    5.74709105e-07
17    5.6252938e-07
18    4.2368623e-07
19    5.7498238e-07
20    9.8661673e-07
21    9.84244732e-07
22    8.60511432e-07
23    5.79081032e-07
24    5.40861662e-07
25    6.26451212e-07
26    7.20028812e-07
27    6.93960112e-07
28    8.87696362e-07
29    8.11397162e-07
30    7.83956417e-07
31    9.35860117e-07
32    7.46815517e-07
33    1.188644817e-06
34    1.629557017e-06
35    1.799657617e-06
36    1.560301117e-06
37    1.552423527e-06
38    1.597026367e-06
39    1.331885317e-06
40    1.060993767e-06
41    9.93322117e-07
42    1.235754067e-06
43    1.067569067e-06
44    9.58620017e-07
45    9.64561632e-07
46    9.58736292e-07
47    1.026919542e-06
48    1.219888392e-06
49    1.261793657e-06
50    1.286094992e-06
51    1.123031892e-06
52    1.120706411e-06
53    1.189471061e-06
54    1.325325961e-06
55    1.267105961e-06
56    1.497143061e-06
57    1.270890711e-06
58    1.283355306e-06
59    8.38210706e-07
60    1.252240306e-06
61    1.418187006e-06
62    1.774079456e-06
63    1.698396506e-06
64    1.522182806e-06
65    1.541728516e-06
66    1.161049316e-06
67    1.611635566e-06
68    1.369459416e-06
69    1.642611066e-06
70    1.860334716e-06
71    1.554265816e-06
72    1.587087156e-06
73    1.770661056e-06
74    1.532205706e-06
75    1.694454906e-06
76    1.355631606e-06
77    1.122641156e-06
78    1.119536637e-06
79    1.054306737e-06
80    6.40184137e-07
81    5.90907077e-07
82    5.946743635e-07
83    7.979219135e-07
84    5.246307635e-07
85    -9.73537365e-08
86    -9.7911862e-08
87    -1.4804812e-08
88    2.90298988e-07
89    8.1214538e-08
90    3.87155538e-07
91    2.23394788e-07
92    6.3581538e-08
93    5.0000693e-08
94    2.99734693e-07
95    3.32756603e-07
96    8.8696803e-08
97    5.73700253e-07
98    3.98079503e-07
99    5.80118553e-07
100    8.95251003e-07
101    1.135915603e-06
102    1.245166953e-06
103    1.297467153e-06
104    1.356732203e-06
105    1.410404403e-06
106    1.321524303e-06
107    1.426159553e-06
108    1.573176803e-06
109    1.548247593e-06
110    1.888129093e-06
111    1.936010873e-06
112    1.806202223e-06
113    1.416078623e-06
114    1.284456073e-06
115    1.046031223e-06
116    1.013439528e-06
117    9.95835613e-07
118    1.164712413e-06
119    1.220896163e-06
120    1.160294013e-06
121    1.305239413e-06
122    9.03767413e-07
123    7.97399663e-07
124    3.39517213e-07
125    2.36370263e-07
126    2.78345303e-07
127    3.53365503e-07
128    7.02700053e-07
129    5.54334003e-07
130    9.14163803e-07
131    8.43096953e-07
132    1.012857453e-06
133    6.86266153e-07
134    9.42023153e-07
135    1.296636553e-06
136    1.318682163e-06
137    1.418605413e-06
138    1.257612013e-06
139    1.037993063e-06
140    9.07079813e-07
141    6.93158313e-07
142    3.71683113e-07
143    1.31878963e-07
144    -1.63888037e-07
145    6.7358313e-08
146    -2.71627837e-07
147    -8.02257337e-07
148    -8.84951637e-07
149    -9.65041387e-07
150    -1.172730587e-06
151    -1.573295637e-06
152    -1.941559637e-06
153    -1.330514637e-06
154    -1.418697087e-06
155    -1.647783637e-06
156    -1.390392987e-06
157    -1.229353037e-06
158    -1.045081487e-06
159    -6.28656637e-07
160    -7.91789487e-07
161    -9.26667737e-07
162    -1.275118587e-06
163    -1.210074737e-06
164    -1.639312987e-06
165    -1.927208187e-06
166    -2.489603687e-06
167    -2.382445287e-06
168    -2.524026687e-06
169    -2.234050187e-06
170    -2.386136987e-06
171    -2.674456587e-06
172    -2.551763937e-06
173    -2.956863637e-06
174    -3.955741637e-06
175    -3.923649927e-06
176    -3.772586327e-06
177    -3.633429227e-06
178    -3.261560727e-06
179    -3.877169227e-06
180    -3.772406077e-06
181    -4.026116627e-06
182    -4.315500177e-06
183    -4.136344677e-06
184    -4.533537727e-06
185    -4.589093577e-06
186    -4.539328112e-06
187    -3.634574612e-06
188    -4.383753112e-06
189    -4.3869622535e-06
190    -4.4734471035e-06
191    -4.5908027535e-06
192    -3.7727897535e-06
193    -3.2608107535e-06
194    -3.7363262035e-06
195    -3.6779100535e-06
196    -4.5582460535e-06
197    -5.5066725535e-06
198    -5.4526282535e-06
199    -4.8039107535e-06
200    -4.4908073035e-06
201    -5.4220948035e-06
202    -5.6072035035e-06
203    -5.0745740035e-06
204    -5.4348383535e-06
205    -4.0564528535e-06
206    -4.1973773535e-06
207    -3.1984413535e-06
208    -2.9040812535e-06
209    -3.4066422535e-06
210    -3.7812316035e-06
211    -3.6187644035e-06
212    -4.0250734035e-06
213    -3.5670456535e-06
214    -3.5445814535e-06
215    -3.7207603035e-06
216    -2.3498398035e-06
217    -2.0406431035e-06
218    -2.6460136035e-06
219    -2.2920745535e-06
220    -3.5931375535e-06
221    -3.8467085535e-06
222    -4.4686365535e-06
223    -5.1289815535e-06
224    -5.2445117035e-06
225    -5.8382082035e-06
226    -7.0703437035e-06
227    -7.07005299943e-06
228    -5.91633299943e-06
229    -6.13023124943e-06
230    -6.30027079943e-06
231    -6.98228929943e-06
232    -6.90750164943e-06
233    -7.46973464943e-06
234    -6.24606364943e-06
235    -6.44512524943e-06
236    -7.85866074943e-06
237    -7.82145295443e-06
238    -8.21655310443e-06
239    -6.84209760443e-06
240    -7.56457960443e-06
241    -8.20343710443e-06
242    -7.93833165443e-06
243    -1.03858796544e-05
244    -8.54340865443e-06
245    -7.41005965443e-06
246    -6.63251015443e-06
247    -6.41507715443e-06
248    -8.28737265443e-06
249    -7.19290565443e-06
250    -0.000217161605654
251    0.000272501344346
252    0.000796920344346
253    0.00382878584435
254    -0.00254213915565
255    -0.00203030815565
256    0.0931990518443
257    4.52167745184
258    11.2698949518
259    18.0847794518
260    24.8099589518
261    31.4159049518
262    38.2615189518
263    45.3716144518
264    51.8661784518
265    58.5894804518
266    65.7954924518
267    72.2600159518
268    79.1406199518
269    85.8509534518
270    92.6806159518
271    99.4764719518
272    106.363303952
273    112.515600952
274    119.643453952
275    126.784175952
276    133.294786452
277    139.743256952
278    146.234128452
279    153.840971952
280    160.233279952
281    166.936939952
282    173.684244452
283    180.681922952
284    187.460176952
285    194.009800452
286    201.214805452
287    207.701904452
288    214.109228452
289    221.280410952
290    227.647278952
291    235.099797452
292    242.370867452
293    254.809662952
294    268.882517952
295    282.269130452
296    295.193841952
297    309.460047452
298    322.873121452
299    336.002609952
300    349.836789952
301    363.365236452
302    376.947765952
303    390.200240952
304    404.126507952
305    417.379280952
306    431.030780452
307    444.776856452
308    458.685560452
309    478.560446952
310    498.613492952
311    519.214918952
312    539.227758452
313    559.691317952
314    580.058854452
315    600.159441952
316    620.410276952
317    641.028158452
318    664.387692452
319    694.877207952
320    728.548352952
321    766.271132952
322    806.759258452
323    847.381522952
324    888.129636952
325    928.655783452
326    969.265426952
327    1009.79186795
328    1050.78163795
329    1090.78036295
330    1132.06394445
331    1172.04864845
332    1213.25049945
333    1253.62804045
334    1294.24199245
335    1334.84327745
336    1375.57284695
337    1416.22681195
338    1456.54331495
339    1496.90695295
340    1538.61625495
341    1584.65234595
342    1631.96065945
343    1678.72289445
344    1726.97536695
345    1773.80015795
346    1821.84091295
347    1872.59092295
348    1930.66972795
349    1563.64596795
350    -5677.36053205
351    -42702.678532
352    -151476.508532
353    -398167.453532
354    -884288.543532
355    -1728688.74353
356    -3021359.89353
357    -4695436.99353
358    -6231804.84353
359    -7323164.69353
360    -8017218.59353
361    -8441239.57353
362    -8707328.88353
363    -8867607.77353
364    -8940290.85353
365    -8943360.93168
366    -8901026.91168
367    -8855651.91368
368    -8844690.58918
369    -8871647.48568
370    -8924167.61068
371    -8991718.50068
372    -9059731.39568
373    -9114707.26068
374    -9147856.68018
375    -9139771.76118
376    -9111945.40868
377    -9093657.64018
378    -9090885.65778
379    -9101082.11628
380    -9120880.99278
381    -9146231.11728
382    -9172945.79828
383    -9197407.31228
384    -9215626.60878
385    -9226044.12728
386    -9228766.53548
387    -9225271.78763
388    -9215679.78263
389    -9201622.82963
390    -9185847.45463
391    -9171602.86663
392    -9159494.58063
393    -9150315.95513
394    -9144249.88213
395    -9143851.771
396    -9149113.337
397    -9158025.8955
398    -9167304.884
399    -9176386.3135
400    -9185458.8645
401    -9193593.7945
402    -9200046.4715
403    -9204146.13825
404    -9205642.77275
405    -9204304.27785
406    -9200364.73
407    -9193500.366
408    -9186303.202
409    -9179734.6355
410    -9174606.4705
411    -9170922.5576
412    -9169002.50305
413    -9168374.96265
414    -9169109.36645
415    -9171232.5985
416    -9174867.575
417    -9179362.37665
418    -9184350.02705
419    -9188510.82545
420    -9193400.32355
421    -9197763.5256
422    -9200703.4581
423    -9201658.9271
424    -9200561.7768
425    -9198332.47115
426    -9195520.65365
427    -9192261.6152
428    -9189011.8154
429    -9186120.8848
430    -9183932.82405
431    -9182167.7261
432    -9181780.7137
433    -9182416.14645
434    -9184170.0266
435    -9186779.32345
436    -9189858.46755
437    -9192502.96445
438    -9195193.348
439    -9197322.5068
440    -9199205.88985
441    -9200708.24205
442    -9202056.429
443    -9202740.8288
444    -9203340.66795
445    -9203095.16897
446    -9203069.67659
447    -9203036.432
448    -9202803.885
449    -9202823.53151
450    -9202934.0741
451    -9203122.57759
452    -9203076.599
453    -9202624.213
454    -9202545.53155
455    -9202573.7136
456    -9202732.19401
457    -9203266.93441
458    -9203615.94932
459    -9204256.24442
460    -9204397.20117
461    -9204448.5897
462    -9204488.65494
463    -9204488.08575
464    -9204704.92506
465    -9204503.44854
466    -9204440.76658
467    -9204497.2972
468    -9204711.36086
469    -9204802.56441
470    -9204826.16299
471    -9204613.27806
472    -9204501.79486
473    -9204531.78932
474    -9204771.5896
475    -9205092.38496
476    -9205678.30401
477    -9205694.12929
478    -9205775.66507
479    -9206212.64343
480    -9206295.56344
481    -9206563.64055
482    -9206507.01373
483    -9206462.45431
484    -9206623.32213
485    -9206639.72514
486    -9206632.65388
487    -9206705.94728
488    -9206690.54137
489    -9206678.88679
490    -9206689.29726
491    -9206667.40506
492    -9206948.39479
493    -9207021.61985
494    -9207143.26206
495    -9207403.20907
496    -9207786.39761
497    -9207950.78033
498    -9208038.19755
499    -9207842.9278
500    -9207982.29573
501    -9208197.59581
502    -9208269.37027
503    -9208622.49647
504    -9208487.8429
505    -9208300.93048
506    -9208531.56658
507    -9208519.05262
508    -9208215.18515
509    -9208556.07538
510    -9208583.68084
511    -9208541.76514
512    -9208715.32439
513    -9208888.80392
514    -9209124.66532
515    -9209085.35884
516    -9209205.18769
517    -9209147.41806
518    -9209001.46782
519    -9208764.42229
520    -9209000.66976
521    -9209248.65612
522    -9209253.50304
523    -9209151.548
524    -9209201.631
525    -9209443.79951
526    -9209596.52468
527    -9209688.91164
528    -9209690.99221
529    -9209578.87119
530    -9209692.60249
531    -9209429.25176
532    -9209581.00757
533    -9209630.42904
534    -9209667.91717
535    -9209814.16707
536    -9209880.10983
537    -9209905.04295
538    -9210056.21396
539    -9209838.27363
540    -9209865.71965
541    -9210032.17639
542    -9210126.72379
543    -9210258.11085
544    -9210241.09077
545    -9210042.3557
546    -9209740.05441
547    -9209862.07916
548    -9209848.91059
549    -9209814.21139
550    -9209681.79795
551    -9210056.31887
552    -9209847.98068
553    -9209941.62412
554    -9209875.58134
555    -9209928.50914
556    -9209713.48861
557    -9209500.83978
558    -9209646.17687
559    -9209421.6945
560    -9209454.62839
561    -9209294.68328
562    -9209519.9529
563    -9209602.93714
564    -9209816.83032
565    -9209843.3684
566    -9209535.73513
567    -9209429.66378
568    -9209340.9989
569    -9209193.41828
570    -9209192.82277
571    -9209110.52696
572    -9209090.35499
573    -9208694.2323
574    -9208786.33962
575    -9208623.81744
576    -9208791.80751
577    -9208665.44228
578    -9208906.0189
579    -9208885.16201
580    -9208749.0693
581    -9208848.1587
582    -9208953.88775
583    -9208775.65424
584    -9208672.28739
585    -9208366.51353
586    -9208086.87437
587    -9207992.82349
588    -9208426.50101
589    -9208537.67847
590    -9208341.54759
591    -9208249.6468
592    -9207905.86096
593    -9208174.2293
594    -9208035.02539
595    -9207983.62096
596    -9207786.8004
597    -9207808.03611
598    -9207840.56559
599    -9208049.61138
600    -9207941.81446
601    -9207809.8909
602    -9207821.58757
603    -9207741.82896
604    -9207886.73004
605    -9208062.32859
606    -9207766.60507
607    -9207782.27286
608    -9207864.84407
609    -9207964.55109
610    -9208077.10034
611    -9207771.43351
612    -9207504.506
613    -9207514.85148
614    -9207522.00586
615    -9207439.90454
616    -9207745.33061
617    -9207837.29158
618    -9207729.4758
619    -9207774.19731
620    -9207803.21062
621    -9208031.09046
622    -9208312.21024
623    -9208427.78508
624    -9208191.01227
625    -9208136.80524
626    -9208229.09688
627    -9208342.22477
628    -9208323.45191
629    -9208220.53412
630    -9208029.68145
631    -9208161.70589
632    -9208210.95012
633    -9208269.99961
634    -9208305.58044
635    -9208275.20952
636    -9208554.10901
637    -9208569.12096
638    -9208828.31932
639    -9208875.12224
640    -9208810.45842
641    -9208750.3226
642    -9208646.61245
643    -9208814.84577
644    -9208630.84022
645    -9208595.19752
646    -9208237.95238
647    -9208445.83679
648    -9208503.09623
649    -9208426.6899
650    -9208573.47353
651    -9208587.4293
652    -9208511.48973
653    -9208669.42199
654    -9208495.79451
655    -9208480.83937
656    -9208281.62047
657    -9208430.67622
658    -9208470.14403
659    -9208344.23383
660    -9208270.47596
661    -9207977.17569
662    -9207646.95988
663    -9207702.78267
664    -9208060.7113
665    -9208066.36767
666    -9207833.55453
667    -9207657.22296
668    -9207694.12819
669    -9207456.87999
670    -9207431.42361
671    -9207595.38989
672    -9209108.39379
673    -9211609.22019
674    -9215231.17044
675    -9220419.64294
676    -9227346.76644
677    -9233041.17744
678    -9236664.82574
679    -9239220.34439
680    -9241183.37944
681    -9242788.48864
682    -9244108.98864
683    -9245261.90449
684    -9246260.13009
685    -9247148.97874
686    -9247963.98314
687    -9248710.20019
688    -9249405.33694
689    -9250058.61504
690    -9250676.38339
691    -9251264.82019
692    -9251833.98649
693    -9252389.26874
694    -9252927.97749
695    -9253441.63184
696    -9253935.73871
697    -9254414.44126
698    -9254858.78578
699    -9255278.2265
700    -9255684.00653
701    -9256067.58067
702    -9256433.76885
703    -9256796.48792
704    -9257139.98829
705    -9257466.49145
706    -9257778.95184
707    -9258088.87414
708    -9258385.25923
709    -9258676.35675
710    -9258966.16054
711    -9259249.56659
712    -9259527.55441
713    -9259805.08487
714    -9260075.38706
715    -9260339.41178
716    -9260602.22212
717    -9260852.64392
718    -9261090.51093
719    -9261322.09084
720    -9261551.92244
721    -9261776.89739
722    -9261995.35464
723    -9262201.46299
724    -9262402.90441
725    -9262598.75871
726    -9262789.13067
727    -9262970.79792
728    -9263134.84305
729    -9263291.03168
730    -9263446.74036
731    -9263602.2036
732    -9263750.68571
733    -9263886.00347
734    -9264015.12944
735    -9264141.67134
736    -9264263.68378
737    -9264385.5408
738    -9264505.39532
739    -9264620.66313
740    -9264734.71321
741    -9264843.70382
742    -9264952.0205
743    -9265059.51359
744    -9265161.92885
745    -9265263.47564
746    -9265365.02145
747    -9265466.56852
748    -9265568.11653
749    -9265669.66222
750    -9265771.20961
751    -9265872.75524
752    -9265974.30299
753    -9266075.85012
754    -9266177.39572
755    -9266278.94316
756    -9266380.49027
757    -9266482.03637
758    -9266583.58417
759    -9266685.12944
760    -9266786.67814
761    -9266887.34853
762    -9266982.94292
763    -9267075.37704
764    -9267163.35708
765    -9267242.94154
766    -9267311.06981
767    -9267378.76637
768    -9267445.72948
769    -9267507.62318
770    -9267565.81154
771    -9267620.00383
772    -9267674.15222
773    -9267718.38488
774    -9267742.16361
775    -9267762.47288
776    -9267782.78208
777    -9267803.09153
778    -9267823.40094
779    -9267843.71066
780    -9267864.01911
781    -9267884.32912
782    -9267904.63809
783    -9267924.94778
784    -9267945.25739
785    -9267965.56657
786    -9267985.8758
787    -9268006.18538
788    -9268026.49469
789    -9268046.80353
790    -9268067.11337
791    -9268087.4226
792    -9268107.73188
793    -9268128.04129
794    -9268147.52344
795    -9268160.42906
796    -9268167.57768
797    -9268174.34761
798    -9268181.11689
799    -9268187.88703
800    -9268194.65624
801    -9268201.42654
802    -9268208.19625
803    -9268214.96603
804    -9268221.73601
805    -9268226.55198
806    -9268226.74705
807    -9268226.74705
808    -9268226.74705
809    -9268226.74705
810    -9268226.74705
811    -9268226.74705
812    -9268226.74705
813    -9268226.74705
814    -9268226.74705
815    -9268226.74705
816    -9268226.74705
817    -9268226.74705
818    -9268226.74705
819    -9268226.74705
820    -9268226.74705
821    -9268226.74705
822    -9268226.74705
823    -9268226.74705
824    -9268226.74705
825    -9268226.74705
826    -9268226.74705
827    -9268226.74705
828    -9268226.74705
829    -9268226.74705
830    -9268226.74705
831    -9268226.74705
832    -9268226.74705
833    -9268226.74705
834    -9268226.74705
835    -9268226.74705
836    -9268226.74705
837    -9268226.74705
838    -9268226.74705
839    -9268226.74705
840    -9268226.74705
841    -9268226.74705
842    -9268226.74705
843    -9268226.74705
844    -9268226.74705
845    -9268226.74705
846    -9268226.74705
847    -9268226.74705
848    -9268226.74705
849    -9268226.74705
850    -9268226.74705
851    -9268226.74705
852    -9268226.74705
853    -9268226.74705
854    -9268226.74705
855    -9268226.74705
856    -9268226.74705
857    -9268226.74705
858    -9268226.74705
859    -9268226.74705
860    -9268226.74705
861    -9268226.74705
862    -9268226.74705
863    -9268226.74705
864    -9268226.74705
865    -9268226.74705
866    -9268226.74705
867    -9268226.74705
868    -9268226.74705
869    -9268226.74705
870    -9268226.74705
871    -9268226.74705
872    -9268226.74705
873    -9268226.74705
874    -9268226.74705
875    -9268226.74705
876    -9268226.74705
877    -9268226.74705
878    -9268226.74705
879    -9268226.74705
880    -9268226.74705
881    -9268226.74705
882    -9268226.74705
883    -9268226.74705
884    -9268226.74705
885    -9268226.74705
886    -9268226.74705
887    -9268226.74705
888    -9268226.74705
889    -9268226.74705
890    -9268226.74705
891    -9268226.74705
892    -9268226.74705
893    -9268226.74705
894    -9268226.74705
895    -9268226.74705
896    -9268226.74705
897    -9268226.74705
898    -9268226.74705
899    -9268226.74705
900    -9268226.74705
901    -9268226.74705
902    -9268226.74705
903    -9268226.74705
904    -9268226.74705
905    -9268226.74705
906    -9268226.74705
907    -9268226.74705
908    -9268226.74705
909    -9268226.74705
910    -9268226.74705
911    -9268226.74705
912    -9268226.74705
913    -9268226.74705
914    -9268226.74705
915    -9268226.74705
916    -9268226.74705
917    -9268226.74705
918    -9268226.74705
919    -9268226.74705
920    -9268226.74705
921    -9268226.74705
922    -9268226.74705
923    -9268226.74705
924    -9268226.74705
925    -9268226.74705
926    -9268226.74705
927    -9268226.74705
928    -9268226.74705
929    -9268226.74705
930    -9268226.74705
931    -9268226.74705
932    -9268226.74705
933    -9268226.74705
934    -9268226.74705
935    -9268226.74705
936    -9268226.74705
937    -9268226.74705
938    -9268226.74705
939    -9268226.74705
940    -9268226.74705
941    -9268226.74705
942    -9268226.74705
943    -9268226.74705
944    -9268226.74705
945    -9268226.74705
946    -9268226.74705
947    -9268226.74705
948    -9268226.74705
949    -9268226.74705
950    -9268226.74705
951    -9268226.74705
952    -9268226.74705
953    -9268226.74705
954    -9268226.74705
955    -9268226.74705
956    -9268226.74705
957    -9268226.74705
958    -9268226.74705
959    -9268226.74705
960    -9268226.74705
961    -9268226.74705
962    -9268226.74705
963    -9268226.74705
964    -9268226.74705
965    -9268226.74705
966    -9268226.74705
967    -9268226.74705
968    -9268226.74705
969    -9268226.74705
970    -9268226.74705
971    -9268226.74705
972    -9268226.74705
973    -9268226.74705
974    -9268226.74705
975    -9268226.74705
976    -9268226.74705
977    -9268226.74705
978    -9268226.74705
979    -9268226.74705
980    -9268226.74705
981    -9268226.74705
982    -9268226.74705
983    -9268226.74705
984    -9268226.74705
985    -9268226.74705
986    -9268226.74705
987    -9268226.74705
988    -9268226.74705
989    -9268226.74705
990    -9268226.74705
991    -9268226.74705
992    -9268226.74705
993    -9268226.74705
994    -9268226.74705
995    -9268226.74705
996    -9268226.74705
997    -9268226.74705
998    -9268226.74705
999    -9268226.74705
1000    -9268226.74705
1001    -9268226.74705
1002    -9268226.74705
1003    -9268226.74705
1004    -9268226.74705
1005    -9268226.74705
1006    -9268226.74705
1007    -9268226.74705
1008    -9268226.74705
1009    -9268226.74705
1010    -9268226.74705
1011    -9268226.74705
1012    -9268226.74705
1013    -9268226.74705
1014    -9268226.74705
1015    -9268226.74705
1016    -9268226.74705
1017    -9268226.74705
1018    -9268226.74705
1019    -9268226.74705
1020    -9268226.74705
1021    -9268226.74705
1022    -9268226.74705
1023    -9268226.74705
1024    -9268226.74705
