#x,Ay
1    -0
2    -1.442034e-07
3    9.80485e-09
4    -1.421192e-07
5    3.25074e-08
6    -3.018045e-07
7    -2.99758076e-07
8    -1.95541426e-07
9    -1.71245901e-07
10    -2.04128281e-07
11    -2.44725456e-07
12    -4.59414356e-07
13    -7.55565056e-07
14    -9.36999506e-07
15    -1.046204356e-06
16    -1.130770656e-06
17    -1.307612256e-06
18    -1.200828856e-06
19    -1.342869556e-06
20    -1.016517356e-06
21    -1.044237161e-06
22    -5.48048111e-07
23    -8.12432661e-07
24    -7.77038751e-07
25    -7.99549466e-07
26    -9.42008766e-07
27    -8.83836716e-07
28    -9.68844866e-07
29    -1.152325716e-06
30    -1.000884216e-06
31    -1.023487931e-06
32    -8.73726631e-07
33    -1.282640181e-06
34    -1.482445931e-06
35    -2.001157431e-06
36    -2.104688081e-06
37    -2.176231681e-06
38    -2.486544581e-06
39    -2.513566736e-06
40    -2.028028436e-06
41    -2.257507436e-06
42    -2.469638286e-06
43    -2.689844436e-06
44    -2.743563136e-06
45    -2.680728486e-06
46    -2.729470681e-06
47    -2.971786331e-06
48    -2.449389331e-06
49    -1.861413331e-06
50    -2.199911131e-06
51    -2.350230581e-06
52    -2.194492781e-06
53    -2.467667681e-06
54    -2.471737295e-06
55    -2.076311595e-06
56    -2.135477745e-06
57    -2.025761295e-06
58    -1.823071895e-06
59    -2.007017845e-06
60    -1.858367695e-06
61    -1.713164345e-06
62    -1.918551295e-06
63    -2.164587745e-06
64    -1.873436845e-06
65    -1.909865585e-06
66    -1.665195885e-06
67    -1.278653585e-06
68    -1.620216835e-06
69    -1.937971285e-06
70    -1.881850035e-06
71    -2.115587585e-06
72    -2.193770435e-06
73    -2.060578185e-06
74    -2.401587535e-06
75    -2.658995635e-06
76    -2.568092385e-06
77    -2.841650985e-06
78    -2.732725235e-06
79    -2.925601085e-06
80    -2.764939085e-06
81    -3.356961585e-06
82    -3.537698385e-06
83    -3.536768176e-06
84    -4.031352626e-06
85    -3.926201426e-06
86    -3.829461176e-06
87    -3.916271576e-06
88    -4.677170576e-06
89    -4.323603626e-06
90    -4.123332726e-06
91    -4.695658226e-06
92    -4.680216996e-06
93    -4.674868386e-06
94    -5.037783786e-06
95    -4.900475436e-06
96    -5.000796886e-06
97    -4.932869436e-06
98    -4.862174636e-06
99    -5.252042386e-06
100    -4.673135886e-06
101    -4.467981486e-06
102    -4.733040386e-06
103    -4.978797786e-06
104    -4.622312336e-06
105    -4.514595836e-06
106    -4.619475286e-06
107    -4.723564036e-06
108    -4.979902386e-06
109    -5.025714471e-06
110    -4.876650771e-06
111    -4.492619971e-06
112    -4.693681521e-06
113    -4.565128621e-06
114    -4.452947171e-06
115    -4.738755271e-06
116    -5.620501271e-06
117    -5.937139471e-06
118    -5.949127336e-06
119    -5.496140036e-06
120    -5.092900686e-06
121    -4.566445686e-06
122    -4.422451586e-06
123    -3.939866686e-06
124    -5.284974186e-06
125    -5.422782486e-06
126    -6.421555486e-06
127    -7.512766486e-06
128    -7.474547106e-06
129    -7.526103106e-06
130    -7.381062506e-06
131    -7.917645006e-06
132    -8.360626906e-06
133    -8.535131406e-06
134    -9.434443406e-06
135    -9.483836731e-06
136    -9.666247881e-06
137    -9.990653231e-06
138    -1.0161995081e-05
139    -1.0175436381e-05
140    -9.166460381e-06
141    -9.659742531e-06
142    -1.0067446781e-05
143    -9.473494281e-06
144    -8.906075781e-06
145    -9.376196081e-06
146    -8.874449081e-06
147    -8.697840031e-06
148    -8.661329906e-06
149    -8.533335106e-06
150    -9.755796606e-06
151    -1.0671712606e-05
152    -1.1000175956e-05
153    -1.1337836556e-05
154    -1.0512940056e-05
155    -1.0794207656e-05
156    -1.1003361906e-05
157    -1.1336115756e-05
158    -1.1752377806e-05
159    -1.2316168806e-05
160    -1.2250590106e-05
161    -1.2264647676e-05
162    -1.1428216676e-05
163    -1.1342266726e-05
164    -1.1652765676e-05
165    -1.1045999676e-05
166    -1.0362719176e-05
167    -9.436989676e-06
168    -8.630325176e-06
169    -8.567903326e-06
170    -9.127461826e-06
171    -8.205452826e-06
172    -7.348557826e-06
173    -8.398933326e-06
174    -8.255427526e-06
175    -7.681753026e-06
176    -6.372132026e-06
177    -5.588443026e-06
178    -5.679834626e-06
179    -4.901587626e-06
180    -4.087016126e-06
181    -3.560898126e-06
182    -2.572473626e-06
183    -2.686143426e-06
184    -3.650010926e-06
185    -3.662661556e-06
186    -4.006461406e-06
187    -2.646795906e-06
188    -2.186721706e-06
189    -2.502987806e-06
190    -2.643307606e-06
191    -1.265503606e-06
192    -2.18197606e-07
193    -1.030071606e-06
194    -7.53431806e-07
195    4.27915194e-07
196    2.00529194e-07
197    -8.950606e-09
198    -3.97771956e-07
199    -8.72729306e-07
200    -1.087976306e-06
201    -3.330117306e-06
202    -3.578665256e-06
203    -2.508848756e-06
204    -2.760373356e-06
205    -3.203983156e-06
206    -2.707538356e-06
207    -2.605589056e-06
208    -3.167612556e-06
209    -4.260219056e-06
210    -4.922145556e-06
211    -6.948295056e-06
212    -6.001171056e-06
213    -6.094562606e-06
214    -5.531794606e-06
215    -2.685980606e-06
216    -3.316838606e-06
217    -4.722920606e-06
218    -7.354220106e-06
219    -7.602023906e-06
220    -5.268351906e-06
221    -5.899767906e-06
222    -6.452535906e-06
223    -4.609099406e-06
224    -2.754477406e-06
225    -2.7591283915e-06
226    -1.709553915e-07
227    1.5473001085e-06
228    -4.857328915e-07
229    -1.8107253915e-06
230    -4.935698915e-07
231    -3.7662963915e-06
232    -6.1358738915e-06
233    -1.0877988915e-06
234    -2.8250303915e-06
235    1.3005686085e-06
236    -6.520958915e-07
237    4.74101085e-08
238    2.2426691085e-06
239    3.5780566085e-06
240    6.9137346085e-06
241    4.2251001085e-06
242    2.0030516085e-06
243    2.8588306085e-06
244    4.0918966085e-06
245    3.7882811085e-06
246    1.8466861085e-06
247    0.00106271618611
248    -0.00118535431389
249    0.0100366406861
250    0.209889800686
251    5.11865460069
252    11.9226166007
253    18.6411461007
254    25.5516126007
255    32.1650046007
256    39.0569401007
257    45.7278996007
258    52.4850926007
259    59.3611731007
260    66.0351876007
261    72.6684896007
262    79.4691301007
263    86.5368346007
264    93.1696051007
265    99.8696046007
266    106.948218601
267    113.544253101
268    120.305480101
269    127.073543601
270    133.949683101
271    140.720193101
272    147.573087101
273    153.743821601
274    160.892269101
275    168.008935101
276    174.515147601
277    180.942667601
278    188.192898601
279    201.858844101
280    214.896003601
281    228.442118101
282    241.864684601
283    255.747371101
284    269.263152101
285    282.496099101
286    296.575934101
287    309.661329101
288    323.005797601
289    336.993696601
290    350.035304101
291    364.207053101
292    377.546437601
293    390.644225601
294    404.792250101
295    418.183859601
296    431.085281601
297    445.317549101
298    458.818795601
299    471.879557101
300    485.646951601
301    499.260323601
302    512.914891101
303    526.073206601
304    540.148171101
305    558.228324601
306    578.649109101
307    599.137499601
308    618.981929601
309    639.741791601
310    659.786203601
311    680.387634601
312    700.400482101
313    720.864035601
314    741.231583601
315    761.332178601
316    781.583035601
317    802.200909601
318    822.330563601
319    842.778118101
320    862.915769101
321    883.433487101
322    903.539429101
323    923.982782601
324    944.306018601
325    964.580228101
326    984.877097101
327    1005.1047351
328    1025.7030466
329    1045.4210586
330    1066.5148366
331    1086.0157251
332    1106.9819076
333    1127.1429661
334    1147.3490091
335    1167.6194666
336    1188.0485596
337    1208.4746526
338    1228.5729056
339    1248.2812961
340    1269.4471996
341    1289.9510331
342    1309.7844656
343    1329.7767511
344    1350.7627131
345    1370.4960031
346    1391.2611911
347    1412.8365001
348    1436.9560931
349    684.507193101
350    -8591.5803069
351    -48221.6268069
352    -152741.006807
353    -371215.526807
354    -775611.441807
355    -1458564.09181
356    -2527494.94181
357    -4070855.04181
358    -6125356.34181
359    -8607731.49181
360    -10938761.2418
361    -12706607.1918
362    -13931229.1918
363    -14712085.7918
364    -15184811.4068
365    -15473846.4318
366    -15636741.4968
367    -15698169.7568
368    -15674035.0213
369    -15608539.3163
370    -15589795.9103
371    -15651153.9903
372    -15786147.5603
373    -15979181.1103
374    -16203183.8703
375    -16421742.5703
376    -16573116.8803
377    -16600431.6168
378    -16574929.5353
379    -16534907.2688
380    -16489981.3973
381    -16448389.1033
382    -16417288.0768
383    -16401012.0828
384    -16402239.136
385    -16419676.567
386    -16451533.9025
387    -16491871.4025
388    -16535909.2245
389    -16578721.5025
390    -16613251.936
391    -16634170.068
392    -16638876.2052
393    -16627159.2962
394    -16601353.6287
395    -16565453.9597
396    -16524601.0902
397    -16484916.5677
398    -16450977.1067
399    -16427553.2167
400    -16418299.6677
401    -16422824.068
402    -16439174.2605
403    -16464693.583
404    -16496333.5645
405    -16530236.268
406    -16560642.956
407    -16585268.5745
408    -16602466.327
409    -16610818.4375
410    -16609839.4046
411    -16599696.2151
412    -16582518.4446
413    -16560974.7206
414    -16537989.0121
415    -16516189.7791
416    -16497451.8281
417    -16482655.0616
418    -16473776.5341
419    -16472297.2512
420    -16477875.8157
421    -16489139.8037
422    -16503324.6552
423    -16519060.7127
424    -16534927.1082
425    -16549557.3072
426    -16561703.7377
427    -16570587.7132
428    -16574360.4995
429    -16572856.5642
430    -16567422.4502
431    -16558410.4397
432    -16548215.4532
433    -16538271.6067
434    -16528584.5627
435    -16520674.8347
436    -16514380.4392
437    -16510411.7271
438    -16508943.9105
439    -16510463.0923
440    -16515054.8715
441    -16522283.42
442    -16531351.7925
443    -16540180.914
444    -16548436.282
445    -16555019.081
446    -16560076.1875
447    -16562861.3115
448    -16564076.5543
449    -16565740.8875
450    -16567890.7344
451    -16569911.8922
452    -16571395.98
453    -16572686.1512
454    -16573339.5512
455    -16573340.6315
456    -16572603.934
457    -16572201.3558
458    -16571368.6647
459    -16569947.3596
460    -16568261.1543
461    -16566365.344
462    -16565401.148
463    -16564510.2019
464    -16564356.6181
465    -16565086.4914
466    -16566032.6616
467    -16567133.5125
468    -16568329.4905
469    -16569529.1563
470    -16570806.8279
471    -16571731.0799
472    -16572275.7796
473    -16572231.517
474    -16571577.4257
475    -16570898.963
476    -16569982.0323
477    -16569524.2453
478    -16569634.5964
479    -16569827.3355
480    -16569749.2398
481    -16569322.6219
482    -16568975.0438
483    -16569174.7106
484    -16569410.0576
485    -16569670.6351
486    -16569883.8918
487    -16570403.1027
488    -16570951.5275
489    -16571420.3645
490    -16571727.6386
491    -16572346.2889
492    -16572954.1844
493    -16573326.0007
494    -16573702.8637
495    -16574237.3707
496    -16574617.8448
497    -16574876.5769
498    -16574434.6717
499    -16574103.094
500    -16573602.0949
501    -16573515.4033
502    -16573309.7334
503    -16573269.7104
504    -16572955.588
505    -16573004.7557
506    -16572987.2451
507    -16573298.2911
508    -16573582.3516
509    -16574217.6651
510    -16575166.349
511    -16576234.4911
512    -16577078.4875
513    -16577891.4215
514    -16578239.5622
515    -16578163.2554
516    -16578505.3175
517    -16578520.1404
518    -16578511.2733
519    -16578331.8171
520    -16578047.4901
521    -16577832.2776
522    -16577733.3437
523    -16577754.0801
524    -16577966.0556
525    -16578071.582
526    -16578107.8721
527    -16578192.4818
528    -16578059.8717
529    -16578712.9506
530    -16578939.8215
531    -16578928.701
532    -16578958.3943
533    -16578845.7402
534    -16578610.6334
535    -16578667.73
536    -16578557.1827
537    -16578369.9782
538    -16578451.2068
539    -16578680.089
540    -16578678.7876
541    -16578634.284
542    -16578562.1504
543    -16578808.951
544    -16578821.8843
545    -16578945.9973
546    -16579000.1714
547    -16579085.071
548    -16579324.8802
549    -16579207.4654
550    -16579260.0119
551    -16578938.345
552    -16579122.5573
553    -16579000.0692
554    -16579228.3706
555    -16579251.773
556    -16579315.309
557    -16579407.4512
558    -16580056.9582
559    -16580050.2612
560    -16579947.1552
561    -16580199.7926
562    -16579875.8981
563    -16580010.8375
564    -16579706.7941
565    -16579845.8681
566    -16579867.9883
567    -16580035.0085
568    -16580291.1631
569    -16580421.6785
570    -16580538.5664
571    -16580574.8877
572    -16580693.5333
573    -16580992.1498
574    -16580924.0731
575    -16581189.9988
576    -16581118.2646
577    -16581058.8781
578    -16581264.2766
579    -16581040.405
580    -16581069.4121
581    -16580818.7467
582    -16580549.3298
583    -16580604.4114
584    -16581084.1096
585    -16581358.3298
586    -16581450.3628
587    -16581654.0588
588    -16581432.267
589    -16581324.7984
590    -16581308.2676
591    -16581609.3539
592    -16581562.2992
593    -16581749.5113
594    -16581614.441
595    -16581808.5612
596    -16581784.0465
597    -16581968.8301
598    -16581650.4865
599    -16581817.162
600    -16581706.7384
601    -16581683.6562
602    -16581895.5221
603    -16581790.4444
604    -16581935.5827
605    -16582078.8751
606    -16582124.0043
607    -16582296.1591
608    -16582333.8954
609    -16582355.3656
610    -16582306.4118
611    -16582472.4995
612    -16582686.9884
613    -16582852.4426
614    -16582770.8212
615    -16582800.1169
616    -16582680.3222
617    -16582484.2464
618    -16582444.0567
619    -16582417.6109
620    -16582597.588
621    -16582121.8679
622    -16582229.7234
623    -16582228.2214
624    -16582262.2451
625    -16582353.0305
626    -16582302.7762
627    -16582380.0806
628    -16582219.3997
629    -16582360.0572
630    -16582461.3925
631    -16582448.2822
632    -16582433.3111
633    -16582350.7045
634    -16582374.0754
635    -16582528.315
636    -16582327.7632
637    -16582308.0833
638    -16582003.1108
639    -16582121.6379
640    -16582201.3678
641    -16582138.5285
642    -16582244.7998
643    -16582152.8841
644    -16582344.7782
645    -16582467.4392
646    -16582411.689
647    -16582513.3609
648    -16582246.7335
649    -16582350.9449
650    -16582309.6152
651    -16582142.9563
652    -16582161.9956
653    -16582072.8446
654    -16581975.2711
655    -16582101.3604
656    -16582144.2143
657    -16582212.64
658    -16582092.5435
659    -16581966.0601
660    -16582285.9291
661    -16582473.1739
662    -16582773.0604
663    -16582646.5896
664    -16582585.3616
665    -16582604.5245
666    -16582522.2206
667    -16582718.2192
668    -16583062.6617
669    -16583051.7006
670    -16583085.1078
671    -16583220.5701
672    -16584647.3868
673    -16587200.324
674    -16591118.6015
675    -16595961.5904
676    -16602686.3014
677    -16608742.0519
678    -16612618.696
679    -16615249.3098
680    -16617246.5895
681    -16618856.5251
682    -16620224.9678
683    -16621418.3958
684    -16622484.4073
685    -16623439.413
686    -16624319.4806
687    -16625125.7995
688    -16625876.1964
689    -16626563.887
690    -16627204.9715
691    -16627810.821
692    -16628378.4178
693    -16628930.2031
694    -16629470.2603
695    -16629988.2119
696    -16630498.8541
697    -16630986.6502
698    -16631435.7283
699    -16631865.7256
700    -16632272.478
701    -16632662.2494
702    -16633037.9865
703    -16633397.8598
704    -16633749.464
705    -16634089.6894
706    -16634421.6775
707    -16634746.5607
708    -16635060.1247
709    -16635358.9414
710    -16635655.0535
711    -16635941.0205
712    -16636221.7742
713    -16636499.3325
714    -16636773.3199
715    -16637041.1996
716    -16637300.3205
717    -16637551.2881
718    -16637799.656
719    -16638038.8941
720    -16638272.472
721    -16638497.6969
722    -16638720.9076
723    -16638938.4804
724    -16639144.4416
725    -16639347.5359
726    -16639543.9064
727    -16639726.8945
728    -16639891.8523
729    -16640047.6103
730    -16640203.319
731    -16640357.8452
732    -16640507.0321
733    -16640647.7094
734    -16640778.4124
735    -16640905.6814
736    -16641027.9923
737    -16641149.8493
738    -16641271.7045
739    -16641390.4033
740    -16641505.4941
741    -16641620.515
742    -16641731.3461
743    -16641839.6633
744    -16641947.9797
745    -16642055.6081
746    -16642158.1744
747    -16642259.7215
748    -16642361.2695
749    -16642462.8152
750    -16642564.3626
751    -16642665.9082
752    -16642767.4559
753    -16642869.0031
754    -16642970.5487
755    -16643072.0961
756    -16643173.6432
757    -16643275.1893
758    -16643376.7371
759    -16643478.2824
760    -16643579.8311
761    -16643681.3766
762    -16643782.9228
763    -16643884.4705
764    -16643984.0541
765    -16644077.8811
766    -16644166.4844
767    -16644252.9928
768    -16644327.977
769    -16644395.6778
770    -16644463.3746
771    -16644530.4224
772    -16644592.4199
773    -16644653.3482
774    -16644711.0127
775    -16644765.1721
776    -16644814.3889
777    -16644845.619
778    -16644866.6687
779    -16644886.9785
780    -16644907.2869
781    -16644927.5969
782    -16644947.9059
783    -16644968.2156
784    -16644988.5252
785    -16645008.8344
786    -16645029.1436
787    -16645049.4532
788    -16645069.7625
789    -16645090.0713
790    -16645110.3812
791    -16645130.6904
792    -16645150.9997
793    -16645171.3091
794    -16645191.6185
795    -16645211.9272
796    -16645232.2375
797    -16645252.5471
798    -16645272.8553
799    -16645291.4102
800    -16645299.8671
801    -16645306.6374
802    -16645313.4071
803    -16645320.1768
804    -16645326.9468
805    -16645333.7163
806    -16645340.4866
807    -16645347.2559
808    -16645354.0256
809    -16645360.7958
810    -16645365.3618
811    -16645365.4881
812    -16645365.4881
813    -16645365.4881
814    -16645365.4881
815    -16645365.4881
816    -16645365.4881
817    -16645365.4881
818    -16645365.4881
819    -16645365.4881
820    -16645365.4881
821    -16645365.4881
822    -16645365.4881
823    -16645365.4881
824    -16645365.4881
825    -16645365.4881
826    -16645365.4881
827    -16645365.4881
828    -16645365.4881
829    -16645365.4881
830    -16645365.4881
831    -16645365.4881
832    -16645365.4881
833    -16645365.4881
834    -16645365.4881
835    -16645365.4881
836    -16645365.4881
837    -16645365.4881
838    -16645365.4881
839    -16645365.4881
840    -16645365.4881
841    -16645365.4881
842    -16645365.4881
843    -16645365.4881
844    -16645365.4881
845    -16645365.4881
846    -16645365.4881
847    -16645365.4881
848    -16645365.4881
849    -16645365.4881
850    -16645365.4881
851    -16645365.4881
852    -16645365.4881
853    -16645365.4881
854    -16645365.4881
855    -16645365.4881
856    -16645365.4881
857    -16645365.4881
858    -16645365.4881
859    -16645365.4881
860    -16645365.4881
861    -16645365.4881
862    -16645365.4881
863    -16645365.4881
864    -16645365.4881
865    -16645365.4881
866    -16645365.4881
867    -16645365.4881
868    -16645365.4881
869    -16645365.4881
870    -16645365.4881
871    -16645365.4881
872    -16645365.4881
873    -16645365.4881
874    -16645365.4881
875    -16645365.4881
876    -16645365.4881
877    -16645365.4881
878    -16645365.4881
879    -16645365.4881
880    -16645365.4881
881    -16645365.4881
882    -16645365.4881
883    -16645365.4881
884    -16645365.4881
885    -16645365.4881
886    -16645365.4881
887    -16645365.4881
888    -16645365.4881
889    -16645365.4881
890    -16645365.4881
891    -16645365.4881
892    -16645365.4881
893    -16645365.4881
894    -16645365.4881
895    -16645365.4881
896    -16645365.4881
897    -16645365.4881
898    -16645365.4881
899    -16645365.4881
900    -16645365.4881
901    -16645365.4881
902    -16645365.4881
903    -16645365.4881
904    -16645365.4881
905    -16645365.4881
906    -16645365.4881
907    -16645365.4881
908    -16645365.4881
909    -16645365.4881
910    -16645365.4881
911    -16645365.4881
912    -16645365.4881
913    -16645365.4881
914    -16645365.4881
915    -16645365.4881
916    -16645365.4881
917    -16645365.4881
918    -16645365.4881
919    -16645365.4881
920    -16645365.4881
921    -16645365.4881
922    -16645365.4881
923    -16645365.4881
924    -16645365.4881
925    -16645365.4881
926    -16645365.4881
927    -16645365.4881
928    -16645365.4881
929    -16645365.4881
930    -16645365.4881
931    -16645365.4881
932    -16645365.4881
933    -16645365.4881
934    -16645365.4881
935    -16645365.4881
936    -16645365.4881
937    -16645365.4881
938    -16645365.4881
939    -16645365.4881
940    -16645365.4881
941    -16645365.4881
942    -16645365.4881
943    -16645365.4881
944    -16645365.4881
945    -16645365.4881
946    -16645365.4881
947    -16645365.4881
948    -16645365.4881
949    -16645365.4881
950    -16645365.4881
951    -16645365.4881
952    -16645365.4881
953    -16645365.4881
954    -16645365.4881
955    -16645365.4881
956    -16645365.4881
957    -16645365.4881
958    -16645365.4881
959    -16645365.4881
960    -16645365.4881
961    -16645365.4881
962    -16645365.4881
963    -16645365.4881
964    -16645365.4881
965    -16645365.4881
966    -16645365.4881
967    -16645365.4881
968    -16645365.4881
969    -16645365.4881
970    -16645365.4881
971    -16645365.4881
972    -16645365.4881
973    -16645365.4881
974    -16645365.4881
975    -16645365.4881
976    -16645365.4881
977    -16645365.4881
978    -16645365.4881
979    -16645365.4881
980    -16645365.4881
981    -16645365.4881
982    -16645365.4881
983    -16645365.4881
984    -16645365.4881
985    -16645365.4881
986    -16645365.4881
987    -16645365.4881
988    -16645365.4881
989    -16645365.4881
990    -16645365.4881
991    -16645365.4881
992    -16645365.4881
993    -16645365.4881
994    -16645365.4881
995    -16645365.4881
996    -16645365.4881
997    -16645365.4881
998    -16645365.4881
999    -16645365.4881
1000    -16645365.4881
1001    -16645365.4881
1002    -16645365.4881
1003    -16645365.4881
1004    -16645365.4881
1005    -16645365.4881
1006    -16645365.4881
1007    -16645365.4881
1008    -16645365.4881
1009    -16645365.4881
1010    -16645365.4881
1011    -16645365.4881
1012    -16645365.4881
1013    -16645365.4881
1014    -16645365.4881
1015    -16645365.4881
1016    -16645365.4881
1017    -16645365.4881
1018    -16645365.4881
1019    -16645365.4881
1020    -16645365.4881
1021    -16645365.4881
1022    -16645365.4881
1023    -16645365.4881
1024    -16645365.4881
