#x,Ay
1    -0
2    5.580005e-08
3    2.0450035e-07
4    -9.148755e-08
5    -8.376694e-08
6    -3.0508349e-07
7    8.32666e-09
8    7.200431e-08
9    2.294817e-08
10    -1.0488383e-07
11    7.387632e-08
12    -7.276883e-08
13    -7.865522e-08
14    3.3833938e-07
15    3.2764214e-07
16    2.80783595e-07
17    1.54800395e-07
18    -7.5980855e-08
19    -5.16427955e-07
20    -7.31465705e-07
21    -8.66105555e-07
22    -4.08077755e-07
23    -3.51056805e-07
24    -5.78187055e-07
25    -4.57912905e-07
26    -4.33518555e-07
27    -5.68420005e-07
28    -4.36797455e-07
29    -4.403438205e-07
30    -2.627929205e-07
31    -3.254880205e-07
32    -4.105078205e-07
33    -4.302977105e-07
34    -3.438826605e-07
35    -1.345191105e-07
36    -2.622813105e-07
37    -2.385380955e-07
38    -6.398472455e-07
39    -5.927794055e-07
40    -4.205073555e-07
41    -4.402739855e-07
42    -4.273907905e-07
43    -6.165182405e-07
44    -7.561800405e-07
45    -7.375325505e-07
46    -7.885130505e-07
47    -6.868195005e-07
48    -7.105510855e-07
49    -6.100900855e-07
50    -6.161915805e-07
51    -5.183034805e-07
52    -5.2224517e-07
53    -2.7419717e-07
54    -1.3313317e-07
55    -1.00250785e-07
56    1.31507165e-07
57    -3.5555785e-08
58    -1.03885835e-07
59    2.88098165e-07
60    1.97808265e-07
61    3.77161365e-07
62    7.03088465e-07
63    6.05604065e-07
64    8.47175565e-07
65    9.54729315e-07
66    9.62217385e-07
67    9.87874945e-07
68    1.437007745e-06
69    1.536492045e-06
70    1.756622595e-06
71    1.958655045e-06
72    1.775857295e-06
73    1.386989445e-06
74    1.300376695e-06
75    1.387256845e-06
76    1.234286345e-06
77    1.178683995e-06
78    1.114570345e-06
79    1.010551345e-06
80    1.317236495e-06
81    1.230251645e-06
82    1.21404881e-06
83    1.33118356e-06
84    1.380312e-06
85    1.3353836e-06
86    1.41382225e-06
87    1.4121130105e-06
88    1.4833194105e-06
89    1.2703630105e-06
90    1.2167954105e-06
91    1.1171018105e-06
92    1.2328645105e-06
93    1.5552757605e-06
94    1.5639905255e-06
95    1.5262943955e-06
96    1.6557658455e-06
97    1.9560733455e-06
98    1.8569756455e-06
99    1.5407618455e-06
100    1.4662067455e-06
101    1.4016977455e-06
102    1.5627143955e-06
103    1.3179278955e-06
104    1.3769487455e-06
105    1.7277171955e-06
106    1.7207407305e-06
107    1.3724991305e-06
108    1.4903547805e-06
109    1.6264422305e-06
110    1.5145398305e-06
111    1.3349919305e-06
112    1.3431776405e-06
113    1.2950865905e-06
114    1.5136997405e-06
115    1.2697096905e-06
116    1.4808173405e-06
117    1.5465123405e-06
118    1.1793151405e-06
119    1.1756873835e-06
120    1.0651337835e-06
121    1.3027519835e-06
122    1.3188792435e-06
123    1.4218517935e-06
124    1.4780820435e-06
125    1.5256847435e-06
126    1.3536917935e-06
127    1.4656348935e-06
128    1.3380121935e-06
129    1.2782936935e-06
130    1.2715962885e-06
131    1.4241946885e-06
132    1.3361052885e-06
133    1.1249511385e-06
134    1.2661779385e-06
135    9.596207385e-07
136    1.0048398185e-06
137    1.5412828185e-06
138    1.6495225685e-06
139    1.7890982685e-06
140    1.6971950685e-06
141    1.4447170185e-06
142    1.5448699185e-06
143    1.3965620185e-06
144    1.5102783185e-06
145    1.2707532185e-06
146    1.6494935685e-06
147    1.5756128685e-06
148    1.4458507185e-06
149    1.3645284685e-06
150    1.2106975685e-06
151    1.3002753185e-06
152    1.6499354685e-06
153    1.2493704185e-06
154    1.3785279185e-06
155    1.6882594185e-06
156    1.5418468185e-06
157    1.4739891185e-06
158    1.8246099685e-06
159    1.6894062185e-06
160    1.5017627185e-06
161    1.3949298685e-06
162    1.1474981185e-06
163    1.1894033835e-06
164    1.0422378835e-06
165    9.366142835e-07
166    9.646596535e-07
167    1.0270292035e-06
168    8.734541035e-07
169    9.113478985e-07
170    1.0262734485e-06
171    7.238206985e-07
172    6.438662485e-07
173    1.1044985485e-06
174    1.1700830985e-06
175    1.4990812985e-06
176    1.7613031485e-06
177    1.6052630485e-06
178    1.9699457985e-06
179    1.5973098985e-06
180    1.8768798485e-06
181    1.5369809985e-06
182    1.7631112985e-06
183    1.8471078485e-06
184    1.8625258285e-06
185    1.7511110285e-06
186    1.4584078785e-06
187    1.3526447785e-06
188    1.6221453785e-06
189    1.8267881285e-06
190    1.9500737785e-06
191    2.3343371285e-06
192    2.5045394785e-06
193    2.6129042285e-06
194    2.8986134785e-06
195    2.9027063485e-06
196    2.9916329485e-06
197    2.7805717985e-06
198    2.8605975985e-06
199    2.5718651985e-06
200    2.2649009985e-06
201    2.3368166485e-06
202    2.4572768485e-06
203    2.7838681485e-06
204    3.3395661485e-06
205    3.6227871485e-06
206    3.5504645485e-06
207    3.6255893985e-06
208    3.5193146485e-06
209    3.4515267485e-06
210    3.6849357985e-06
211    3.0461712985e-06
212    2.8361217485e-06
213    2.7145278485e-06
214    2.8465224485e-06
215    3.3807099485e-06
216    3.4111738285e-06
217    3.5370756285e-06
218    3.6056309785e-06
219    3.8978981285e-06
220    3.8376680285e-06
221    3.7290445785e-06
222    3.9686161785e-06
223    3.5912595285e-06
224    3.6473502785e-06
225    3.5955849285e-06
226    3.8423655285e-06
227    4.0115214285e-06
228    3.5033559285e-06
229    3.2659179785e-06
230    2.9885339785e-06
231    2.5804576285e-06
232    2.4925978285e-06
233    3.0251343285e-06
234    3.3283544785e-06
235    3.3151340685e-06
236    3.6980951685e-06
237    4.1790057185e-06
238    3.8160205185e-06
239    3.9778278685e-06
240    3.8132764685e-06
241    4.4805514685e-06
242    3.7966259685e-06
243    4.6634974685e-06
244    3.8486469685e-06
245    3.2302069685e-06
246    3.5184743185e-06
247    3.7395118185e-06
248    3.9530844685e-06
249    4.4675284685e-06
250    -0.000207126971532
251    0.000281706328469
252    0.000806568828468
253    0.00383700482847
254    -0.00253216017153
255    0.0128134348285
256    3.74326973483
257    12.1829537348
258    26.9730887348
259    50.9641927348
260    78.0660267348
261    104.924067235
262    134.403217235
263    168.293838735
264    201.938451735
265    235.730815235
266    269.923350235
267    303.674147235
268    337.423833235
269    371.376427235
270    405.218782235
271    439.048992735
272    472.999643735
273    506.398555735
274    540.467911235
275    574.628658735
276    608.153632735
277    642.025837735
278    675.450603235
279    710.212738235
280    743.295679735
281    777.510089735
282    811.273171735
283    845.199610235
284    879.065386735
285    912.711717735
286    947.149119235
287    980.460607235
288    1014.27711673
289    1048.01399223
290    1081.89205923
291    1116.22339473
292    1149.98685323
293    1183.32059773
294    1217.86049423
295    1251.35325823
296    1284.76545173
297    1319.18423173
298    1352.95387023
299    1386.43188373
300    1420.52116123
301    1454.40683423
302    1488.25236873
303    1521.96939123
304    1555.90668423
305    1593.25082223
306    1633.79883873
307    1676.57016423
308    1723.58445173
309    1771.22793573
310    1819.97585523
311    1879.13058023
312    1939.84548523
313    2002.92227023
314    2070.68056023
315    2138.14265023
316    2205.73016523
317    2273.73758523
318    2341.25811523
319    2414.16179023
320    2498.84592523
321    2591.65928023
322    2692.79553023
323    2796.90227023
324    2905.41079023
325    3013.66365523
326    3126.08810523
327    3241.14595523
328    3356.31096523
329    3471.13333523
330    3586.65790023
331    3701.18304523
332    3816.70593523
333    3931.81617023
334    4046.72695023
335    4161.92199523
336    4277.01861023
337    4392.09396023
338    4507.06452523
339    4621.83910523
340    4737.48216023
341    4852.65041523
342    4967.38211023
343    5082.42645023
344    5197.81774523
345    5312.56247523
346    5428.68178023
347    5545.53284523
348    5670.57463023
349    5610.18763023
350    585.264130235
351    -32446.5263698
352    -144135.15637
353    -422411.87637
354    -970510.82637
355    -1622013.22637
356    -2053521.04137
357    -2341012.94137
358    -2595903.31137
359    -2817391.56637
360    -2963258.59637
361    -2995469.13137
362    -2982459.39237
363    -2974331.72887
364    -2982620.79087
365    -3004520.08437
366    -3033327.51337
367    -3061565.77787
368    -3081852.09387
369    -3090544.47487
370    -3089623.37007
371    -3082570.21807
372    -3070991.50757
373    -3057804.02357
374    -3045829.04457
375    -3037414.53607
376    -3033942.81332
377    -3035256.30297
378    -3038847.94612
379    -3043749.23677
380    -3049875.65227
381    -3056924.70877
382    -3064082.55677
383    -3068896.48597
384    -3071528.84262
385    -3072440.34082
386    -3071825.95487
387    -3070034.95217
388    -3066612.30737
389    -3062747.20677
390    -3058904.38317
391    -3055580.92317
392    -3053056.73812
393    -3051986.70702
394    -3051267.16377
395    -3052592.98867
396    -3056224.74542
397    -3059817.94637
398    -3062910.90312
399    -3066362.69867
400    -3068848.32072
401    -3069942.81977
402    -3070036.49986
403    -3069754.51076
404    -3069430.0341
405    -3068828.47765
406    -3067973.9634
407    -3066027.76425
408    -3064435.15295
409    -3063378.96305
410    -3063233.00725
411    -3063999.96105
412    -3065391.64785
413    -3066849.7375
414    -3067911.4297
415    -3068866.30495
416    -3069867.6042
417    -3070651.74925
418    -3071386.04965
419    -3072086.7587
420    -3072689.76875
421    -3073263.2539
422    -3073481.00945
423    -3073321.42272
424    -3073197.26954
425    -3072992.5853
426    -3072923.40505
427    -3073123.35797
428    -3073028.89876
429    -3072908.21445
430    -3072452.07766
431    -3072600.09855
432    -3072914.13547
433    -3073039.34867
434    -3073348.31466
435    -3073590.96065
436    -3073640.13893
437    -3073551.76734
438    -3073615.95882
439    -3073506.79492
440    -3073595.01106
441    -3073542.75317
442    -3073482.23137
443    -3073355.84932
444    -3073163.15646
445    -3072937.00354
446    -3072739.73525
447    -3072884.94705
448    -3073172.26865
449    -3073496.43338
450    -3073574.0529
451    -3073947.34063
452    -3073986.47863
453    -3074056.34196
454    -3073902.11862
455    -3073835.70757
456    -3073846.43257
457    -3073632.06976
458    -3073919.28566
459    -3074120.78971
460    -3073682.05585
461    -3073773.72351
462    -3073636.51834
463    -3073883.31615
464    -3074226.63382
465    -3074256.78533
466    -3074118.3486
467    -3073962.05416
468    -3073943.91621
469    -3074088.61876
470    -3074267.09269
471    -3074455.96852
472    -3074554.70233
473    -3074511.35441
474    -3074486.18514
475    -3074659.38876
476    -3074915.26535
477    -3074555.72023
478    -3074474.59171
479    -3074663.28759
480    -3074623.34537
481    -3074746.44033
482    -3074551.34719
483    -3074838.83263
484    -3074721.95239
485    -3074456.03497
486    -3074571.07676
487    -3074617.69836
488    -3074514.25472
489    -3074659.14597
490    -3074559.25183
491    -3074286.65187
492    -3074466.70425
493    -3074438.02101
494    -3074223.25573
495    -3074346.91395
496    -3074451.32841
497    -3074551.50467
498    -3074492.89151
499    -3073994.9949
500    -3074358.23473
501    -3074386.47388
502    -3074401.39012
503    -3074265.25576
504    -3074172.13967
505    -3074094.12089
506    -3073888.89611
507    -3073990.83026
508    -3074226.59195
509    -3074065.31148
510    -3073855.96256
511    -3074090.13901
512    -3074169.15532
513    -3074116.17855
514    -3074080.09663
515    -3073979.74692
516    -3073830.86995
517    -3073754.68635
518    -3073488.26046
519    -3073669.13447
520    -3073654.9434
521    -3073784.70055
522    -3073911.64846
523    -3073825.60432
524    -3073664.39531
525    -3073748.58028
526    -3073804.74987
527    -3074077.27366
528    -3073880.88236
529    -3073791.69698
530    -3073850.92991
531    -3073808.94797
532    -3073808.30995
533    -3073849.6163
534    -3073832.90616
535    -3073826.14237
536    -3073582.69225
537    -3073460.33842
538    -3073400.55571
539    -3073643.37556
540    -3073774.29824
541    -3073434.65247
542    -3073573.14919
543    -3074012.6753
544    -3073774.32075
545    -3073505.81363
546    -3073726.43247
547    -3073636.78184
548    -3073716.13012
549    -3073888.85795
550    -3073901.58863
551    -3073932.97524
552    -3073995.76411
553    -3074161.30999
554    -3074265.09657
555    -3073906.25191
556    -3073885.46648
557    -3073999.56244
558    -3073957.84867
559    -3073913.25114
560    -3073798.10584
561    -3073582.54663
562    -3073823.07518
563    -3073961.80165
564    -3074142.33262
565    -3074188.38114
566    -3074071.86422
567    -3073854.40414
568    -3073896.51111
569    -3073781.28757
570    -3074077.62504
571    -3073989.4927
572    -3074363.37771
573    -3074261.854
574    -3073928.22731
575    -3074223.27806
576    -3074292.40477
577    -3074060.11082
578    -3074103.86914
579    -3074326.35618
580    -3074132.19093
581    -3074103.32513
582    -3074469.0439
583    -3074391.88084
584    -3074235.76239
585    -3074276.49435
586    -3074062.66033
587    -3074260.49136
588    -3074402.9346
589    -3074473.02262
590    -3074603.95706
591    -3074211.31647
592    -3074193.08443
593    -3074327.80658
594    -3074674.67851
595    -3074776.25698
596    -3074587.87594
597    -3074746.09807
598    -3074962.18224
599    -3074842.6008
600    -3074891.36597
601    -3074589.86248
602    -3074525.25926
603    -3074833.61706
604    -3074682.85407
605    -3074983.64893
606    -3075046.65627
607    -3075020.31235
608    -3075154.34745
609    -3075384.46988
610    -3075437.4562
611    -3075479.57185
612    -3075251.68134
613    -3075297.72905
614    -3075319.56901
615    -3075224.07945
616    -3075145.72341
617    -3075067.31318
618    -3075000.12019
619    -3074836.81773
620    -3074591.7783
621    -3074586.83325
622    -3074800.0553
623    -3074770.79538
624    -3074791.29688
625    -3074814.72188
626    -3074802.23069
627    -3075081.02696
628    -3075285.01278
629    -3074926.86309
630    -3074731.36109
631    -3074866.66768
632    -3075008.33571
633    -3075093.89647
634    -3075042.31238
635    -3075160.1976
636    -3075289.6325
637    -3075183.05347
638    -3075285.27241
639    -3075163.6594
640    -3074954.95747
641    -3074748.69223
642    -3074947.62221
643    -3075088.00827
644    -3075086.19338
645    -3075414.00404
646    -3075395.91917
647    -3075499.31137
648    -3075620.29691
649    -3075570.28389
650    -3075475.55932
651    -3075432.27465
652    -3075595.47277
653    -3075504.30676
654    -3075370.57557
655    -3075384.13831
656    -3075260.15895
657    -3075217.08906
658    -3075464.28113
659    -3075567.06874
660    -3075623.75903
661    -3075409.56383
662    -3075410.26897
663    -3075557.24272
664    -3075832.53793
665    -3076160.20345
666    -3076170.90609
667    -3076252.3048
668    -3076059.09441
669    -3076208.46995
670    -3076356.25302
671    -3076480.96201
672    -3077548.85426
673    -3079869.78466
674    -3083906.10561
675    -3089392.20761
676    -3096628.78961
677    -3101925.44361
678    -3105203.71061
679    -3107547.03551
680    -3109437.11291
681    -3110994.49811
682    -3112288.59311
683    -3113400.95891
684    -3114372.37891
685    -3115237.22496
686    -3116039.30976
687    -3116789.71131
688    -3117478.34011
689    -3118112.31316
690    -3118712.10286
691    -3119288.00481
692    -3119846.62011
693    -3120384.17446
694    -3120896.51616
695    -3121389.30265
696    -3121860.41187
697    -3122303.51178
698    -3122712.92791
699    -3123103.92896
700    -3123477.02164
701    -3123843.56752
702    -3124209.06888
703    -3124566.60106
704    -3124909.1128
705    -3125239.61859
706    -3125559.20569
707    -3125867.93166
708    -3126167.833
709    -3126453.46287
710    -3126730.76024
711    -3127001.70448
712    -3127272.49708
713    -3127543.14345
714    -3127806.00448
715    -3128061.99944
716    -3128307.44583
717    -3128545.54547
718    -3128782.24094
719    -3129012.54239
720    -3129231.865
721    -3129446.01891
722    -3129655.95392
723    -3129863.21969
724    -3130064.83206
725    -3130256.73517
726    -3130446.28837
727    -3130628.36335
728    -3130789.90115
729    -3130945.75576
730    -3131101.46444
731    -3131256.56556
732    -3131398.83431
733    -3131529.52725
734    -3131657.91764
735    -3131781.60774
736    -3131903.46333
737    -3132023.46378
738    -3132138.57071
739    -3132248.80788
740    -3132357.09023
741    -3132461.37005
742    -3132562.91701
743    -3132664.4643
744    -3132766.011
745    -3132867.5578
746    -3132969.10361
747    -3133070.65068
748    -3133172.19869
749    -3133273.74437
750    -3133375.29177
751    -3133476.83739
752    -3133578.38515
753    -3133679.93228
754    -3133781.47787
755    -3133883.02532
756    -3133984.57243
757    -3134086.11854
758    -3134184.60741
759    -3134279.39124
760    -3134372.60803
761    -3134460.19852
762    -3134533.58724
763    -3134601.28563
764    -3134668.746
765    -3134730.10889
766    -3134784.70355
767    -3134838.86038
768    -3134892.64663
769    -3134931.79099
770    -3134956.29377
771    -3134976.64082
772    -3134996.9503
773    -3135017.25967
774    -3135037.56905
775    -3135057.87831
776    -3135078.18752
777    -3135098.49697
778    -3135118.80638
779    -3135139.1161
780    -3135159.42454
781    -3135179.73456
782    -3135200.04352
783    -3135220.35322
784    -3135240.66283
785    -3135260.97201
786    -3135281.28124
787    -3135301.59081
788    -3135321.12715
789    -3135335.5889
790    -3135346.60726
791    -3135353.43985
792    -3135360.20962
793    -3135366.97951
794    -3135373.74925
795    -3135380.51882
796    -3135387.289
797    -3135394.05892
798    -3135400.82821
799    -3135405.54079
800    -3135405.70489
801    -3135405.70489
802    -3135405.70489
803    -3135405.70489
804    -3135405.70489
805    -3135405.70489
806    -3135405.70489
807    -3135405.70489
808    -3135405.70489
809    -3135405.70489
810    -3135405.70489
811    -3135405.70489
812    -3135405.70489
813    -3135405.70489
814    -3135405.70489
815    -3135405.70489
816    -3135405.70489
817    -3135405.70489
818    -3135405.70489
819    -3135405.70489
820    -3135405.70489
821    -3135405.70489
822    -3135405.70489
823    -3135405.70489
824    -3135405.70489
825    -3135405.70489
826    -3135405.70489
827    -3135405.70489
828    -3135405.70489
829    -3135405.70489
830    -3135405.70489
831    -3135405.70489
832    -3135405.70489
833    -3135405.70489
834    -3135405.70489
835    -3135405.70489
836    -3135405.70489
837    -3135405.70489
838    -3135405.70489
839    -3135405.70489
840    -3135405.70489
841    -3135405.70489
842    -3135405.70489
843    -3135405.70489
844    -3135405.70489
845    -3135405.70489
846    -3135405.70489
847    -3135405.70489
848    -3135405.70489
849    -3135405.70489
850    -3135405.70489
851    -3135405.70489
852    -3135405.70489
853    -3135405.70489
854    -3135405.70489
855    -3135405.70489
856    -3135405.70489
857    -3135405.70489
858    -3135405.70489
859    -3135405.70489
860    -3135405.70489
861    -3135405.70489
862    -3135405.70488
863    -3135405.70488
864    -3135405.70488
865    -3135405.70488
866    -3135405.70488
867    -3135405.70488
868    -3135405.70488
869    -3135405.70488
870    -3135405.70488
871    -3135405.70488
872    -3135405.70488
873    -3135405.70488
874    -3135405.70488
875    -3135405.70488
876    -3135405.70488
877    -3135405.70489
878    -3135405.70489
879    -3135405.70489
880    -3135405.70489
881    -3135405.70489
882    -3135405.70489
883    -3135405.70489
884    -3135405.70489
885    -3135405.70489
886    -3135405.70489
887    -3135405.70489
888    -3135405.70489
889    -3135405.70489
890    -3135405.70489
891    -3135405.70489
892    -3135405.70489
893    -3135405.70489
894    -3135405.70489
895    -3135405.70489
896    -3135405.70489
897    -3135405.70489
898    -3135405.70489
899    -3135405.70489
900    -3135405.70489
901    -3135405.70489
902    -3135405.70489
903    -3135405.70489
904    -3135405.70489
905    -3135405.70489
906    -3135405.70489
907    -3135405.70489
908    -3135405.70489
909    -3135405.70489
910    -3135405.70489
911    -3135405.70489
912    -3135405.70489
913    -3135405.70489
914    -3135405.70489
915    -3135405.70489
916    -3135405.70489
917    -3135405.70489
918    -3135405.70489
919    -3135405.70489
920    -3135405.70489
921    -3135405.70489
922    -3135405.70489
923    -3135405.70489
924    -3135405.70489
925    -3135405.70489
926    -3135405.70489
927    -3135405.70489
928    -3135405.70489
929    -3135405.70489
930    -3135405.70489
931    -3135405.70489
932    -3135405.70489
933    -3135405.70489
934    -3135405.70489
935    -3135405.70489
936    -3135405.70489
937    -3135405.70489
938    -3135405.70489
939    -3135405.70489
940    -3135405.70489
941    -3135405.70489
942    -3135405.70489
943    -3135405.70489
944    -3135405.70489
945    -3135405.70489
946    -3135405.70489
947    -3135405.70489
948    -3135405.70489
949    -3135405.70489
950    -3135405.70489
951    -3135405.70489
952    -3135405.70489
953    -3135405.70489
954    -3135405.70489
955    -3135405.70489
956    -3135405.70489
957    -3135405.70489
958    -3135405.70489
959    -3135405.70489
960    -3135405.70489
961    -3135405.70489
962    -3135405.70489
963    -3135405.70489
964    -3135405.70489
965    -3135405.70489
966    -3135405.70489
967    -3135405.70489
968    -3135405.70489
969    -3135405.70489
970    -3135405.70489
971    -3135405.70489
972    -3135405.70489
973    -3135405.70489
974    -3135405.70489
975    -3135405.70489
976    -3135405.70489
977    -3135405.70489
978    -3135405.70489
979    -3135405.70489
980    -3135405.70489
981    -3135405.70489
982    -3135405.70489
983    -3135405.70489
984    -3135405.70489
985    -3135405.70489
986    -3135405.70489
987    -3135405.70489
988    -3135405.70489
989    -3135405.70489
990    -3135405.70489
991    -3135405.70489
992    -3135405.70489
993    -3135405.70489
994    -3135405.70489
995    -3135405.70489
996    -3135405.70489
997    -3135405.70489
998    -3135405.70489
999    -3135405.70489
1000    -3135405.70489
1001    -3135405.70489
1002    -3135405.70489
1003    -3135405.70489
1004    -3135405.70489
1005    -3135405.70489
1006    -3135405.70489
1007    -3135405.70489
1008    -3135405.70489
1009    -3135405.70489
1010    -3135405.70489
1011    -3135405.70489
1012    -3135405.70489
1013    -3135405.70489
1014    -3135405.70489
1015    -3135405.70489
1016    -3135405.70489
1017    -3135405.70489
1018    -3135405.70489
1019    -3135405.70489
1020    -3135405.70489
1021    -3135405.70489
1022    -3135405.70489
1023    -3135405.70489
1024    -3135405.70489
