#x,Ay
1    -0
2    -1.2976215e-08
3    -3.47543915e-07
4    -2.10526265e-07
5    -1.64132815e-07
6    -5.7009265e-08
7    6.9654185e-08
8    -4.5317865e-08
9    -4.16418965e-07
10    -1.45382065e-07
11    -1.22103945e-07
12    -9.7215425e-08
13    -2.08478325e-07
14    -1.51364375e-07
15    -2.11571225e-07
16    -3.52518975e-07
17    -5.50045775e-07
18    -5.93590505e-07
19    -5.73893635e-07
20    -4.88176185e-07
21    -2.48383685e-07
22    -3.03753535e-07
23    -3.4151943e-07
24    -2.9687009e-07
25    -2.8277764e-07
26    -1.848904e-08
27    1.8789426e-07
28    2.1319555e-07
29    3.617883e-07
30    5.347347e-07
31    6.1266175e-07
32    7.060533e-07
33    7.094601385e-07
34    9.101495885e-07
35    1.0943513385e-06
36    1.3377483885e-06
37    1.2230699385e-06
38    1.1589562885e-06
39    1.0116367385e-06
40    8.847581885e-07
41    8.334346885e-07
42    7.375374385e-07
43    8.950426385e-07
44    7.811635885e-07
45    5.213137385e-07
46    4.570721885e-07
47    3.166476885e-07
48    5.381734885e-07
49    4.624091385e-07
50    5.027563235e-07
51    4.303559235e-07
52    3.816137335e-07
53    5.448163835e-07
54    7.539589835e-07
55    9.189522335e-07
56    1.0625742835e-06
57    1.2428459835e-06
58    1.4383263835e-06
59    1.4375124665e-06
60    1.3257961165e-06
61    1.1214788665e-06
62    1.1932666165e-06
63    1.1471536765e-06
64    1.0574829265e-06
65    9.474641765e-07
66    1.2360105265e-06
67    1.2065001065e-06
68    1.0760170565e-06
69    1.1391424065e-06
70    1.4073175065e-06
71    1.7460943565e-06
72    1.7977899065e-06
73    1.8869955565e-06
74    1.8370993415e-06
75    1.6248754915e-06
76    1.8909343915e-06
77    1.6831056915e-06
78    1.6201780415e-06
79    1.5255307415e-06
80    1.5603200165e-06
81    1.3809552665e-06
82    1.4955552165e-06
83    1.5577619665e-06
84    1.7178484665e-06
85    1.6913321115e-06
86    1.4768990115e-06
87    1.3791588115e-06
88    1.8640692115e-06
89    2.1524760115e-06
90    2.1988927165e-06
91    2.0274578665e-06
92    2.2510301165e-06
93    2.4663701665e-06
94    2.2026832665e-06
95    2.1147566165e-06
96    2.1214714565e-06
97    2.2595617565e-06
98    2.3496046065e-06
99    2.2471822065e-06
100    2.1900479065e-06
101    2.0562917565e-06
102    2.0575707755e-06
103    2.1405441255e-06
104    1.9555284255e-06
105    1.6981552255e-06
106    1.7353630055e-06
107    1.8263360555e-06
108    1.4692576055e-06
109    1.5234182055e-06
110    1.8486142055e-06
111    1.9344537055e-06
112    1.9488135855e-06
113    2.1319688855e-06
114    1.9875096855e-06
115    1.9863934515e-06
116    2.0997376515e-06
117    2.2951366515e-06
118    2.1710058015e-06
119    2.2467352515e-06
120    2.0907271015e-06
121    2.3250896015e-06
122    2.4882573515e-06
123    2.6458323015e-06
124    2.64448352e-06
125    2.52058162e-06
126    2.43439912e-06
127    2.13905072e-06
128    2.13951581504e-06
129    1.95109326504e-06
130    1.98090600004e-06
131    1.66966290004e-06
132    1.44735805004e-06
133    1.54741210004e-06
134    1.41620815004e-06
135    1.30293370004e-06
136    1.37409940004e-06
137    1.54462585004e-06
138    1.35158725004e-06
139    1.51558055004e-06
140    1.50379033004e-06
141    1.44508343004e-06
142    1.41071274504e-06
143    1.49256984504e-06
144    1.65145869504e-06
145    1.62464584004e-06
146    1.44163004004e-06
147    1.45655966004e-06
148    1.75843106004e-06
149    2.16286826004e-06
150    2.00282826004e-06
151    2.02797839504e-06
152    1.86194449504e-06
153    1.79482514504e-06
154    1.70754384504e-06
155    1.64443014504e-06
156    1.59662396504e-06
157    1.39055096504e-06
158    1.23074356504e-06
159    9.72774465045e-07
160    9.51810200045e-07
161    8.82418300045e-07
162    8.46477920045e-07
163    8.28967005045e-07
164    1.03472605504e-06
165    1.03745849804e-06
166    9.38741598045e-07
167    8.17013998045e-07
168    8.07456258045e-07
169    1.01693605804e-06
170    1.14340765804e-06
171    9.33509258045e-07
172    6.56183358045e-07
173    5.54007308045e-07
174    6.11586358045e-07
175    4.28710108045e-07
176    2.48484908045e-07
177    3.5402058045e-08
178    2.88351008045e-07
179    4.63222508045e-07
180    5.59916208045e-07
181    6.94980458045e-07
182    9.35380508045e-07
183    1.09029275804e-06
184    1.07822349804e-06
185    1.13875589804e-06
186    9.01242348045e-07
187    1.21075294804e-06
188    9.60995698045e-07
189    1.04941649804e-06
190    7.16174298045e-07
191    7.34871203045e-07
192    7.16290553045e-07
193    5.93249053045e-07
194    3.20109053045e-07
195    3.22643833045e-07
196    5.80092633045e-07
197    5.20653183045e-07
198    7.25272733045e-07
199    6.27020933045e-07
200    8.29617283045e-07
201    1.17127773304e-06
202    1.27643623304e-06
203    1.31015578304e-06
204    1.31238824854e-06
205    1.35160756854e-06
206    1.31937487854e-06
207    1.18503152854e-06
208    1.10801142854e-06
209    1.32178177854e-06
210    1.44256172854e-06
211    1.44814288854e-06
212    1.16434053854e-06
213    1.17485173354e-06
214    1.26435968354e-06
215    1.18022358354e-06
216    1.27691733354e-06
217    1.11799798354e-06
218    9.19959583545e-07
219    1.38585438354e-06
220    1.44417758354e-06
221    1.48426897354e-06
222    1.45690308854e-06
223    1.42676479354e-06
224    1.37155774354e-06
225    1.34279147854e-06
226    1.50405337854e-06
227    1.48039154354e-06
228    1.46653165354e-06
229    1.62071140354e-06
230    1.90749040354e-06
231    1.79227415354e-06
232    1.64860560354e-06
233    1.82004625354e-06
234    1.94832010354e-06
235    1.85567275354e-06
236    2.00738750354e-06
237    1.77209480354e-06
238    1.59133475354e-06
239    1.85030095354e-06
240    1.91360070354e-06
241    1.80859335354e-06
242    1.80743350754e-06
243    1.64841675754e-06
244    1.49824845754e-06
245    1.49218812754e-06
246    1.28425477754e-06
247    1.29490551254e-06
248    1.06662996254e-06
249    1.03200346254e-06
250    -0.000209418446537
251    0.000278906503463
252    0.000803914003463
253    0.00383426500346
254    -0.00253448999654
255    0.00357917000346
256    -0.00608355999654
257    0.000795040003463
258    0.00356132500346
259    -0.00120367549654
260    -0.00224490549654
261    -0.00634162999654
262    0.000830710003463
263    0.0480577100035
264    -0.0515787099965
265    0.0411257900035
266    -0.0916651199965
267    1.15561598
268    19.13384698
269    73.07045198
270    164.02914698
271    267.34158198
272    375.28507698
273    483.47103698
274    591.95606698
275    700.20763198
276    808.60293698
277    916.74720698
278    1029.14944198
279    1144.89712698
280    1259.25720198
281    1374.66807198
282    1489.67134198
283    1606.49206698
284    1728.03948698
285    1849.71344198
286    1974.14184198
287    2105.30210198
288    2244.31301198
289    2392.71878198
290    2541.73455698
291    2690.52537198
292    2839.72009198
293    2988.44985698
294    3137.88820698
295    3292.10859698
296    3447.54967698
297    3603.56975698
298    3765.19095198
299    3934.15620698
300    4103.44086698
301    4272.83030198
302    4446.88204198
303    4622.88277698
304    4798.88517198
305    4975.88289698
306    5157.90858198
307    5340.61400198
308    5523.49790198
309    5710.00520698
310    5904.49209198
311    6100.75709198
312    6297.13254198
313    6495.87351198
314    6707.19858198
315    6923.72291198
316    7144.30987698
317    7368.10540698
318    7598.37333198
319    7836.72854198
320    8080.18097698
321    8323.88638198
322    8569.07310698
323    8819.19174198
324    9069.66558198
325    9320.15902198
326    9570.63958198
327    9821.14066198
328    10071.584522
329    10322.093692
330    10572.561837
331    10823.043562
332    11073.529422
333    11324.043012
334    11574.484882
335    11824.980697
336    12075.489292
337    12325.922502
338    12576.436382
339    12826.904142
340    13077.485052
341    13327.808857
342    13578.369717
343    13828.807492
344    14079.435077
345    14329.891467
346    14580.588377
347    14831.801892
348    15085.127042
349    15302.272527
350    12917.044427
351    -12645.712573
352    -118204.042573
353    -345963.662573
354    -587358.042573
355    -743169.517573
356    -806344.332573
357    -813611.142573
358    -809725.282423
359    -814728.023923
360    -831686.708923
361    -855364.574923
362    -877063.295423
363    -890894.512423
364    -894653.596423
365    -894551.959373
366    -893700.558423
367    -893010.381873
368    -893182.163013
369    -893210.616694
370    -893360.809264
371    -893540.477189
372    -893572.974292
373    -894277.800542
374    -894941.310542
375    -895646.834592
376    -895900.097622
377    -896112.313182
378    -896283.491382
379    -896101.556567
380    -896219.444792
381    -896357.413637
382    -896477.400347
383    -896768.008537
384    -896475.334777
385    -896661.230897
386    -896808.821267
387    -896804.257259
388    -897135.359469
389    -897306.883729
390    -897620.501954
391    -897980.826089
392    -897958.005563
393    -897762.629228
394    -897774.881692
395    -897987.761482
396    -897990.71636
397    -898204.94703
398    -898307.762355
399    -898358.47579
400    -898407.829298
401    -898537.412598
402    -898599.127938
403    -898313.560923
404    -898530.067538
405    -898657.970588
406    -898825.675438
407    -899060.630783
408    -899057.777332
409    -898987.880757
410    -899219.923252
411    -899429.779007
412    -899171.261132
413    -898972.444302
414    -898691.010087
415    -898987.752937
416    -898867.591082
417    -898988.128087
418    -898778.498577
419    -898668.468692
420    -898723.759152
421    -898744.972198
422    -898801.682403
423    -899113.299138
424    -899244.664483
425    -899144.357448
426    -898913.153893
427    -899318.928723
428    -899101.812438
429    -898938.886378
430    -898784.087163
431    -898653.411848
432    -898939.319858
433    -898825.877533
434    -899041.233233
435    -898920.122553
436    -899002.308523
437    -899057.980338
438    -899007.409653
439    -898942.686238
440    -898838.055493
441    -898814.894966
442    -898740.983211
443    -898560.025516
444    -898611.360131
445    -898520.916551
446    -898482.208762
447    -898510.360117
448    -898725.855982
449    -898694.17346
450    -898343.00298
451    -898465.71234
452    -898617.1999
453    -898774.799275
454    -898820.469066
455    -898943.335476
456    -898954.209256
457    -898849.859356
458    -898756.248766
459    -899087.851586
460    -899018.113161
461    -898938.304491
462    -898903.690875
463    -898943.59531
464    -899109.796
465    -899145.57811
466    -899096.522504
467    -898915.268194
468    -899180.105479
469    -898999.652104
470    -899241.153204
471    -899205.46639
472    -898962.230265
473    -898840.03354
474    -899243.07515
475    -899317.25144
476    -899285.89421
477    -899282.293905
478    -899202.65277
479    -899368.295715
480    -899329.893032
481    -899334.06974
482    -899326.888787
483    -899522.952512
484    -899314.847962
485    -899345.509412
486    -899498.500277
487    -899604.263902
488    -899505.908427
489    -899748.996342
490    -899900.660677
491    -899877.99955
492    -899979.846715
493    -899994.870258
494    -899868.064243
495    -900059.292948
496    -899787.936758
497    -900197.195603
498    -900145.368973
499    -900114.50784
500    -900143.690255
501    -900151.930137
502    -900328.216182
503    -900563.522147
504    -900438.679762
505    -900321.733957
506    -900469.478692
507    -900698.563222
508    -900469.222532
509    -900615.910192
510    -900450.698942
511    -900532.784737
512    -900367.356677
513    -900533.873227
514    -900725.468442
515    -900811.967127
516    -900742.301822
517    -900768.470549
518    -901017.022404
519    -901024.925138
520    -901190.912853
521    -900832.246083
522    -900979.628578
523    -900833.838593
524    -900680.958598
525    -900822.760778
526    -900830.716293
527    -900909.977663
528    -900998.453743
529    -901041.420363
530    -900895.266193
531    -900808.825778
532    -901029.512583
533    -901230.738268
534    -901144.757708
535    -901234.198958
536    -901227.66091
537    -901276.944981
538    -901554.559161
539    -901316.069256
540    -901216.938251
541    -901103.086911
542    -900977.432301
543    -900892.184066
544    -901045.651941
545    -901020.392643
546    -900958.385343
547    -901095.150263
548    -901255.392173
549    -901167.669483
550    -901004.512278
551    -900805.206838
552    -900760.207696
553    -900730.854388
554    -900707.527747
555    -900810.701012
556    -900967.362907
557    -901049.282257
558    -900997.299077
559    -901061.107942
560    -901239.497137
561    -900850.463072
562    -900566.786972
563    -900834.795522
564    -900870.509217
565    -900921.703037
566    -901026.004627
567    -900708.358497
568    -900949.929212
569    -900905.767594
570    -900933.996814
571    -900810.545924
572    -900923.127064
573    -900636.143099
574    -901047.674689
575    -900854.586609
576    -900919.170364
577    -901051.689789
578    -900995.287779
579    -900766.059909
580    -900574.869994
581    -900620.501943
582    -900762.729483
583    -900771.529482
584    -900807.028362
585    -900870.695392
586    -900449.353182
587    -900695.190967
588    -900949.671267
589    -900876.447127
590    -900804.351467
591    -900550.574242
592    -900457.102487
593    -900954.258827
594    -900845.268157
595    -900612.124167
596    -900491.414667
597    -900579.236667
598    -900403.944212
599    -900663.487517
600    -900685.91378
601    -900721.770361
602    -900540.697876
603    -900677.451366
604    -900924.425911
605    -900779.613326
606    -900521.773956
607    -900648.397641
608    -900269.478891
609    -900095.806216
610    -900217.748736
611    -900043.848016
612    -900128.443011
613    -900316.271256
614    -900385.540016
615    -900173.047256
616    -900510.234586
617    -900596.886246
618    -900648.025466
619    -900360.355891
620    -900711.085966
621    -900609.561996
622    -900633.21314
623    -900437.52965
624    -900502.334465
625    -900269.403055
626    -900312.61629
627    -900410.020655
628    -900721.128505
629    -900524.52876
630    -900363.29618
631    -900505.44915
632    -900596.20105
633    -900679.089535
634    -900645.254363
635    -900605.113952
636    -900453.471247
637    -900344.455297
638    -900554.866757
639    -900704.369577
640    -900922.745112
641    -901047.958747
642    -900927.380577
643    -901062.679917
644    -900867.644922
645    -900933.173842
646    -900630.895227
647    -900846.729092
648    -900886.051944
649    -900559.632919
650    -900470.702474
651    -900523.815484
652    -900526.348189
653    -900771.948939
654    -901012.322534
655    -900847.434264
656    -900703.462824
657    -900642.305864
658    -900857.964789
659    -900781.694504
660    -901070.758299
661    -901009.255939
662    -900909.036589
663    -900715.440769
664    -900630.671939
665    -900556.854639
666    -900582.910316
667    -900389.367396
668    -900396.31856
669    -900434.601248
670    -900445.917141
671    -900709.922566
672    -901606.988016
673    -904100.331016
674    -908252.828966
675    -914930.399466
676    -922215.500466
677    -926812.729616
678    -929804.145916
679    -932024.960416
680    -933781.153166
681    -935263.540116
682    -936559.959016
683    -937702.867616
684    -938725.663216
685    -939653.381066
686    -940499.620716
687    -941283.223666
688    -942011.468716
689    -942689.198666
690    -943310.361866
691    -943889.382466
692    -944440.379366
693    -944927.466961
694    -945381.651636
695    -945820.402541
696    -946240.487361
697    -946635.648101
698    -947020.631876
699    -947398.564801
700    -947766.592531
701    -948125.544056
702    -948476.879276
703    -948818.521351
704    -949143.024536
705    -949454.728026
706    -949760.272896
707    -950063.375361
708    -950357.822651
709    -950635.579661
710    -950898.255301
711    -951155.249931
712    -951407.517596
713    -951657.722636
714    -951903.160976
715    -952146.796996
716    -952384.749731
717    -952615.340646
718    -952845.514731
719    -953075.007326
720    -953299.344121
721    -953518.024931
722    -953729.570406
723    -953933.244701
724    -954124.673391
725    -954314.228836
726    -954499.377436
727    -954666.157051
728    -954822.212511
729    -954977.915666
730    -955130.592151
731    -955273.512376
732    -955407.997121
733    -955536.445101
734    -955660.315586
735    -955781.935751
736    -955895.931576
737    -955999.082456
738    -956100.628121
739    -956202.175526
740    -956303.722811
741    -956405.268641
742    -956506.815596
743    -956608.362891
744    -956709.909591
745    -956811.456386
746    -956913.002196
747    -957014.549266
748    -957116.097276
749    -957217.642961
750    -957319.190356
751    -957420.735981
752    -957521.963796
753    -957618.364651
754    -957713.140306
755    -957807.726131
756    -957894.070416
757    -957963.511466
758    -958027.965066
759    -958083.498571
760    -958137.657796
761    -958191.815441
762    -958240.635665
763    -958270.84986
764    -958296.510191
765    -958317.239801
766    -958337.54957
767    -958357.858238
768    -958378.168067
769    -958398.477957
770    -958418.786236
771    -958439.09596
772    -958459.405439
773    -958479.714813
774    -958500.024191
775    -958520.333453
776    -958540.642659
777    -958560.952111
778    -958581.261523
779    -958600.861501
780    -958615.394627
781    -958628.934799
782    -958639.723237
783    -958646.525491
784    -958653.295265
785    -958660.065433
786    -958666.835077
787    -958673.605045
788    -958680.374935
789    -958687.144065
790    -958690.457211
791    -958690.457211
792    -958690.457211
793    -958690.457211
794    -958690.457211
795    -958690.457211
796    -958690.45721
797    -958690.45721
798    -958690.45721
799    -958690.45721
800    -958690.45721
801    -958690.45721
802    -958690.45721
803    -958690.457209
804    -958690.457209
805    -958690.457209
806    -958690.45721
807    -958690.457209
808    -958690.457209
809    -958690.457209
810    -958690.457209
811    -958690.457209
812    -958690.457209
813    -958690.457209
814    -958690.457209
815    -958690.457209
816    -958690.457209
817    -958690.457208
818    -958690.457208
819    -958690.457209
820    -958690.457208
821    -958690.457209
822    -958690.457209
823    -958690.457209
824    -958690.457209
825    -958690.457209
826    -958690.457209
827    -958690.45721
828    -958690.45721
829    -958690.45721
830    -958690.45721
831    -958690.45721
832    -958690.45721
833    -958690.45721
834    -958690.45721
835    -958690.45721
836    -958690.45721
837    -958690.45721
838    -958690.45721
839    -958690.45721
840    -958690.45721
841    -958690.45721
842    -958690.45721
843    -958690.45721
844    -958690.45721
845    -958690.45721
846    -958690.45721
847    -958690.457209
848    -958690.45721
849    -958690.45721
850    -958690.45721
851    -958690.45721
852    -958690.45721
853    -958690.45721
854    -958690.45721
855    -958690.45721
856    -958690.45721
857    -958690.45721
858    -958690.45721
859    -958690.457211
860    -958690.457211
861    -958690.457211
862    -958690.457211
863    -958690.457211
864    -958690.457211
865    -958690.457211
866    -958690.457211
867    -958690.457211
868    -958690.457211
869    -958690.457211
870    -958690.457211
871    -958690.457211
872    -958690.457211
873    -958690.457211
874    -958690.457211
875    -958690.457211
876    -958690.457211
877    -958690.457211
878    -958690.457211
879    -958690.457211
880    -958690.457211
881    -958690.457211
882    -958690.457211
883    -958690.457211
884    -958690.457211
885    -958690.457211
886    -958690.457211
887    -958690.457211
888    -958690.457212
889    -958690.457211
890    -958690.457211
891    -958690.457211
892    -958690.457211
893    -958690.457212
894    -958690.457211
895    -958690.457212
896    -958690.457211
897    -958690.457212
898    -958690.457212
899    -958690.457212
900    -958690.457212
901    -958690.457212
902    -958690.457212
903    -958690.457212
904    -958690.457211
905    -958690.457211
906    -958690.457211
907    -958690.457211
908    -958690.457211
909    -958690.457211
910    -958690.457211
911    -958690.457211
912    -958690.457211
913    -958690.457211
914    -958690.457211
915    -958690.457211
916    -958690.457211
917    -958690.457211
918    -958690.457212
919    -958690.457212
920    -958690.457211
921    -958690.457211
922    -958690.457211
923    -958690.457211
924    -958690.457211
925    -958690.457211
926    -958690.457211
927    -958690.457211
928    -958690.45721
929    -958690.45721
930    -958690.45721
931    -958690.45721
932    -958690.45721
933    -958690.45721
934    -958690.45721
935    -958690.45721
936    -958690.45721
937    -958690.45721
938    -958690.45721
939    -958690.45721
940    -958690.45721
941    -958690.45721
942    -958690.457209
943    -958690.45721
944    -958690.45721
945    -958690.45721
946    -958690.45721
947    -958690.45721
948    -958690.457209
949    -958690.457209
950    -958690.457209
951    -958690.457209
952    -958690.457209
953    -958690.457209
954    -958690.457208
955    -958690.457208
956    -958690.457208
957    -958690.457209
958    -958690.457209
959    -958690.457208
960    -958690.457209
961    -958690.457209
962    -958690.457209
963    -958690.457209
964    -958690.457209
965    -958690.457209
966    -958690.457209
967    -958690.457209
968    -958690.457209
969    -958690.457209
970    -958690.457209
971    -958690.457209
972    -958690.457208
973    -958690.457208
974    -958690.457208
975    -958690.457208
976    -958690.457208
977    -958690.457208
978    -958690.457208
979    -958690.457208
980    -958690.457208
981    -958690.457208
982    -958690.457208
983    -958690.457208
984    -958690.457208
985    -958690.457208
986    -958690.457207
987    -958690.457207
988    -958690.457208
989    -958690.457208
990    -958690.457208
991    -958690.457208
992    -958690.457208
993    -958690.457208
994    -958690.457208
995    -958690.457208
996    -958690.457208
997    -958690.457207
998    -958690.457207
999    -958690.457207
1000    -958690.457207
1001    -958690.457206
1002    -958690.457206
1003    -958690.457206
1004    -958690.457206
1005    -958690.457206
1006    -958690.457206
1007    -958690.457206
1008    -958690.457206
1009    -958690.457206
1010    -958690.457206
1011    -958690.457207
1012    -958690.457206
1013    -958690.457206
1014    -958690.457206
1015    -958690.457205
1016    -958690.457205
1017    -958690.457205
1018    -958690.457205
1019    -958690.457205
1020    -958690.457205
1021    -958690.457205
1022    -958690.457205
1023    -958690.457206
1024    -958690.457206
