#x,Ay
1    -0
2    -4.767829e-08
3    -6.1839055e-08
4    1.88290245e-07
5    -7.2861855e-08
6    -1.49390705e-07
7    -3.60265805e-07
8    -4.0956612e-07
9    -6.8297352e-07
10    -6.475331e-07
11    -5.475488e-07
12    -8.2885125e-07
13    -1.1248159e-06
14    -1.3520624e-06
15    -1.30025055e-06
16    -1.4335707e-06
17    -1.435739216e-06
18    -1.083696216e-06
19    -9.09610316e-07
20    -8.24660316e-07
21    -1.013117716e-06
22    -9.31934966e-07
23    -1.119648216e-06
24    -8.12120066e-07
25    -8.87657666e-07
26    -9.39469516e-07
27    -1.112945016e-06
28    -1.181930566e-06
29    -1.136211511e-06
30    -1.177233091e-06
31    -9.61939591e-07
32    -8.15736241e-07
33    -8.63362196e-07
34    -1.064830696e-06
35    -9.80648096e-07
36    -9.79020256e-07
37    -9.04837256e-07
38    -1.034227306e-06
39    -9.90505256e-07
40    -7.76560506e-07
41    -9.65924856e-07
42    -1.073966956e-06
43    -1.401883806e-06
44    -1.389581991e-06
45    -1.543250141e-06
46    -1.478648141e-06
47    -1.231995441e-06
48    -1.282039891e-06
49    -1.072560091e-06
50    -7.88060091e-07
51    -9.62666341e-07
52    -9.27318946e-07
53    -8.80472036e-07
54    -7.69645186e-07
55    -8.49362836e-07
56    -8.54930916e-07
57    -7.82840866e-07
58    -1.259542316e-06
59    -1.213776736e-06
60    -1.141029686e-06
61    -8.80331036e-07
62    -9.96442586e-07
63    -1.043324396e-06
64    -7.86451146e-07
65    -5.72738946e-07
66    -1.73755246e-07
67    2.4190154e-08
68    4.50498304e-07
69    3.98360904e-07
70    2.56203904e-07
71    4.48637904e-07
72    7.21806954e-07
73    7.25330062e-07
74    7.02354257e-07
75    7.78351157e-07
76    7.50430787e-07
77    9.25074837e-07
78    8.37590037e-07
79    1.002405987e-06
80    7.76182687e-07
81    7.05673937e-07
82    6.95145292e-07
83    3.50136142e-07
84    3.06882092e-07
85    4.04683342e-07
86    1.52670392e-07
87    4.72070142e-07
88    4.28537037e-07
89    4.72953827e-07
90    7.26048127e-07
91    8.76553627e-07
92    8.33067037e-07
93    8.76321082e-07
94    1.026442882e-06
95    1.042732907e-06
96    9.85118957e-07
97    9.51911027e-07
98    8.86471827e-07
99    6.51173327e-07
100    5.49215277e-07
101    5.445817575e-07
102    5.947657575e-07
103    6.602863075e-07
104    8.856520575e-07
105    1.0133329075e-06
106    9.573584575e-07
107    7.998765075e-07
108    8.596647575e-07
109    8.729432775e-07
110    9.303711775e-07
111    1.0534824275e-06
112    1.2871938275e-06
113    1.2215337275e-06
114    1.2586019775e-06
115    1.2003718275e-06
116    1.1720474025e-06
117    1.2803336525e-06
118    1.6255463025e-06
119    1.8337936025e-06
120    2.2030110525e-06
121    2.2198475775e-06
122    2.5867860775e-06
123    2.2874029775e-06
124    1.9601605275e-06
125    2.3206457775e-06
126    2.2341660275e-06
127    2.5532692775e-06
128    2.3940664775e-06
129    2.4102053525e-06
130    2.4662961025e-06
131    2.5666430025e-06
132    2.4247883525e-06
133    2.2620159525e-06
134    2.8541314525e-06
135    2.8244815075e-06
136    2.8017382425e-06
137    2.7824715925e-06
138    3.0589602925e-06
139    2.9426394925e-06
140    3.0924007925e-06
141    2.9880096925e-06
142    3.0141016325e-06
143    2.8153655325e-06
144    2.9258261325e-06
145    2.9597317225e-06
146    3.1772111725e-06
147    3.1000050225e-06
148    2.8897112725e-06
149    2.5790030225e-06
150    2.3389663225e-06
151    2.2226920225e-06
152    1.7662978725e-06
153    1.9919630725e-06
154    1.7765532725e-06
155    1.8133889775e-06
156    1.2517024775e-06
157    1.4656937275e-06
158    1.4923670525e-06
159    1.2584231525e-06
160    1.3493031525e-06
161    1.2254710025e-06
162    1.22565704916e-06
163    1.49597159916e-06
164    1.32265889916e-06
165    1.75387384916e-06
166    1.79310188916e-06
167    1.70566358916e-06
168    1.56594838916e-06
169    1.41466388916e-06
170    1.18774873916e-06
171    1.20929600916e-06
172    1.10269570916e-06
173    1.07436547916e-06
174    8.5586277916e-07
175    7.2084502916e-07
176    1.18110527916e-06
177    9.7867167916e-07
178    1.60645417916e-06
179    1.85016517916e-06
180    2.21216202916e-06
181    2.33364542916e-06
182    2.38824782916e-06
183    2.23685867916e-06
184    1.72832117916e-06
185    1.47968017916e-06
186    1.54757272916e-06
187    1.06396457916e-06
188    1.31325672916e-06
189    1.27656056416e-06
190    1.13472916416e-06
191    8.1437021416e-07
192    5.6840351416e-07
193    4.8304651416e-07
194    4.1542136416e-07
195    2.3870761416e-07
196    5.0809196416e-07
197    6.2159896416e-07
198    1.06275531416e-06
199    1.66149831416e-06
200    1.34081371416e-06
201    1.68426481416e-06
202    2.02394861416e-06
203    1.54541001416e-06
204    1.54084770616e-06
205    1.75947830616e-06
206    2.42431180616e-06
207    2.85261990616e-06
208    2.48407685616e-06
209    2.75550760616e-06
210    3.25469650616e-06
211    2.93022145616e-06
212    3.17488585616e-06
213    3.06428575616e-06
214    2.79090160616e-06
215    2.94682330616e-06
216    2.51856175616e-06
217    2.97636865616e-06
218    3.07059735616e-06
219    2.93771905616e-06
220    2.81990410616e-06
221    3.14472800616e-06
222    3.60968575616e-06
223    3.38690415616e-06
224    3.63795205616e-06
225    3.24899120616e-06
226    3.25998638616e-06
227    3.23561531616e-06
228    2.70698581616e-06
229    2.86090971616e-06
230    3.21698816616e-06
231    2.29184016616e-06
232    2.27578849616e-06
233    2.79504049616e-06
234    2.48584384616e-06
235    2.33112919616e-06
236    2.11357989616e-06
237    2.19334409616e-06
238    2.32952459616e-06
239    2.59807179616e-06
240    2.40840514616e-06
241    9.5578214616e-07
242    4.7524364616e-07
243    6.2426079616e-07
244    -4.401420384e-08
245    -5.2984325384e-07
246    -4.8514160384e-07
247    -1.41580110384e-06
248    -1.03814210384e-06
249    -6.1685705384e-07
250    -0.000211430357054
251    0.000276882592946
252    0.000802446092946
253    0.00383394709295
254    -0.00253499290705
255    0.00270228209295
256    -0.00711347790705
257    -0.0112511684071
258    -0.0276060934071
259    -0.0156806084071
260    -0.0359002834071
261    -0.208555243407
262    -0.0539826434071
263    0.156430096593
264    -0.0446869634071
265    -0.108108263407
266    0.302528656593
267    0.107040996593
268    0.0438415665929
269    0.0637512015929
270    0.137955641593
271    0.154646416593
272    0.281312706593
273    -0.277380943407
274    0.738663556593
275    7.24314505659
276    13.7410015566
277    20.1739940566
278    26.6917830566
279    36.1215775566
280    54.8379590566
281    81.5458400566
282    108.569671057
283    135.738252057
284    162.789703057
285    189.744311557
286    217.304749557
287    247.624015057
288    281.180141557
289    315.331266057
290    348.788822557
291    383.488173557
292    416.938434057
293    450.487305557
294    484.921760557
295    518.464086557
296    551.794772057
297    587.847984057
298    628.060896557
299    668.264398557
300    709.152892557
301    749.794712557
302    790.417934557
303    830.913450557
304    871.607960557
305    912.296741557
306    952.849389057
307    993.561430057
308    1033.97844106
309    1074.99920756
310    1120.08590206
311    1167.66531956
312    1214.85487456
313    1262.34487156
314    1309.87998556
315    1357.06406756
316    1404.35377006
317    1452.05879156
318    1499.23277156
319    1546.78550906
320    1593.98236556
321    1641.52564106
322    1688.84875156
323    1736.22737806
324    1783.73490556
325    1831.02533506
326    1878.40356756
327    1925.70451856
328    1973.47351956
329    2020.24939406
330    2068.29840256
331    2115.02569856
332    2165.43216856
333    2224.12030856
334    2284.95146356
335    2346.11018856
336    2407.00231856
337    2467.78479856
338    2528.70403856
339    2592.29893356
340    2660.63523356
341    2728.56076856
342    2795.77983356
343    2863.35478356
344    2931.43296356
345    2999.03463356
346    3067.25493356
347    3137.16918356
348    3215.48426856
349    3027.10361856
350    -2902.37738144
351    -37714.9328814
352    -148058.032881
353    -394803.127881
354    -739436.817881
355    -1052946.46788
356    -1285905.55788
357    -1421809.68788
358    -1477866.36288
359    -1499326.94388
360    -1519727.25738
361    -1545095.88138
362    -1567335.96338
363    -1577037.91888
364    -1564971.02038
365    -1532316.14088
366    -1489659.80988
367    -1447387.37788
368    -1416388.04788
369    -1403806.99338
370    -1409890.17188
371    -1432268.49538
372    -1467248.37188
373    -1507449.10838
374    -1544641.22088
375    -1572369.16938
376    -1587046.66938
377    -1588843.70318
378    -1579908.95968
379    -1563970.32018
380    -1543130.97318
381    -1522188.64668
382    -1504113.71168
383    -1490633.66968
384    -1483007.34568
385    -1481577.65443
386    -1486454.40118
387    -1494970.79518
388    -1505091.44518
389    -1516720.19768
390    -1528275.40318
391    -1538253.14768
392    -1544993.26768
393    -1549141.69583
394    -1553041.68158
395    -1556243.50773
396    -1558503.97018
397    -1561229.81148
398    -1562741.48058
399    -1563057.11935
400    -1562563.60398
401    -1561523.16983
402    -1559943.10393
403    -1557959.62428
404    -1555643.50013
405    -1553504.63988
406    -1552813.37493
407    -1553316.23783
408    -1554485.57278
409    -1555629.48188
410    -1556634.90388
411    -1557210.88128
412    -1557977.20928
413    -1558002.17734
414    -1558705.49234
415    -1559458.63084
416    -1560098.49949
417    -1561038.25264
418    -1561600.05859
419    -1561595.88682
420    -1561433.49572
421    -1560850.54372
422    -1560163.86502
423    -1559393.43292
424    -1558615.83322
425    -1558277.57674
426    -1558174.06974
427    -1558455.77089
428    -1559157.20704
429    -1560029.48909
430    -1560924.35319
431    -1561512.92204
432    -1561896.69189
433    -1562455.61009
434    -1562388.25387
435    -1562385.1898
436    -1562189.65667
437    -1562270.35194
438    -1562145.24173
439    -1561770.86782
440    -1561912.01323
441    -1561617.95563
442    -1561311.03203
443    -1561051.08328
444    -1560921.43556
445    -1561242.0269
446    -1561851.0577
447    -1562709.41005
448    -1563198.05097
449    -1563520.54746
450    -1564174.05771
451    -1564583.91752
452    -1564777.17415
453    -1564914.69961
454    -1564937.95381
455    -1564845.47104
456    -1564922.78042
457    -1564676.71395
458    -1564461.89129
459    -1564485.60281
460    -1564662.19243
461    -1564917.74499
462    -1564862.85961
463    -1565097.03991
464    -1565099.38424
465    -1564971.90402
466    -1565030.62137
467    -1564930.22343
468    -1564675.12156
469    -1564498.67319
470    -1564407.24071
471    -1564311.96587
472    -1564549.66746
473    -1564614.38573
474    -1564771.72661
475    -1564478.14988
476    -1564459.45709
477    -1564580.49677
478    -1564557.51672
479    -1564436.28959
480    -1564088.64897
481    -1564319.47813
482    -1564580.74792
483    -1564341.15662
484    -1564493.64273
485    -1564451.42939
486    -1564283.45735
487    -1564286.30101
488    -1564370.08602
489    -1564059.5061
490    -1564405.89647
491    -1564341.23051
492    -1564359.59785
493    -1564342.73986
494    -1564479.9908
495    -1564287.33081
496    -1564266.42423
497    -1564155.53993
498    -1564203.07149
499    -1564640.00324
500    -1564738.60159
501    -1564312.02724
502    -1564470.53488
503    -1564562.90686
504    -1564657.79749
505    -1564774.2028
506    -1564902.24646
507    -1564680.82688
508    -1564593.04158
509    -1564695.54678
510    -1565006.97166
511    -1564879.45803
512    -1564647.17447
513    -1564597.60887
514    -1564742.16694
515    -1564556.92792
516    -1564681.69991
517    -1564644.52603
518    -1564736.87695
519    -1564638.55871
520    -1564705.287
521    -1564559.48915
522    -1564625.27958
523    -1564336.79936
524    -1564319.82535
525    -1564303.82954
526    -1564144.67056
527    -1564021.52651
528    -1564030.35074
529    -1564123.33103
530    -1564140.62792
531    -1564045.06384
532    -1564483.84551
533    -1564307.29439
534    -1564248.83636
535    -1564019.18464
536    -1564172.18498
537    -1564132.59966
538    -1564186.41131
539    -1563926.56015
540    -1563941.63313
541    -1564120.54418
542    -1563889.54262
543    -1563606.98634
544    -1563741.0677
545    -1564032.08807
546    -1564027.02009
547    -1564184.7942
548    -1564319.31121
549    -1564098.63503
550    -1564173.53055
551    -1564397.13455
552    -1564225.73679
553    -1564136.20294
554    -1564067.66476
555    -1564391.22322
556    -1564553.47348
557    -1564553.3586
558    -1564730.93274
559    -1564796.00139
560    -1564673.64026
561    -1564858.11122
562    -1564849.24699
563    -1564689.44823
564    -1564585.45898
565    -1564573.65099
566    -1564787.22563
567    -1564973.56772
568    -1564909.16348
569    -1564775.30181
570    -1564983.73302
571    -1564953.31535
572    -1565016.35164
573    -1565028.19773
574    -1565381.0121
575    -1565321.19357
576    -1565017.07909
577    -1565122.99903
578    -1565164.9033
579    -1564836.2489
580    -1565044.69281
581    -1565155.97087
582    -1565108.59152
583    -1565312.58248
584    -1565318.88404
585    -1565465.7602
586    -1565715.55646
587    -1565576.55721
588    -1565695.07754
589    -1565676.45825
590    -1565461.84125
591    -1565748.49553
592    -1565674.80203
593    -1565790.2612
594    -1565782.19645
595    -1565719.81768
596    -1565798.17824
597    -1565894.06922
598    -1565686.03166
599    -1565671.6177
600    -1565781.84006
601    -1565821.32832
602    -1565816.41707
603    -1565807.14868
604    -1565979.89328
605    -1566035.19066
606    -1565769.45298
607    -1565900.67507
608    -1565867.32076
609    -1565630.03075
610    -1565630.25395
611    -1565696.39823
612    -1565797.0937
613    -1566213.75197
614    -1566204.3053
615    -1565945.82851
616    -1565979.68999
617    -1565978.35069
618    -1565789.46785
619    -1565945.25449
620    -1565881.64565
621    -1565585.78653
622    -1565398.35689
623    -1565224.99296
624    -1565230.62674
625    -1565375.32453
626    -1565477.81021
627    -1565283.39277
628    -1565284.59739
629    -1565349.15069
630    -1565358.70528
631    -1565343.53126
632    -1565368.70535
633    -1565328.35783
634    -1565485.50948
635    -1565396.0291
636    -1565242.51013
637    -1565221.94171
638    -1565050.76431
639    -1564817.61825
640    -1564828.25627
641    -1564989.80766
642    -1564942.119
643    -1565210.75286
644    -1565233.11068
645    -1565150.74853
646    -1565378.18536
647    -1565594.62753
648    -1565336.53629
649    -1565320.87281
650    -1565258.58035
651    -1565469.21283
652    -1565209.3709
653    -1565283.36094
654    -1565453.46154
655    -1565415.02718
656    -1565244.17896
657    -1565380.02472
658    -1565485.9979
659    -1565418.97258
660    -1565638.93237
661    -1565831.27214
662    -1566000.65225
663    -1565769.40864
664    -1565893.46508
665    -1565753.29337
666    -1565838.28225
667    -1566140.74613
668    -1566181.62562
669    -1566225.93604
670    -1566247.3122
671    -1566487.65014
672    -1567820.63074
673    -1570505.77189
674    -1574058.31069
675    -1579734.09019
676    -1586995.85569
677    -1592394.20019
678    -1595760.72029
679    -1598207.16639
680    -1600152.46134
681    -1601768.88844
682    -1603087.50284
683    -1604187.84319
684    -1605150.86499
685    -1606012.63029
686    -1606807.02064
687    -1607543.98074
688    -1608239.75534
689    -1608875.81974
690    -1609477.83514
691    -1610055.22849
692    -1610615.88609
693    -1611167.49514
694    -1611692.97594
695    -1612199.29614
696    -1612684.00158
697    -1613146.24018
698    -1613576.0924
699    -1613972.7003
700    -1614353.23627
701    -1614732.20572
702    -1615102.72349
703    -1615459.56681
704    -1615796.45941
705    -1616120.08281
706    -1616438.1682
707    -1616747.23057
708    -1617043.30684
709    -1617334.44183
710    -1617622.20187
711    -1617897.48649
712    -1618168.27909
713    -1618438.97298
714    -1618705.32777
715    -1618967.21413
716    -1619223.9355
717    -1619471.90062
718    -1619711.78227
719    -1619936.77223
720    -1620160.03616
721    -1620375.41434
722    -1620585.27872
723    -1620792.19203
724    -1620994.07301
725    -1621188.21162
726    -1621377.80083
727    -1621561.22907
728    -1621724.10709
729    -1621880.22633
730    -1622035.93501
731    -1622191.6225
732    -1622337.05777
733    -1622469.35234
734    -1622597.97743
735    -1622722.91627
736    -1622844.77186
737    -1622966.20904
738    -1623082.71496
739    -1623196.85257
740    -1623305.91869
741    -1623414.2343
742    -1623519.17438
743    -1623620.72168
744    -1623722.26838
745    -1623823.81517
746    -1623925.36098
747    -1624026.90805
748    -1624128.45606
749    -1624230.00175
750    -1624331.54914
751    -1624433.09477
752    -1624534.64252
753    -1624636.18965
754    -1624737.73525
755    -1624839.2827
756    -1624940.82981
757    -1625042.37591
758    -1625143.92371
759    -1625244.63549
760    -1625340.27295
761    -1625434.29639
762    -1625523.24662
763    -1625603.91013
764    -1625672.08096
765    -1625739.77824
766    -1625805.98047
767    -1625865.86398
768    -1625920.44125
769    -1625974.60003
770    -1626027.08258
771    -1626061.36595
772    -1626083.01376
773    -1626103.32313
774    -1626123.63251
775    -1626143.94177
776    -1626164.25098
777    -1626184.56043
778    -1626204.86984
779    -1626225.17956
780    -1626245.48801
781    -1626265.79802
782    -1626286.10698
783    -1626306.41668
784    -1626326.72629
785    -1626347.03547
786    -1626367.3447
787    -1626387.65427
788    -1626407.96359
789    -1626428.27242
790    -1626448.58227
791    -1626465.69875
792    -1626477.63807
793    -1626484.73675
794    -1626491.50649
795    -1626498.27605
796    -1626505.04623
797    -1626511.81616
798    -1626518.58544
799    -1626525.35558
800    -1626532.12479
801    -1626538.66452
802    -1626540.51131
803    -1626540.51131
804    -1626540.51131
805    -1626540.51131
806    -1626540.51131
807    -1626540.51131
808    -1626540.51131
809    -1626540.51131
810    -1626540.51131
811    -1626540.51131
812    -1626540.51131
813    -1626540.51131
814    -1626540.51131
815    -1626540.51131
816    -1626540.51131
817    -1626540.51131
818    -1626540.51131
819    -1626540.51131
820    -1626540.51131
821    -1626540.51131
822    -1626540.51131
823    -1626540.51131
824    -1626540.51131
825    -1626540.51131
826    -1626540.51131
827    -1626540.51131
828    -1626540.51131
829    -1626540.51131
830    -1626540.51131
831    -1626540.51131
832    -1626540.51131
833    -1626540.51131
834    -1626540.51131
835    -1626540.51131
836    -1626540.51131
837    -1626540.51131
838    -1626540.51131
839    -1626540.51131
840    -1626540.51131
841    -1626540.51131
842    -1626540.51131
843    -1626540.51131
844    -1626540.51131
845    -1626540.51131
846    -1626540.51131
847    -1626540.51131
848    -1626540.51131
849    -1626540.51131
850    -1626540.51131
851    -1626540.51131
852    -1626540.51131
853    -1626540.51131
854    -1626540.51131
855    -1626540.51131
856    -1626540.51131
857    -1626540.51131
858    -1626540.51131
859    -1626540.51131
860    -1626540.51131
861    -1626540.51131
862    -1626540.51131
863    -1626540.51131
864    -1626540.51131
865    -1626540.51131
866    -1626540.51131
867    -1626540.51131
868    -1626540.51131
869    -1626540.51131
870    -1626540.51131
871    -1626540.51131
872    -1626540.51131
873    -1626540.51131
874    -1626540.51131
875    -1626540.51131
876    -1626540.51131
877    -1626540.51131
878    -1626540.51131
879    -1626540.51131
880    -1626540.51131
881    -1626540.51131
882    -1626540.51131
883    -1626540.51131
884    -1626540.51131
885    -1626540.51131
886    -1626540.51131
887    -1626540.51131
888    -1626540.51131
889    -1626540.51131
890    -1626540.51131
891    -1626540.51131
892    -1626540.51131
893    -1626540.51131
894    -1626540.51131
895    -1626540.51131
896    -1626540.51131
897    -1626540.51131
898    -1626540.51131
899    -1626540.51131
900    -1626540.51131
901    -1626540.51131
902    -1626540.51131
903    -1626540.51131
904    -1626540.51131
905    -1626540.51131
906    -1626540.51131
907    -1626540.51131
908    -1626540.51131
909    -1626540.51131
910    -1626540.51131
911    -1626540.51131
912    -1626540.51131
913    -1626540.51131
914    -1626540.5113
915    -1626540.51131
916    -1626540.5113
917    -1626540.5113
918    -1626540.5113
919    -1626540.5113
920    -1626540.5113
921    -1626540.5113
922    -1626540.5113
923    -1626540.5113
924    -1626540.5113
925    -1626540.5113
926    -1626540.5113
927    -1626540.5113
928    -1626540.5113
929    -1626540.5113
930    -1626540.5113
931    -1626540.5113
932    -1626540.5113
933    -1626540.51131
934    -1626540.51131
935    -1626540.51131
936    -1626540.51131
937    -1626540.51131
938    -1626540.51131
939    -1626540.51131
940    -1626540.51131
941    -1626540.5113
942    -1626540.5113
943    -1626540.5113
944    -1626540.5113
945    -1626540.5113
946    -1626540.5113
947    -1626540.5113
948    -1626540.5113
949    -1626540.5113
950    -1626540.5113
951    -1626540.5113
952    -1626540.5113
953    -1626540.5113
954    -1626540.5113
955    -1626540.5113
956    -1626540.5113
957    -1626540.5113
958    -1626540.5113
959    -1626540.5113
960    -1626540.5113
961    -1626540.5113
962    -1626540.5113
963    -1626540.5113
964    -1626540.5113
965    -1626540.5113
966    -1626540.5113
967    -1626540.5113
968    -1626540.5113
969    -1626540.5113
970    -1626540.5113
971    -1626540.51131
972    -1626540.51131
973    -1626540.51131
974    -1626540.51131
975    -1626540.51131
976    -1626540.51131
977    -1626540.51131
978    -1626540.51131
979    -1626540.51131
980    -1626540.51131
981    -1626540.51131
982    -1626540.51131
983    -1626540.51131
984    -1626540.51131
985    -1626540.51131
986    -1626540.51131
987    -1626540.51131
988    -1626540.51131
989    -1626540.51131
990    -1626540.51131
991    -1626540.51131
992    -1626540.51131
993    -1626540.51131
994    -1626540.51131
995    -1626540.51131
996    -1626540.51131
997    -1626540.51131
998    -1626540.51131
999    -1626540.51131
1000    -1626540.51131
1001    -1626540.51131
1002    -1626540.51131
1003    -1626540.51131
1004    -1626540.51131
1005    -1626540.51131
1006    -1626540.51131
1007    -1626540.51131
1008    -1626540.51131
1009    -1626540.51131
1010    -1626540.5113
1011    -1626540.5113
1012    -1626540.5113
1013    -1626540.51131
1014    -1626540.51131
1015    -1626540.51131
1016    -1626540.51131
1017    -1626540.51131
1018    -1626540.51131
1019    -1626540.51131
1020    -1626540.51131
1021    -1626540.51131
1022    -1626540.51131
1023    -1626540.51131
1024    -1626540.51131
