#x,Ay
1    -0
2    -1.6711235e-07
3    -1.5820574e-07
4    2.7529686e-07
5    2.8283143e-07
6    4.6751863e-07
7    8.9615228e-07
8    4.4025233e-07
9    1.7246098e-07
10    5.544248e-08
11    -4.531792e-08
12    -2.0626482e-07
13    -2.45565545e-07
14    -4.50068795e-07
15    -6.95872695e-07
16    -5.32786345e-07
17    -4.22837345e-07
18    -2.82098895e-07
19    9.4060155e-08
20    1.96660605e-07
21    -5.639295e-09
22    6.7532155e-08
23    1.4929655e-08
24    1.60109755e-07
25    -2.04805545e-07
26    -1.04848495e-07
27    8.0492755e-08
28    3.57900005e-07
29    5.83948905e-07
30    3.21587555e-07
31    3.3740087e-07
32    -4.165338e-08
33    -3.617686e-08
34    1.1925864e-07
35    1.2595023e-07
36    -1.9089727e-07
37    -3.9299367e-07
38    -6.779767e-08
39    -7.2781717e-07
40    -5.4256892e-07
41    -9.3597142e-07
42    -7.7932667e-07
43    -6.5821532e-07
44    -4.0278392e-07
45    -2.4572057e-07
46    -2.6971959e-07
47    -3.5557654e-07
48    6.654571e-08
49    -5.205409e-08
50    2.8031311e-07
51    5.8988186e-07
52    3.8804131e-07
53    7.7651381e-07
54    6.5871631e-07
55    8.2295231e-07
56    3.7264516e-07
57    3.52041345e-07
58    1.57630695e-07
59    6.60645195e-07
60    3.90772495e-07
61    1.53572895e-07
62    7.39269895e-07
63    5.84123645e-07
64    3.29180545e-07
65    6.03394645e-07
66    3.09034595e-07
67    1.88341895e-07
68    5.6626345e-08
69    -2.1533205e-08
70    1.54692145e-07
71    7.08344145e-07
72    4.01472945e-07
73    7.18724495e-07
74    3.92342445e-07
75    3.04601845e-07
76    9.78864845e-07
77    1.222250245e-06
78    1.473425995e-06
79    1.656860345e-06
80    2.182396845e-06
81    2.437921295e-06
82    2.195140495e-06
83    2.055890345e-06
84    2.117492495e-06
85    1.974943095e-06
86    1.254254595e-06
87    1.188622095e-06
88    2.99193595e-07
89    3.4367245e-08
90    5.89670245e-07
91    9.07378195e-07
92    4.29723295e-07
93    1.09457345e-07
94    -4.5954905e-08
95    -6.0733365e-08
96    2.85409435e-07
97    -3.66856065e-07
98    -3.12532715e-07
99    2.16654785e-07
100    -7.6449465e-08
101    -1.95374815e-07
102    2.91302985e-07
103    -3.53508015e-07
104    -1.481531515e-06
105    -2.285545015e-06
106    -2.845150015e-06
107    -2.490257565e-06
108    -2.560208165e-06
109    -3.591980165e-06
110    -3.953561315e-06
111    -3.612371765e-06
112    -3.793120165e-06
113    -3.258351165e-06
114    -3.239468215e-06
115    -3.171564015e-06
116    -3.106101565e-06
117    -3.801363565e-06
118    -4.240461915e-06
119    -3.618719915e-06
120    -3.937404565e-06
121    -3.587744415e-06
122    -3.898057315e-06
123    -4.211532915e-06
124    -4.103537315e-06
125    -4.410129465e-06
126    -3.372706965e-06
127    -4.106397965e-06
128    -3.991132315e-06
129    -3.680900815e-06
130    -3.377285315e-06
131    -3.789826615e-06
132    -3.840068715e-06
133    -3.754467515e-06
134    -3.855114565e-06
135    -5.056716565e-06
136    -4.608583765e-06
137    -4.232320065e-06
138    -4.776710565e-06
139    -5.058908315e-06
140    -4.017462315e-06
141    -3.805750015e-06
142    -3.653198115e-06
143    -3.60887435e-06
144    -3.08145385e-06
145    -2.50515185e-06
146    -2.2923931e-06
147    -3.3892436e-06
148    -3.4699845e-06
149    -4.448828e-06
150    -5.2109365e-06
151    -4.606682e-06
152    -4.88536835e-06
153    -4.70109685e-06
154    -5.88560635e-06
155    -5.41609065e-06
156    -5.6364305e-06
157    -5.538388e-06
158    -6.4055155e-06
159    -5.7175435e-06
160    -5.9753934e-06
161    -6.09036545e-06
162    -7.13850845e-06
163    -7.49008275e-06
164    -6.05186275e-06
165    -4.00352525e-06
166    -4.37467285e-06
167    -3.57898435e-06
168    -2.09848685e-06
169    -4.16965785e-06
170    -6.12278735e-06
171    -6.3449178e-06
172    -5.8349853e-06
173    -5.883820485e-06
174    -4.980787485e-06
175    -4.97204369e-06
176    -4.25430569e-06
177    -1.47841919e-06
178    -4.15657719e-06
179    -4.44196084e-06
180    -4.07583629e-06
181    -4.39042804e-06
182    -4.47084339e-06
183    -3.09601589e-06
184    -5.86044389e-06
185    -7.00421089e-06
186    -5.70305489e-06
187    -4.29222889e-06
188    -5.59810589e-06
189    -5.581827485e-06
190    -7.043162985e-06
191    -6.726338735e-06
192    -5.182401735e-06
193    -5.334255985e-06
194    -6.966793985e-06
195    -7.033395885e-06
196    -5.904883885e-06
197    -4.871623885e-06
198    -4.159838885e-06
199    -3.470378885e-06
200    -4.526707885e-06
201    -4.235370935e-06
202    -3.403683935e-06
203    -1.610640935e-06
204    -2.326844435e-06
205    -1.22655435e-07
206    2.004234565e-06
207    3.416549065e-06
208    2.297246065e-06
209    1.783081065e-06
210    1.401143215e-06
211    -1.576223285e-06
212    5.52619715e-07
213    -2.918866285e-06
214    -4.649028285e-06
215    -6.955538785e-06
216    -6.040971285e-06
217    -4.587821285e-06
218    -5.081382485e-06
219    -3.213179485e-06
220    -1.323302985e-06
221    -7.340917985e-06
222    -3.718693985e-06
223    -4.634749485e-06
224    -1.758215985e-06
225    -7.2214985e-08
226    2.562468015e-06
227    8.63991015e-07
228    1.628611015e-06
229    5.827509015e-06
230    7.167919515e-06
231    1.4441669515e-05
232    1.2545561015e-05
233    6.812586015e-06
234    7.923610515e-06
235    1.0027338515e-05
236    1.0626011515e-05
237    1.3386829015e-05
238    1.5410188015e-05
239    1.5207033515e-05
240    1.3687828015e-05
241    9.475721015e-06
242    1.0099323515e-05
243    6.606071015e-06
244    7.808998515e-06
245    9.393864015e-06
246    1.2718333015e-05
247    0.00107849483302
248    -0.00116950416699
249    0.010050290833
250    -0.018498129167
251    -0.022612705167
252    0.00282843483301
253    -0.063727890167
254    0.092985569833
255    -0.067976310167
256    0.067044939833
257    -0.047685510167
258    -0.024146410167
259    0.065008309833
260    -0.053007860167
261    -0.212776920167
262    -0.155015725167
263    0.182977434833
264    -0.018396145167
265    -0.065911645167
266    0.286667594833
267    0.119128244833
268    0.050730144833
269    2.63325064483
270    15.3188096448
271    28.8806131448
272    42.4650571448
273    55.4223141448
274    69.3413501448
275    83.2141436448
276    96.5898016448
277    109.669337145
278    122.967647645
279    137.470305145
280    150.507476145
281    164.053583145
282    177.476136645
283    191.358815645
284    204.874613645
285    218.107551645
286    232.187395645
287    245.272779145
288    259.058235645
289    278.451867645
290    298.282414645
291    319.177384145
292    339.294907145
293    359.236728645
294    380.031048145
295    400.346862645
296    419.852899145
297    440.978308645
298    461.220832645
299    481.044286145
300    501.572186145
301    522.001796145
302    542.383808145
303    562.312358645
304    582.988851645
305    603.091378145
306    623.512144645
307    644.000536145
308    663.844942145
309    684.604807645
310    704.649200645
311    725.250639145
312    745.263457145
313    765.727014145
314    786.094575145
315    806.195179145
316    826.446015645
317    847.063894645
318    867.193540645
319    887.641087645
320    907.778747645
321    928.296436145
322    948.402399645
323    968.845768645
324    989.169022645
325    1009.44324864
326    1029.74009964
327    1049.96774264
328    1070.56607364
329    1090.28407664
330    1111.37785864
331    1130.87872914
332    1151.84491164
333    1172.00595364
334    1192.21198364
335    1212.48241414
336    1232.91150714
337    1253.33760614
338    1273.43584364
339    1293.14422514
340    1314.31010164
341    1334.81393914
342    1354.64737414
343    1374.63965464
344    1395.62561664
345    1415.35891864
346    1436.12408964
347    1457.69940114
348    1477.85709064
349    539.368690645
350    -9590.77080936
351    -50105.7028094
352    -152700.097809
353    -360682.567809
354    -734501.212809
355    -1352303.41281
356    -2292381.76281
357    -3482609.46281
358    -4645971.56281
359    -5581499.81281
360    -6264456.56281
361    -6759501.66781
362    -7084971.68781
363    -7233345.35781
364    -7255535.40681
365    -7234239.20331
366    -7206651.50431
367    -7178794.94231
368    -7147536.54331
369    -7114530.50881
370    -7084651.88381
371    -7058184.33131
372    -7037329.74481
373    -7022774.50581
374    -7011735.32831
375    -7001145.20031
376    -6991273.89031
377    -6980398.52681
378    -6968576.76831
379    -6955843.16931
380    -6944377.65531
381    -6935773.84281
382    -6931259.15396
383    -6934213.26946
384    -6945017.42496
385    -6962519.24896
386    -6988586.58096
387    -7017020.04296
388    -7043441.03846
389    -7063051.58046
390    -7072748.85196
391    -7068515.70311
392    -7043806.85111
393    -7000836.76761
394    -6948033.34761
395    -6904583.63511
396    -6883829.37611
397    -6889007.75111
398    -6916804.46811
399    -6963783.49361
400    -7022689.59861
401    -7084219.58861
402    -7140362.55861
403    -7179469.02211
404    -7185613.29361
405    -7159232.75211
406    -7130172.02411
407    -7106297.53711
408    -7092314.31361
409    -7089433.05481
410    -7097168.49631
411    -7113485.56681
412    -7137087.97181
413    -7164419.09481
414    -7192335.74531
415    -7217948.57181
416    -7238406.59381
417    -7249816.32731
418    -7252197.27901
419    -7246949.08651
420    -7236774.63101
421    -7222704.14501
422    -7205773.84751
423    -7187351.44051
424    -7170063.01501
425    -7156337.60351
426    -7146457.85051
427    -7141472.17671
428    -7142384.99201
429    -7148538.89001
430    -7159046.56251
431    -7171780.66851
432    -7185513.62851
433    -7199732.42401
434    -7212167.73851
435    -7221307.34251
436    -7227444.61451
437    -7230066.84636
438    -7228920.65441
439    -7223361.62991
440    -7214555.82841
441    -7203756.55341
442    -7192456.84391
443    -7181511.69091
444    -7171908.22791
445    -7164385.30791
446    -7160634.18096
447    -7160288.43092
448    -7162594.89477
449    -7166691.11627
450    -7171835.10577
451    -7178624.67927
452    -7186561.58127
453    -7194662.68227
454    -7202225.68227
455    -7207770.77827
456    -7211189.59937
457    -7212358.86202
458    -7212070.00328
459    -7210507.61078
460    -7207129.56388
461    -7202035.68138
462    -7195310.34688
463    -7188635.94838
464    -7183348.06088
465    -7179723.78768
466    -7178058.24118
467    -7178221.08059
468    -7179492.08264
469    -7182287.22089
470    -7185944.74964
471    -7190434.02399
472    -7195928.93299
473    -7201557.76449
474    -7207093.39749
475    -7211514.34954
476    -7214857.66499
477    -7216209.76899
478    -7216765.67664
479    -7217178.82345
480    -7217651.1176
481    -7218140.60304
482    -7218411.85171
483    -7217770.54641
484    -7216900.34541
485    -7216127.80761
486    -7215824.64399
487    -7215514.4628
488    -7215761.85983
489    -7216042.81432
490    -7215980.36228
491    -7215912.10026
492    -7215450.98687
493    -7215556.72645
494    -7215558.02446
495    -7216034.98896
496    -7216468.86853
497    -7216628.28746
498    -7217091.11203
499    -7217703.81548
500    -7218287.19308
501    -7218720.55922
502    -7218976.64114
503    -7219638.05374
504    -7220385.62894
505    -7220744.99408
506    -7220994.53063
507    -7221103.03775
508    -7221207.31643
509    -7220516.99963
510    -7219952.08278
511    -7218989.26328
512    -7218430.55018
513    -7218209.94736
514    -7218178.84311
515    -7218215.32481
516    -7218586.38915
517    -7218759.13739
518    -7219684.11339
519    -7220374.47404
520    -7221287.47684
521    -7221652.10952
522    -7222237.35857
523    -7222427.30926
524    -7222585.49542
525    -7222614.39278
526    -7222703.63319
527    -7222819.96565
528    -7222650.4692
529    -7222573.87164
530    -7222385.01921
531    -7222381.18289
532    -7222740.26918
533    -7222786.70444
534    -7222903.77208
535    -7223134.34745
536    -7223356.47048
537    -7223416.70707
538    -7223659.4208
539    -7224052.71769
540    -7224557.54924
541    -7224764.57183
542    -7225049.8655
543    -7225474.05218
544    -7225901.82052
545    -7225860.98848
546    -7225838.33988
547    -7225616.51754
548    -7225465.05853
549    -7225662.22999
550    -7225896.06353
551    -7226057.7129
552    -7226340.00713
553    -7226469.95157
554    -7226264.58108
555    -7226133.53165
556    -7226063.99248
557    -7225999.17611
558    -7225613.85573
559    -7225296.772
560    -7225366.77781
561    -7225725.86721
562    -7225809.52012
563    -7226109.2407
564    -7226090.7082
565    -7226168.77054
566    -7226345.61255
567    -7226112.12489
568    -7226016.10445
569    -7225900.2337
570    -7225838.9319
571    -7225862.97821
572    -7225641.97945
573    -7225598.32932
574    -7225134.21827
575    -7225190.26591
576    -7225191.27174
577    -7225232.61697
578    -7225266.15885
579    -7225358.11647
580    -7225562.32251
581    -7225707.45005
582    -7225894.5864
583    -7225608.83084
584    -7225335.65038
585    -7225387.10644
586    -7225197.29788
587    -7225455.53893
588    -7225462.85781
589    -7225322.97255
590    -7225360.61643
591    -7225155.46407
592    -7224895.16044
593    -7225196.42886
594    -7225124.7203
595    -7225232.26026
596    -7225296.85161
597    -7225545.18806
598    -7225394.3111
599    -7225381.85095
600    -7225357.23858
601    -7225281.25172
602    -7225394.47906
603    -7225353.74163
604    -7225129.90555
605    -7225135.47382
606    -7225318.18336
607    -7225268.09025
608    -7225262.81477
609    -7224983.83492
610    -7225021.11713
611    -7225054.98014
612    -7225035.27779
613    -7224991.61153
614    -7224956.33314
615    -7224933.99364
616    -7224888.37153
617    -7225107.91252
618    -7225332.18048
619    -7225460.44662
620    -7225444.10839
621    -7225412.26031
622    -7225432.67105
623    -7225442.44776
624    -7225751.29091
625    -7225627.91555
626    -7225556.07857
627    -7225530.27551
628    -7225402.87666
629    -7225569.27195
630    -7225628.25522
631    -7225444.93616
632    -7225393.56822
633    -7225370.98587
634    -7225525.81225
635    -7225536.83371
636    -7226044.70371
637    -7226129.73952
638    -7225921.0536
639    -7225837.48847
640    -7226171.34171
641    -7226018.84804
642    -7225789.53303
643    -7225951.72862
644    -7225776.7006
645    -7225779.8459
646    -7225734.6329
647    -7225702.04203
648    -7225670.91604
649    -7225735.56734
650    -7225931.64888
651    -7225884.29001
652    -7226004.9986
653    -7226014.29676
654    -7225762.69761
655    -7225739.99412
656    -7225753.44169
657    -7225972.07079
658    -7225874.46787
659    -7225796.43625
660    -7225593.70393
661    -7225470.24588
662    -7225257.94648
663    -7225303.27457
664    -7225210.47594
665    -7225341.31936
666    -7225418.33627
667    -7225085.29061
668    -7224895.60251
669    -7224724.85083
670    -7224900.44354
671    -7225048.91043
672    -7226305.61278
673    -7228801.87658
674    -7232542.78843
675    -7236874.74128
676    -7243162.90328
677    -7249154.29028
678    -7252938.41103
679    -7255488.40728
680    -7257476.08433
681    -7259118.31493
682    -7260539.36608
683    -7261769.04023
684    -7262876.32608
685    -7263863.65548
686    -7264766.68773
687    -7265603.64233
688    -7266382.78978
689    -7267103.49033
690    -7267763.03103
691    -7268377.97173
692    -7268967.37748
693    -7269532.91078
694    -7270066.40488
695    -7270587.16638
696    -7271093.57213
697    -7271580.34966
698    -7272041.06372
699    -7272480.90076
700    -7272899.28734
701    -7273299.70595
702    -7273680.00234
703    -7274045.75577
704    -7274409.23886
705    -7274757.91004
706    -7275099.76724
707    -7275429.68558
708    -7275752.95474
709    -7276064.38894
710    -7276363.50882
711    -7276655.36814
712    -7276942.38882
713    -7277220.3109
714    -7277491.87292
715    -7277755.39866
716    -7278009.44311
717    -7278259.92422
718    -7278510.4084
719    -7278759.65914
720    -7278994.65325
721    -7279223.81206
722    -7279447.65349
723    -7279665.20583
724    -7279872.46843
725    -7280074.99193
726    -7280269.64282
727    -7280450.61838
728    -7280618.99748
729    -7280781.37642
730    -7280939.10159
731    -7281092.54662
732    -7281241.44605
733    -7281384.10702
734    -7281515.96478
735    -7281643.09123
736    -7281765.32517
737    -7281887.18219
738    -7282009.0374
739    -7282129.57262
740    -7282245.1359
741    -7282360.22131
742    -7282474.16362
743    -7282583.07393
744    -7282691.39035
745    -7282799.70691
746    -7282906.48217
747    -7283008.38766
748    -7283109.93567
749    -7283211.48135
750    -7283313.02875
751    -7283414.57437
752    -7283516.12213
753    -7283617.66926
754    -7283719.21485
755    -7283820.7623
756    -7283922.30941
757    -7284023.85552
758    -7284125.40331
759    -7284226.94858
760    -7284328.49728
761    -7284430.04276
762    -7284531.58904
763    -7284633.13666
764    -7284734.68372
765    -7284834.57814
766    -7284927.97385
767    -7285016.27081
768    -7285102.80247
769    -7285178.92077
770    -7285246.68519
771    -7285314.38253
772    -7285381.84665
773    -7285444.61111
774    -7285505.53868
775    -7285565.81222
776    -7285621.03333
777    -7285672.59169
778    -7285709.4435
779    -7285733.89276
780    -7285754.20121
781    -7285774.51122
782    -7285794.82018
783    -7285815.12988
784    -7285835.43949
785    -7285855.74867
786    -7285876.0579
787    -7285896.36747
788    -7285916.67679
789    -7285936.98562
790    -7285957.29547
791    -7285977.60469
792    -7285997.91397
793    -7286018.22339
794    -7286038.53277
795    -7286058.84151
796    -7286079.15176
797    -7286099.46139
798    -7286119.76959
799    -7286140.08015
800    -7286160.3882
801    -7286177.50855
802    -7286185.01256
803    -7286191.78235
804    -7286198.55232
805    -7286205.32178
806    -7286212.09209
807    -7286218.86142
808    -7286225.63108
809    -7286232.40134
810    -7286239.17085
811    -7286245.94018
812    -7286250.32146
813    -7286250.40741
814    -7286250.40741
815    -7286250.40741
816    -7286250.40741
817    -7286250.40742
818    -7286250.40742
819    -7286250.40742
820    -7286250.40742
821    -7286250.40742
822    -7286250.40742
823    -7286250.40742
824    -7286250.40742
825    -7286250.40742
826    -7286250.40742
827    -7286250.40742
828    -7286250.40742
829    -7286250.40742
830    -7286250.40742
831    -7286250.40742
832    -7286250.40742
833    -7286250.40742
834    -7286250.40742
835    -7286250.40742
836    -7286250.40742
837    -7286250.40742
838    -7286250.40742
839    -7286250.40742
840    -7286250.40742
841    -7286250.40742
842    -7286250.40742
843    -7286250.40742
844    -7286250.40742
845    -7286250.40742
846    -7286250.40742
847    -7286250.40742
848    -7286250.40742
849    -7286250.40741
850    -7286250.40742
851    -7286250.40741
852    -7286250.40742
853    -7286250.40742
854    -7286250.40742
855    -7286250.40742
856    -7286250.40742
857    -7286250.40742
858    -7286250.40742
859    -7286250.40742
860    -7286250.40742
861    -7286250.40742
862    -7286250.40742
863    -7286250.40742
864    -7286250.40742
865    -7286250.40742
866    -7286250.40742
867    -7286250.40742
868    -7286250.40742
869    -7286250.40742
870    -7286250.40742
871    -7286250.40742
872    -7286250.40742
873    -7286250.40742
874    -7286250.40741
875    -7286250.40742
876    -7286250.40742
877    -7286250.40742
878    -7286250.40742
879    -7286250.40742
880    -7286250.40741
881    -7286250.40741
882    -7286250.40741
883    -7286250.40742
884    -7286250.40742
885    -7286250.40742
886    -7286250.40741
887    -7286250.40741
888    -7286250.40742
889    -7286250.40741
890    -7286250.40741
891    -7286250.40741
892    -7286250.40741
893    -7286250.40741
894    -7286250.40741
895    -7286250.40741
896    -7286250.40742
897    -7286250.40741
898    -7286250.40741
899    -7286250.40741
900    -7286250.40741
901    -7286250.40741
902    -7286250.40741
903    -7286250.40741
904    -7286250.40741
905    -7286250.40741
906    -7286250.40741
907    -7286250.40741
908    -7286250.40741
909    -7286250.40742
910    -7286250.40741
911    -7286250.40741
912    -7286250.40742
913    -7286250.40742
914    -7286250.40742
915    -7286250.40742
916    -7286250.40742
917    -7286250.40742
918    -7286250.40742
919    -7286250.40742
920    -7286250.40742
921    -7286250.40742
922    -7286250.40742
923    -7286250.40741
924    -7286250.40742
925    -7286250.40742
926    -7286250.40742
927    -7286250.40742
928    -7286250.40742
929    -7286250.40742
930    -7286250.40742
931    -7286250.40742
932    -7286250.40742
933    -7286250.40742
934    -7286250.40742
935    -7286250.40742
936    -7286250.40742
937    -7286250.40742
938    -7286250.40742
939    -7286250.40742
940    -7286250.40742
941    -7286250.40742
942    -7286250.40742
943    -7286250.40742
944    -7286250.40742
945    -7286250.40742
946    -7286250.40742
947    -7286250.40742
948    -7286250.40741
949    -7286250.40741
950    -7286250.40742
951    -7286250.40742
952    -7286250.40742
953    -7286250.40742
954    -7286250.40741
955    -7286250.40741
956    -7286250.40742
957    -7286250.40742
958    -7286250.40741
959    -7286250.40742
960    -7286250.40742
961    -7286250.40742
962    -7286250.40742
963    -7286250.40742
964    -7286250.40742
965    -7286250.40742
966    -7286250.40742
967    -7286250.40741
968    -7286250.40741
969    -7286250.40741
970    -7286250.40741
971    -7286250.40741
972    -7286250.40741
973    -7286250.40741
974    -7286250.40741
975    -7286250.40741
976    -7286250.40742
977    -7286250.40741
978    -7286250.40741
979    -7286250.40741
980    -7286250.40741
981    -7286250.40741
982    -7286250.40741
983    -7286250.40741
984    -7286250.40741
985    -7286250.40741
986    -7286250.40741
987    -7286250.40741
988    -7286250.40741
989    -7286250.40741
990    -7286250.40742
991    -7286250.40742
992    -7286250.40742
993    -7286250.40742
994    -7286250.40742
995    -7286250.40742
996    -7286250.40742
997    -7286250.40742
998    -7286250.40742
999    -7286250.40742
1000    -7286250.40742
1001    -7286250.40742
1002    -7286250.40742
1003    -7286250.40742
1004    -7286250.40742
1005    -7286250.40742
1006    -7286250.40742
1007    -7286250.40742
1008    -7286250.40741
1009    -7286250.40741
1010    -7286250.40741
1011    -7286250.40741
1012    -7286250.40741
1013    -7286250.40741
1014    -7286250.40741
1015    -7286250.40741
1016    -7286250.40741
1017    -7286250.40741
1018    -7286250.40741
1019    -7286250.40741
1020    -7286250.40741
1021    -7286250.40741
1022    -7286250.40741
1023    -7286250.40742
1024    -7286250.40742
