 #   Y    A
           1   3785.616    
           2  0.0000000E+00
           3  0.0000000E+00
           4  0.0000000E+00
           5  0.0000000E+00
           6  0.0000000E+00
           7  0.0000000E+00
           8  0.0000000E+00
           9  0.0000000E+00
          10  0.0000000E+00
          11  0.0000000E+00
          12  0.0000000E+00
          13  0.0000000E+00
          14  0.0000000E+00
          15  0.0000000E+00
          16  0.0000000E+00
          17  0.0000000E+00
          18  0.0000000E+00
          19  0.0000000E+00
          20  0.0000000E+00
          21  0.0000000E+00
          22  0.0000000E+00
          23  0.0000000E+00
          24  0.0000000E+00
          25  0.0000000E+00
          26  0.0000000E+00
          27  0.0000000E+00
          28  0.0000000E+00
          29  0.0000000E+00
          30  0.0000000E+00
          31  0.0000000E+00
          32  0.0000000E+00
          33  0.0000000E+00
          34  0.0000000E+00
          35  0.0000000E+00
          36  0.0000000E+00
          37  0.0000000E+00
          38  0.0000000E+00
          39  0.0000000E+00
          40  0.0000000E+00
          41  0.0000000E+00
          42  0.0000000E+00
          43  0.0000000E+00
          44  0.0000000E+00
          45  0.0000000E+00
          46  0.0000000E+00
          47  0.0000000E+00
          48  0.0000000E+00
          49  0.0000000E+00
          50  0.0000000E+00
          51  0.0000000E+00
          52  0.0000000E+00
          53  0.0000000E+00
          54  0.0000000E+00
          55  0.0000000E+00
          56  0.0000000E+00
          57  0.0000000E+00
          58  0.0000000E+00
          59  0.0000000E+00
          60  0.0000000E+00
          61  0.0000000E+00
          62  0.0000000E+00
          63  0.0000000E+00
          64  0.0000000E+00
          65  0.0000000E+00
          66  0.0000000E+00
          67  0.0000000E+00
          68  0.0000000E+00
          69  0.0000000E+00
          70  0.0000000E+00
          71  0.0000000E+00
          72  0.0000000E+00
          73  0.0000000E+00
          74  0.0000000E+00
          75  0.0000000E+00
          76  0.0000000E+00
          77  0.0000000E+00
          78  0.0000000E+00
          79  0.0000000E+00
          80  0.0000000E+00
          81  0.0000000E+00
          82  0.0000000E+00
          83  0.0000000E+00
          84  0.0000000E+00
          85  0.0000000E+00
          86  0.0000000E+00
          87  0.0000000E+00
          88  0.0000000E+00
          89  0.0000000E+00
          90  0.0000000E+00
          91  0.0000000E+00
          92  0.0000000E+00
          93  0.0000000E+00
          94  0.0000000E+00
          95  0.0000000E+00
          96  0.0000000E+00
          97  0.0000000E+00
          98  0.0000000E+00
          99  0.0000000E+00
         100  0.0000000E+00
         101  0.0000000E+00
         102  0.0000000E+00
         103  0.0000000E+00
         104  0.0000000E+00
         105  0.0000000E+00
         106  0.0000000E+00
         107  0.0000000E+00
         108  0.0000000E+00
         109  0.0000000E+00
         110  0.0000000E+00
         111  0.0000000E+00
         112  0.0000000E+00
         113  0.0000000E+00
         114  0.0000000E+00
         115  0.0000000E+00
         116  0.0000000E+00
         117  0.0000000E+00
         118  0.0000000E+00
         119  0.0000000E+00
         120  0.0000000E+00
         121  0.0000000E+00
         122  0.0000000E+00
         123  0.0000000E+00
         124  0.0000000E+00
         125  0.0000000E+00
         126  0.0000000E+00
         127  0.0000000E+00
         128  0.0000000E+00
         129  0.0000000E+00
         130  0.0000000E+00
         131  0.0000000E+00
         132  0.0000000E+00
         133  0.0000000E+00
         134  0.0000000E+00
         135  0.0000000E+00
         136  0.0000000E+00
         137  0.0000000E+00
         138  0.0000000E+00
         139  0.0000000E+00
         140  0.0000000E+00
         141  0.0000000E+00
         142  0.0000000E+00
         143  0.0000000E+00
         144  0.0000000E+00
         145  0.0000000E+00
         146  0.0000000E+00
         147  0.0000000E+00
         148  0.0000000E+00
         149  0.0000000E+00
         150  0.0000000E+00
         151  0.0000000E+00
         152  0.0000000E+00
         153  0.0000000E+00
         154  0.0000000E+00
         155  0.0000000E+00
         156  0.0000000E+00
         157  0.0000000E+00
         158   2.118124    
         159   5.295309    
         160   10.59062    
         161   15.35640    
         162   14.29733    
         163   15.88593    
         164   14.82686    
         165   15.35640    
         166   18.53358    
         167   22.24030    
         168   15.88593    
         169   21.71077    
         170   15.35640    
         171   19.59264    
         172   16.94499    
         173   10.59062    
         174   20.65170    
         175   14.82686    
         176   12.17921    
         177   18.53358    
         178   28.06514    
         179   23.82889    
         180   18.53358    
         181   17.47452    
         182   17.47452    
         183   20.65170    
         184   13.23827    
         185   18.53358    
         186   23.82889    
         187   20.12217    
         188   16.41546    
         189   23.29936    
         190   23.29936    
         191   22.24030    
         192   16.41546    
         193   25.41748    
         194   20.12217    
         195   20.65170    
         196   21.18124    
         197   20.12217    
         198   24.35842    
         199   23.29936    
         200   25.41748    
         201   23.29936    
         202   22.24030    
         203   21.18124    
         204   19.59264    
         205   20.12217    
         206   29.65373    
         207   29.65373    
         208   26.47654    
         209   19.59264    
         210   24.35842    
         211   24.88795    
         212   26.47654    
         213   29.12420    
         214   26.47654    
         215   20.65170    
         216   25.94701    
         217   25.94701    
         218   27.53561    
         219   28.59467    
         220   30.71279    
         221   28.59467    
         222   25.41748    
         223   34.94904    
         224   25.94701    
         225   31.24232    
         226   30.71279    
         227   27.53561    
         228   38.12622    
         229   33.88998    
         230   33.88998    
         231   27.00607    
         232   38.65575    
         233   38.65575    
         234   30.18326    
         235   41.83294    
         236   30.71279    
         237   34.94904    
         238   37.59669    
         239   33.36045    
         240   36.53763    
         241   49.77590    
         242   36.00810    
         243   38.12622    
         244   42.36247    
         245   43.95107    
         246   57.18933    
         247   49.24637    
         248   48.18731    
         249   61.42558    
         250   42.89200    
         251   54.54168    
         252   56.13028    
         253   63.01418    
         254   62.48465    
         255   62.48465    
         256   82.60682    
         257   63.54370    
         258   78.90010    
         259   82.07729    
         260   95.84509    
         261   82.60682    
         262   99.02228    
         263   114.3787    
         264   101.6699    
         265   132.9122    
         266   132.9122    
         267   135.5599    
         268   142.9733    
         269   141.3848    
         270   158.8593    
         271   155.6821    
         272   158.8593    
         273   157.2707    
         274   158.3297    
         275   162.5660    
         276   169.4499    
         277   164.1546    
         278   148.7982    
         279   165.7432    
         280   141.9143    
         281   150.9163    
         282   159.9183    
         283   130.7941    
         284   142.9733    
         285   143.5029    
         286   139.2666    
         287   146.1505    
         288   128.6760    
         289   141.9143    
         290   137.6780    
         291   139.7962    
         292   135.5599    
         293   132.9122    
         294   148.2686    
         295   136.6190    
         296   141.9143    
         297   133.9713    
         298   157.8002    
         299   140.3257    
         300   152.5049    
         301   137.1485    
         302   154.0935    
         303   142.4438    
         304   158.3297    
         305   150.3868    
         306   149.3277    
         307   159.3888    
         308   157.8002    
         309   155.6821    
         310   159.3888    
         311   170.5089    
         312   173.6861    
         313   161.5069    
         314   177.3929    
         315   180.5700    
         316   181.6291    
         317   181.6291    
         318   193.8083    
         319   190.1016    
         320   209.6942    
         321   202.2808    
         322   204.9285    
         323   204.9285    
         324   196.9855    
         325   212.8714    
         326   215.5191    
         327   211.2828    
         328   207.5761    
         329   232.9936    
         330   212.3419    
         331   226.1097    
         332   217.6372    
         333   237.7594    
         334   225.5802    
         335   230.8755    
         336   232.9936    
         337   222.4030    
         338   228.7573    
         339   240.4070    
         340   225.5802    
         341   216.0486    
         342   224.5211    
         343   223.9916    
         344   203.3399    
         345   226.1097    
         346   212.3419    
         347   208.6352    
         348   213.9305    
         349   202.2808    
         350   203.3399    
         351   207.5761    
         352   204.9285    
         353   203.8694    
         354   216.5781    
         355   200.1627    
         356   195.3969    
         357   212.3419    
         358   194.3378    
         359   203.8694    
         360   209.6942    
         361   194.3378    
         362   205.4580    
         363   200.1627    
         364   209.1647    
         365   200.6922    
         366   213.4009    
         367   206.5170    
         368   189.5721    
         369   218.1667    
         370   210.7533    
         371   205.9875    
         372   228.7573    
         373   195.9264    
         374   220.2849    
         375   208.6352    
         376   219.2258    
         377   219.2258    
         378   205.9875    
         379   216.5781    
         380   224.5211    
         381   210.7533    
         382   220.8144    
         383   217.6372    
         384   223.9916    
         385   204.9285    
         386   223.4620    
         387   216.0486    
         388   222.9325    
         389   228.2278    
         390   231.9345    
         391   222.4030    
         392   225.5802    
         393   229.8164    
         394   233.5231    
         395   234.0526    
         396   225.5802    
         397   238.2889    
         398   241.4661    
         399   238.2889    
         400   244.1137    
         401   248.8795    
         402   249.4090    
         403   245.1728    
         404   243.5842    
         405   246.7614    
         406   263.7064    
         407   254.1748    
         408   273.7675    
         409   264.7654    
         410   256.8225    
         411   264.7654    
         412   267.4131    
         413   281.7104    
         414   281.7104    
         415   279.0628    
         416   295.4782    
         417   275.8856    
         418   321.4252    
         419   274.8265    
         420   323.5434    
         421   319.3071    
         422   311.8937    
         423   312.4232    
         424   318.2480    
         425   308.7165    
         426   338.8997    
         427   334.1340    
         428   339.9588    
         429   351.0790    
         430   346.8427    
         431   360.0810    
         432   378.6146    
         433   352.1380    
         434   388.6757    
         435   395.0300    
         436   392.9119    
         437   392.3824    
         438   388.1461    
         439   398.2072    
         440   398.7368    
         441   407.2093    
         442   403.5025    
         443   402.9730    
         444   411.9750    
         445   405.0911    
         446   431.5677    
         447   393.4414    
         448   416.7408    
         449   408.7979    
         450   414.0931    
         451   408.7979    
         452   431.5677    
         453   434.7448    
         454   433.6858    
         455   423.0952    
         456   431.0381    
         457   437.9220    
         458   453.2784    
         459   443.2173    
         460   445.8650    
         461   473.9301    
         462   455.9261    
         463   497.2295    
         464   474.4597    
         465   495.6409    
         466   492.9933    
         467   538.0034    
         468   495.6409    
         469   514.7040    
         470   511.5268    
         471   504.6429    
         472   550.7121    
         473   520.5289    
         474   535.8853    
         475   560.7732    
         476   554.4188    
         477   554.4188    
         478   567.1276    
         479   566.5980    
         480   557.0665    
         481   620.6102    
         482   567.1276    
         483   581.4249    
         484   614.7853    
         485   567.1276    
         486   580.3658    
         487   594.1337    
         488   607.3719    
         489   597.8404    
         490   638.0847    
         491   605.7833    
         492   599.4290    
         493   629.0827    
         494   635.9666    
         495   598.8994    
         496   648.1458    
         497   676.2109    
         498   613.1968    
         499   713.2781    
         500   637.5552    
         501   711.6895    
         502   676.7405    
         503   664.0317    
         504   684.1539    
         505   668.2679    
         506   660.8546    
         507   713.8076    
         508   712.7486    
         509   685.7425    
         510   643.3800    
         511   751.9338    
         512   647.6163    
         513   693.1559    
         514   683.6244    
         515   730.2231    
         516   696.3331    
         517   696.8627    
         518   759.3473    
         519   649.2048    
         520   703.7465    
         521   711.1600    
         522   717.5143    
         523   693.6854    
         524   731.8117    
         525   733.9298    
         526   674.0928    
         527   736.5775    
         528   703.7465    
         529   720.1620    
         530   693.6854    
         531   723.8687    
         532   750.3453    
         533   759.8768    
         534   686.8016    
         535   740.8137    
         536   711.1600    
         537   758.2882    
         538   741.8727    
         539   740.2842    
         540   729.6935    
         541   770.4674    
         542   736.5775    
         543   750.3453    
         544   793.2372    
         545   789.5306    
         546   807.0051    
         547   778.4104    
         548   763.5836    
         549   790.0601    
         550   827.1273    
         551   790.0601    
         552   819.1843    
         553   843.0132    
         554   834.0112    
         555   883.7870    
         556   863.6649    
         557   853.0743    
         558   855.1924    
         559   871.0783    
         560   880.6099    
         561   872.6669    
         562   851.4857    
         563   852.0152    
         564   891.2004    
         565   847.7789    
         566   862.0763    
         567   882.1984    
         568   864.7239    
         569   885.3756    
         570   880.0803    
         571   850.4266    
         572   840.8950    
         573   873.7260    
         574   874.7850    
         575   859.4286    
         576   857.8400    
         577   834.5406    
         578   859.9581    
         579   855.7219    
         580   884.3166    
         581   854.1333    
         582   874.2555    
         583   846.7198    
         584   856.7809    
         585   837.1884    
         586   874.2555    
         587   837.7178    
         588   855.7219    
         589   834.5406    
         590   827.6567    
         591   861.5468    
         592   818.1252    
         593   825.5386    
         594   834.5406    
         595   842.4836    
         596   852.5447    
         597   862.6058    
         598   845.1313    
         599   861.0172    
         600   840.3655    
         601   849.8971    
         602   855.1924    
         603   830.8339    
         604   848.3085    
         605   853.0742    
         606   831.3635    
         607   857.3105    
         608   828.1863    
         609   846.1904    
         610   835.5997    
         611   845.6608    
         612   823.9501    
         613   839.3065    
         614   821.3024    
         615   843.5427    
         616   838.2474    
         617   824.4796    
         618   841.9541    
         619   838.2474    
         620   810.7118    
         621   855.1924    
         622   846.7199    
         623   832.4225    
         624   840.3655    
         625   827.6567    
         626   828.7158    
         627   810.7118    
         628   853.6038    
         629   819.7138    
         630   833.4816    
         631   829.2454    
         632   820.2433    
         633   843.5427    
         634   793.7668    
         635   823.4205    
         636   808.5936    
         637   827.1273    
         638   805.4165    
         639   809.6527    
         640   822.3615    
         641   813.3594    
         642   770.4674    
         643   823.4205    
         644   796.4144    
         645   796.4144    
         646   792.7077    
         647   796.9440    
         648   791.1191    
         649   771.5265    
         650   778.9399    
         651   767.2902    
         652   797.4735    
         653   762.5245    
         654   765.1721    
         655   759.3473    
         656   744.5204    
         657   769.4084    
         658   750.8748    
         659   747.1681    
         660   738.6956    
         661   719.6324    
         662   763.5836    
         663   724.9278    
         664   742.4023    
         665   751.9338    
         666   734.9889    
         667   716.9848    
         668   748.7567    
         669   718.0439    
         670   730.7526    
         671   730.2231    
         672   718.5734    
         673   730.7526    
         674   731.2822    
         675   714.3372    
         676   737.1070    
         677   718.5734    
         678   736.5775    
         679   722.8096    
         680   730.2231    
         681   725.4573    
         682   731.8117    
         683   711.6895    
         684   728.1050    
         685   719.1030    
         686   706.9237    
         687   729.6935    
         688   714.8667    
         689   705.8647    
         690   725.4573    
         691   724.3983    
         692   728.6345    
         693   740.2842    
         694   709.5714    
         695   748.2272    
         696   709.5714    
         697   758.2882    
         698   730.7526    
         699   759.3473    
         700   756.6996    
         701   769.4084    
         702   757.2292    
         703   792.1782    
         704   778.4104    
         705   791.1191    
         706   786.8829    
         707   827.1273    
         708   804.3574    
         709   825.5386    
         710   842.4836    
         711   860.4877    
         712   885.3756    
         713   920.8542    
         714   919.2656    
         715   912.3817    
         716   989.1637    
         717   989.1637    
         718   1050.060    
         719   1031.526    
         720   1107.249    
         721   1189.326    
         722   1244.398    
         723   1290.467    
         724   1356.129    
         725   1469.448    
         726   1532.992    
         727   1671.199    
         728   1841.708    
         729   2019.631    
         730   2482.970    
         731   2670.424    
         732   2319.345    
         733   1851.770    
         734   1507.574    
         735   1318.532    
         736   1149.082    
         737   981.7502    
         738   894.3777    
         739   823.4205    
         740   748.7567    
         741   714.3372    
         742   650.2639    
         743   628.5532    
         744   592.0155    
         745   557.5960    
         746   541.1805    
         747   513.1154    
         748   495.1114    
         749   485.0503    
         750   472.3416    
         751   470.7530    
         752   436.3334    
         753   427.3314    
         754   429.4496    
         755   409.8569    
         756   399.7958    
         757   393.9710    
         758   398.2072    
         759   383.9099    
         760   368.0240    
         761   365.3763    
         762   367.4944    
         763   333.6045    
         764   357.4333    
         765   337.8407    
         766   353.7266    
         767   345.2541    
         768   324.6024    
         769   326.1910    
         770   328.8387    
         771   323.5434    
         772   312.9528    
         773   309.7756    
         774   310.8346    
         775   308.7165    
         776   308.7165    
         777   294.9487    
         778   321.9548    
         779   291.7715    
         780   298.1259    
         781   311.8937    
         782   295.4782    
         783   298.6554    
         784   287.5353    
         785   291.7715    
         786   299.1849    
         787   300.2440    
         788   285.4171    
         789   291.7715    
         790   285.9467    
         791   288.5943    
         792   280.6514    
         793   281.7104    
         794   289.1239    
         795   271.6494    
         796   274.2970    
         797   267.4131    
         798   262.1178    
         799   262.1178    
         800   264.7654    
         801   282.2400    
         802   248.3500    
         803   271.1198    
         804   249.9386    
         805   247.8204    
         806   249.9386    
         807   242.5251    
         808   242.5251    
         809   245.1728    
         810   240.9366    
         811   239.3480    
         812   227.1687    
         813   245.1728    
         814   228.7573    
         815   236.7003    
         816   226.1097    
         817   221.8734    
         818   227.1687    
         819   227.1687    
         820   207.5761    
         821   220.2849    
         822   203.8694    
         823   213.4009    
         824   207.0466    
         825   200.1627    
         826   195.9264    
         827   190.6311    
         828   195.9264    
         829   176.3338    
         830   196.9855    
         831   179.5110    
         832   168.3908    
         833   195.9264    
         834   165.2136    
         835   169.9794    
         836   174.7452    
         837   167.3318    
         838   154.6230    
         839   167.8613    
         840   153.0344    
         841   155.6821    
         842   158.8593    
         843   141.3848    
         844   160.9774    
         845   132.9122    
         846   154.0935    
         847   128.1465    
         848   141.3848    
         849   140.8552    
         850   137.6780    
         851   130.7941    
         852   117.0263    
         853   126.0284    
         854   122.3216    
         855   116.4968    
         856   121.7921    
         857   114.9082    
         858   112.7901    
         859   111.2015    
         860   105.9062    
         861   104.8471    
         862   108.5538    
         863   94.25650    
         864   109.0834    
         865   99.55180    
         866   95.84509    
         867   105.3766    
         868   95.84509    
         869   87.37260    
         870   102.1995    
         871   89.49072    
         872   95.31556    
         873   91.60884    
         874   99.02228    
         875   92.66791    
         876   94.78603    
         877   88.43166    
         878   91.07932    
         879   90.54978    
         880   87.37260    
         881   87.90213    
         882   84.72494    
         883   93.19743    
         884   80.48869    
         885   87.90213    
         886   90.02025    
         887   90.02025    
         888   89.49072    
         889   85.78400    
         890   91.60884    
         891   82.07729    
         892   90.54978    
         893   91.07932    
         894   84.19541    
         895   81.54776    
         896   85.78400    
         897   91.60884    
         898   82.60682    
         899   84.19541    
         900   85.78400    
         901   86.84306    
         902   84.72494    
         903   77.84104    
         904   79.95917    
         905   83.66588    
         906   81.54775    
         907   88.43166    
         908   76.25245    
         909   78.37057    
         910   85.25447    
         911   75.72292    
         912   80.48869    
         913   71.48667    
         914   76.25245    
         915   79.42963    
         916   78.37057    
         917   79.42963    
         918   70.95714    
         919   79.95917    
         920   72.54573    
         921   76.25245    
         922   78.90010    
         923   74.66386    
         924   74.13432    
         925   69.89808    
         926   74.13432    
         927   81.54775    
         928   68.30949    
         929   68.83902    
         930   78.37057    
         931   61.42558    
         932   73.07526    
         933   70.42760    
         934   71.48667    
         935   69.89808    
         936   66.19136    
         937   72.01620    
         938   77.31151    
         939   72.54573    
         940   67.77995    
         941   74.66386    
         942   65.66183    
         943   73.60480    
         944   76.78198    
         945   67.25042    
         946   62.48465    
         947   69.36855    
         948   73.07526    
         949   63.01418    
         950   75.19339    
         951   76.78197    
         952   64.07323    
         953   72.01620    
         954   66.72089    
         955   73.07526    
         956   75.72292    
         957   68.30949    
         958   76.25245    
         959   78.37057    
         960   79.95917    
         961   72.01620    
         962   74.66386    
         963   69.36855    
         964   83.13635    
         965   77.84104    
         966   74.66386    
         967   81.01823    
         968   77.84104    
         969   75.72292    
         970   70.42760    
         971   84.19541    
         972   79.42963    
         973   83.13634    
         974   72.01620    
         975   81.01823    
         976   82.60682    
         977   83.13635    
         978   83.66588    
         979   93.19743    
         980   85.78400    
         981   82.07729    
         982   93.19743    
         983   82.60682    
         984   93.72697    
         985   102.1995    
         986   83.66588    
         987   94.25650    
         988   94.25650    
         989   98.49274    
         990   85.25447    
         991   97.96322    
         992   93.72697    
         993   91.07932    
         994   84.72494    
         995   102.1995    
         996   91.07932    
         997   89.49072    
         998   94.25650    
         999   90.02025    
        1000   85.25447    
        1001   95.84509    
        1002   83.66588    
        1003   94.78603    
        1004   89.49072    
        1005   96.37462    
        1006   95.84509    
        1007   88.43166    
        1008   86.84306    
        1009   95.84509    
        1010   90.02025    
        1011   88.96119    
        1012   84.19541    
        1013   104.8471    
        1014   94.78603    
        1015   84.72495    
        1016   92.66791    
        1017   87.90213    
        1018   94.25650    
        1019   83.13635    
        1020   87.37260    
        1021   86.84306    
        1022   85.78400    
        1023   81.01823    
        1024   95.31556    
