 #   Y    A
           1  0.0000000E+00
           2  0.0000000E+00
           3  0.0000000E+00
           4  0.0000000E+00
           5  0.0000000E+00
           6  0.0000000E+00
           7  0.0000000E+00
           8  0.0000000E+00
           9  0.0000000E+00
          10  0.0000000E+00
          11  0.0000000E+00
          12  0.0000000E+00
          13  0.0000000E+00
          14  0.0000000E+00
          15  0.0000000E+00
          16  0.0000000E+00
          17  0.0000000E+00
          18  0.0000000E+00
          19  0.0000000E+00
          20  0.0000000E+00
          21  0.0000000E+00
          22  0.0000000E+00
          23  0.0000000E+00
          24  0.0000000E+00
          25  0.0000000E+00
          26  0.0000000E+00
          27  0.0000000E+00
          28  0.0000000E+00
          29  0.0000000E+00
          30  0.0000000E+00
          31  0.0000000E+00
          32  0.0000000E+00
          33  0.0000000E+00
          34  0.0000000E+00
          35  0.0000000E+00
          36  0.0000000E+00
          37  0.0000000E+00
          38  0.0000000E+00
          39  0.0000000E+00
          40  0.0000000E+00
          41  0.0000000E+00
          42  0.0000000E+00
          43  0.0000000E+00
          44  0.0000000E+00
          45  0.0000000E+00
          46  0.0000000E+00
          47  0.0000000E+00
          48  0.0000000E+00
          49  0.0000000E+00
          50  0.0000000E+00
          51  0.0000000E+00
          52  0.0000000E+00
          53  0.0000000E+00
          54  0.0000000E+00
          55  0.0000000E+00
          56  0.0000000E+00
          57  0.0000000E+00
          58  0.0000000E+00
          59  0.0000000E+00
          60  0.0000000E+00
          61  0.0000000E+00
          62  0.0000000E+00
          63  0.0000000E+00
          64  0.0000000E+00
          65  0.0000000E+00
          66  0.0000000E+00
          67  0.0000000E+00
          68  0.0000000E+00
          69  0.0000000E+00
          70  0.0000000E+00
          71  0.0000000E+00
          72  0.0000000E+00
          73  0.0000000E+00
          74  0.0000000E+00
          75  0.0000000E+00
          76  0.0000000E+00
          77  0.0000000E+00
          78  0.0000000E+00
          79  0.0000000E+00
          80  0.0000000E+00
          81  0.0000000E+00
          82  0.0000000E+00
          83  0.0000000E+00
          84  0.0000000E+00
          85  0.0000000E+00
          86  0.0000000E+00
          87  0.0000000E+00
          88  0.0000000E+00
          89  0.0000000E+00
          90  0.0000000E+00
          91  0.0000000E+00
          92  0.0000000E+00
          93  0.0000000E+00
          94  0.0000000E+00
          95  0.0000000E+00
          96  0.0000000E+00
          97  0.0000000E+00
          98  0.0000000E+00
          99  0.0000000E+00
         100  0.0000000E+00
         101  0.0000000E+00
         102  0.0000000E+00
         103  0.0000000E+00
         104  0.0000000E+00
         105  0.0000000E+00
         106  0.0000000E+00
         107  0.0000000E+00
         108  0.0000000E+00
         109  0.0000000E+00
         110  0.0000000E+00
         111  0.0000000E+00
         112  0.0000000E+00
         113  0.0000000E+00
         114  0.0000000E+00
         115  0.0000000E+00
         116  0.0000000E+00
         117  0.0000000E+00
         118  0.0000000E+00
         119  0.0000000E+00
         120  0.0000000E+00
         121  0.0000000E+00
         122  0.0000000E+00
         123  0.0000000E+00
         124  0.0000000E+00
         125  0.0000000E+00
         126  0.0000000E+00
         127  0.0000000E+00
         128  0.0000000E+00
         129  0.0000000E+00
         130  0.0000000E+00
         131  0.0000000E+00
         132  0.0000000E+00
         133  0.0000000E+00
         134  0.0000000E+00
         135  0.0000000E+00
         136  0.0000000E+00
         137  0.0000000E+00
         138  0.0000000E+00
         139  0.0000000E+00
         140  0.0000000E+00
         141  0.0000000E+00
         142  0.0000000E+00
         143  0.0000000E+00
         144  0.0000000E+00
         145  0.0000000E+00
         146  0.0000000E+00
         147  0.0000000E+00
         148  0.0000000E+00
         149  0.0000000E+00
         150  0.0000000E+00
         151  0.0000000E+00
         152  0.0000000E+00
         153  0.0000000E+00
         154  0.0000000E+00
         155  0.0000000E+00
         156  0.0000000E+00
         157  0.0000000E+00
         158  0.0000000E+00
         159  0.0000000E+00
         160  0.0000000E+00
         161  0.0000000E+00
         162  0.0000000E+00
         163  0.0000000E+00
         164  0.0000000E+00
         165  0.0000000E+00
         166  0.0000000E+00
         167  0.0000000E+00
         168  0.0000000E+00
         169  0.0000000E+00
         170  0.0000000E+00
         171  0.0000000E+00
         172  0.0000000E+00
         173  0.0000000E+00
         174  0.0000000E+00
         175  0.0000000E+00
         176  0.0000000E+00
         177  0.0000000E+00
         178  0.0000000E+00
         179  0.0000000E+00
         180  0.0000000E+00
         181  0.0000000E+00
         182  0.0000000E+00
         183  0.0000000E+00
         184  0.0000000E+00
         185  0.0000000E+00
         186  0.0000000E+00
         187  0.0000000E+00
         188  0.0000000E+00
         189  0.0000000E+00
         190  0.0000000E+00
         191  0.0000000E+00
         192  0.0000000E+00
         193  0.0000000E+00
         194  0.0000000E+00
         195  0.0000000E+00
         196  0.0000000E+00
         197  0.0000000E+00
         198  0.0000000E+00
         199  0.0000000E+00
         200  0.0000000E+00
         201  0.0000000E+00
         202  0.0000000E+00
         203  0.0000000E+00
         204  0.0000000E+00
         205  0.0000000E+00
         206  0.0000000E+00
         207  0.0000000E+00
         208  0.0000000E+00
         209  0.0000000E+00
         210  0.0000000E+00
         211  0.0000000E+00
         212  0.0000000E+00
         213  0.0000000E+00
         214  0.0000000E+00
         215  0.0000000E+00
         216  0.0000000E+00
         217  0.0000000E+00
         218  0.0000000E+00
         219  0.0000000E+00
         220  0.0000000E+00
         221  0.0000000E+00
         222  0.0000000E+00
         223  0.0000000E+00
         224  0.0000000E+00
         225  0.0000000E+00
         226  0.0000000E+00
         227  0.0000000E+00
         228  0.0000000E+00
         229  0.0000000E+00
         230  0.0000000E+00
         231  0.0000000E+00
         232  0.0000000E+00
         233  0.0000000E+00
         234  0.0000000E+00
         235  0.0000000E+00
         236  0.0000000E+00
         237  0.0000000E+00
         238  0.0000000E+00
         239   1.059062    
         240   4.236247    
         241   11.12015    
         242   16.41546    
         243   17.47452    
         244   16.41546    
         245   19.59264    
         246   21.71077    
         247   20.65170    
         248   21.18124    
         249   21.18124    
         250   23.29936    
         251   18.00405    
         252   18.53358    
         253   24.35842    
         254   12.70874    
         255   23.29936    
         256   32.83091    
         257   28.59467    
         258   21.71077    
         259   20.12217    
         260   22.24030    
         261   15.35640    
         262   25.41748    
         263   22.24030    
         264   23.29936    
         265   22.24030    
         266   29.12420    
         267   24.35842    
         268   22.24030    
         269   24.88795    
         270   24.88795    
         271   23.82889    
         272   23.29936    
         273   24.88795    
         274   29.12420    
         275   27.53561    
         276   22.24030    
         277   26.47654    
         278   20.65170    
         279   28.06514    
         280   37.59669    
         281   28.59467    
         282   24.88795    
         283   28.59467    
         284   32.30138    
         285   28.59467    
         286   26.47654    
         287   24.35842    
         288   26.47654    
         289   25.94701    
         290   26.47654    
         291   33.88998    
         292   32.30138    
         293   31.77185    
         294   32.30138    
         295   31.24232    
         296   32.30138    
         297   30.18326    
         298   30.71279    
         299   35.47857    
         300   29.12420    
         301   42.89200    
         302   30.71279    
         303   42.36247    
         304   40.77388    
         305   31.24232    
         306   36.53763    
         307   36.53763    
         308   33.36045    
         309   31.77185    
         310   31.24232    
         311   37.59669    
         312   57.71886    
         313   34.41951    
         314   37.59669    
         315   32.83091    
         316   37.06716    
         317   48.18731    
         318   55.07121    
         319   43.95107    
         320   57.71886    
         321   51.89403    
         322   39.71482    
         323   44.48059    
         324   51.89403    
         325   41.30341    
         326   56.65981    
         327   52.95309    
         328   62.48465    
         329   61.95511    
         330   52.42356    
         331   53.48262    
         332   59.83699    
         333   81.01823    
         334   65.13230    
         335   74.66386    
         336   82.07729    
         337   67.77995    
         338   86.84306    
         339   96.37462    
         340   84.72494    
         341   106.9652    
         342   112.2606    
         343   104.3176    
         344   117.0263    
         345   117.0263    
         346   131.3237    
         347   141.9143    
         348   140.8552    
         349   150.9163    
         350   157.8002    
         351   172.6271    
         352   189.0425    
         353   199.6331    
         354   180.0405    
         355   212.8714    
         356   198.0446    
         357   193.8083    
         358   203.3399    
         359   209.1647    
         360   223.4620    
         361   204.9285    
         362   221.8734    
         363   224.5211    
         364   195.3969    
         365   207.5761    
         366   226.6392    
         367   217.6372    
         368   210.7533    
         369   218.6963    
         370   214.4600    
         371   224.5211    
         372   229.8164    
         373   207.0466    
         374   223.9916    
         375   226.1097    
         376   230.3459    
         377   227.1687    
         378   227.1687    
         379   236.1708    
         380   249.9386    
         381   252.0567    
         382   265.2950    
         383   273.7675    
         384   269.0017    
         385   296.0078    
         386   303.4212    
         387   302.3621    
         388   326.1910    
         389   319.8366    
         390   335.7226    
         391   325.6615    
         392   360.0810    
         393   353.7266    
         394   343.1360    
         395   386.5576    
         396   396.0891    
         397   384.4394    
         398   394.5005    
         399   405.6207    
         400   422.0361    
         401   406.1502    
         402   395.0300    
         403   422.5656    
         404   422.0361    
         405   445.3355    
         406   389.2052    
         407   451.6898    
         408   433.1562    
         409   422.5656    
         410   472.8711    
         411   455.3965    
         412   477.6369    
         413   479.7550    
         414   477.1073    
         415   497.7590    
         416   506.2315    
         417   503.0544    
         418   510.9973    
         419   522.1174    
         420   538.5329    
         421   521.0584    
         422   556.0074    
         423   550.7121    
         424   549.1235    
         425   555.4779    
         426   573.4819    
         427   566.0685    
         428   559.7142    
         429   585.6611    
         430   587.7793    
         431   570.8343    
         432   564.4799    
         433   566.5980    
         434   562.3618    
         435   581.4249    
         436   588.8383    
         437   580.3658    
         438   590.4269    
         439   568.7162    
         440   584.0726    
         441   588.3088    
         442   595.1927    
         443   581.9545    
         444   578.2477    
         445   565.5390    
         446   617.4330    
         447   593.6041    
         448   622.1988    
         449   599.4290    
         450   607.9014    
         451   624.8464    
         452   599.4290    
         453   649.2048    
         454   633.8484    
         455   632.2599    
         456   646.5572    
         457   648.1458    
         458   700.0398    
         459   675.6814    
         460   684.6834    
         461   703.2170    
         462   712.2191    
         463   719.1030    
         464   722.8096    
         465   774.1741    
         466   795.8849    
         467   792.7077    
         468   801.7098    
         469   840.3655    
         470   857.8400    
         471   798.5326    
         472   852.5447    
         473   814.4185    
         474   845.1313    
         475   859.9581    
         476   839.8360    
         477   839.3065    
         478   849.8971    
         479   846.1904    
         480   820.2433    
         481   849.3676    
         482   867.9011    
         483   812.8299    
         484   875.8441    
         485   889.6119    
         486   813.8890    
         487   855.1924    
         488   897.5549    
         489   854.6628    
         490   904.4387    
         491   876.9031    
         492   864.1944    
         493   902.3206    
         494   867.3716    
         495   958.4509    
         496   952.0966    
         497   908.6750    
         498   960.0395    
         499   1001.343    
         500   965.3348    
         501   992.8704    
         502   942.0355    
         503   1027.290    
         504   978.5731    
         505   1063.298    
         506   1008.756    
         507   990.7523    
         508   994.4590    
         509   1006.638    
         510   1041.058    
         511   1039.469    
         512   1054.296    
         513   1046.883    
         514   1053.766    
         515   1079.714    
         516   1101.424    
         517   1118.369    
         518   1101.424    
         519   1123.135    
         520   1162.320    
         521   1135.314    
         522   1128.960    
         523   1162.850    
         524   1146.964    
         525   1166.027    
         526   1172.381    
         527   1184.031    
         528   1204.153    
         529   1198.858    
         530   1176.618    
         531   1216.862    
         532   1180.854    
         533   1206.801    
         534   1173.970    
         535   1171.852    
         536   1188.267    
         537   1136.373    
         538   1200.447    
         539   1160.732    
         540   1153.318    
         541   1163.909    
         542   1167.086    
         543   1124.724    
         544   1158.084    
         545   1122.076    
         546   1125.253    
         547   1126.842    
         548   1106.190    
         549   1117.310    
         550   1088.715    
         551   1108.308    
         552   1117.840    
         553   1109.367    
         554   1136.373    
         555   1144.846    
         556   1172.911    
         557   1160.732    
         558   1179.795    
         559   1213.155    
         560   1173.440    
         561   1222.157    
         562   1203.624    
         563   1202.035    
         564   1236.455    
         565   1256.047    
         566   1245.457    
         567   1233.807    
         568   1281.465    
         569   1202.035    
         570   1283.583    
         571   1267.697    
         572   1243.339    
         573   1311.648    
         574   1283.583    
         575   1306.882    
         576   1296.292    
         577   1314.825    
         578   1322.768    
         579   1304.235    
         580   1259.754    
         581   1325.945    
         582   1234.337    
         583   1307.941    
         584   1272.463    
         585   1256.047    
         586   1297.351    
         587   1263.990    
         588   1263.461    
         589   1290.996    
         590   1253.929    
         591   1311.118    
         592   1268.226    
         593   1319.061    
         594   1224.805    
         595   1310.589    
         596   1261.343    
         597   1283.053    
         598   1265.049    
         599   1280.935    
         600   1274.581    
         601   1314.825    
         602   1284.112    
         603   1268.756    
         604   1298.410    
         605   1272.992    
         606   1293.644    
         607   1290.467    
         608   1271.933    
         609   1318.002    
         610   1274.581    
         611   1302.116    
         612   1320.650    
         613   1356.658    
         614   1320.650    
         615   1351.892    
         616   1363.542    
         617   1420.202    
         618   1395.314    
         619   1486.393    
         620   1507.574    
         621   1508.104    
         622   1597.065    
         623   1647.900    
         624   1687.085    
         625   1767.045    
         626   1795.110    
         627   1893.073    
         628   2079.997    
         629   2136.128    
         630   2334.172    
         631   2498.327    
         632   2962.725    
         633   3229.079    
         634   3870.871    
         635   4358.039    
         636   4347.978    
         637   4177.999    
         638   3756.492    
         639   3247.613    
         640   2691.076    
         641   2394.539    
         642   2118.653    
         643   1899.427    
         644   1765.456    
         645   1641.016    
         646   1569.000    
         647   1491.688    
         648   1356.658    
         649   1336.006    
         650   1258.165    
         651   1177.147    
         652   1122.605    
         653   1068.593    
         654   1030.467    
         655   1004.520    
         656   956.3328    
         657   946.2717    
         658   904.4387    
         659   863.6649    
         660   857.3105    
         661   839.3065    
         662   823.9501    
         663   830.8339    
         664   808.5937    
         665   784.7648    
         666   770.4674    
         667   767.8198    
         668   770.4674    
         669   733.4003    
         670   739.2251    
         671   722.2802    
         672   709.5714    
         673   710.6304    
         674   691.5673    
         675   698.9808    
         676   690.5083    
         677   674.6224    
         678   657.1478    
         679   645.4982    
         680   618.4921    
         681   624.8464    
         682   601.5471    
         683   602.0766    
         684   573.4819    
         685   590.4269    
         686   580.8954    
         687   550.7121    
         688   554.4188    
         689   539.5920    
         690   514.1745    
         691   539.5920    
         692   527.9423    
         693   469.6939    
         694   499.3476    
         695   469.6939    
         696   461.7509    
         697   487.6979    
         698   431.5677    
         699   450.1013    
         700   432.0972    
         701   423.0952    
         702   402.4435    
         703   401.3844    
         704   382.8508    
         705   370.1421    
         706   369.6125    
         707   365.3763    
         708   334.6635    
         709   356.9038    
         710   344.1951    
         711   340.4883    
         712   338.8998    
         713   334.6635    
         714   321.9548    
         715   300.2440    
         716   317.1890    
         717   307.6574    
         718   310.3051    
         719   300.2440    
         720   296.0078    
         721   290.1829    
         722   288.0648    
         723   283.8286    
         724   295.4782    
         725   283.8286    
         726   288.0648    
         727   282.2400    
         728   285.4171    
         729   263.1768    
         730   283.8286    
         731   274.8265    
         732   253.1158    
         733   269.5312    
         734   258.9406    
         735   274.2970    
         736   263.1768    
         737   262.1178    
         738   254.7044    
         739   253.6453    
         740   259.9997    
         741   246.2319    
         742   248.8795    
         743   254.7044    
         744   248.8795    
         745   238.2889    
         746   254.1748    
         747   234.5822    
         748   245.7023    
         749   246.7614    
         750   224.5211    
         751   246.7614    
         752   225.5802    
         753   230.8755    
         754   230.8755    
         755   234.0526    
         756   228.7573    
         757   227.1687    
         758   235.1117    
         759   213.4009    
         760   211.8123    
         761   231.4050    
         762   233.5231    
         763   221.8734    
         764   217.6372    
         765   222.9325    
         766   220.2849    
         767   210.2238    
         768   217.6372    
         769   222.4030    
         770   207.5761    
         771   207.0466    
         772   227.1687    
         773   217.6372    
         774   205.9875    
         775   194.3378    
         776   228.7573    
         777   189.0425    
         778   205.9875    
         779   210.2238    
         780   193.2788    
         781   209.1647    
         782   201.7513    
         783   194.8674    
         784   184.8063    
         785   201.7513    
         786   192.7492    
         787   195.9264    
         788   182.6882    
         789   195.3969    
         790   196.4560    
         791   181.0996    
         792   193.8083    
         793   200.6922    
         794   176.3338    
         795   193.2788    
         796   207.0466    
         797   191.6902    
         798   193.8083    
         799   180.0405    
         800   207.0466    
         801   196.4560    
         802   188.5130    
         803   202.2808    
         804   195.9264    
         805   202.2808    
         806   195.3969    
         807   203.3399    
         808   198.5741    
         809   207.0466    
         810   191.1606    
         811   203.8694    
         812   211.2828    
         813   194.3378    
         814   211.2828    
         815   191.6902    
         816   211.8123    
         817   188.5130    
         818   209.1647    
         819   191.1606    
         820   196.4560    
         821   200.1627    
         822   192.7492    
         823   191.6902    
         824   192.2197    
         825   185.3358    
         826   180.5700    
         827   195.9264    
         828   188.5130    
         829   176.3338    
         830   195.3969    
         831   184.8063    
         832   184.2767    
         833   189.0425    
         834   170.5089    
         835   175.2747    
         836   184.2767    
         837   177.9224    
         838   176.8633    
         839   164.6841    
         840   166.8022    
         841   173.6861    
         842   170.5089    
         843   163.6250    
         844   159.3888    
         845   156.7411    
         846   166.8022    
         847   155.1526    
         848   142.4438    
         849   153.5639    
         850   163.0955    
         851   154.6230    
         852   142.4438    
         853   148.2686    
         854   147.2096    
         855   142.9733    
         856   144.0324    
         857   138.7371    
         858   135.0304    
         859   137.6780    
         860   138.2076    
         861   135.0304    
         862   135.0304    
         863   123.9102    
         864   122.3216    
         865   126.0284    
         866   128.6760    
         867   119.1444    
         868   108.5538    
         869   125.4988    
         870   118.0854    
         871   102.7290    
         872   125.4988    
         873   99.02228    
         874   95.31556    
         875   79.42963    
         876   74.66386    
         877   72.01620    
         878   65.66183    
         879   67.77995    
         880   68.83901    
         881   62.48465    
         882   61.95511    
         883   69.36855    
         884   64.07323    
         885   57.71887    
         886   64.07323    
         887   59.30746    
         888   63.01418    
         889   63.01418    
         890   56.65981    
         891   51.89403    
         892   69.36855    
         893   58.24840    
         894   51.89403    
         895   60.36652    
         896   52.42356    
         897   62.48465    
         898   53.48262    
         899   52.42356    
         900   59.30746    
         901   51.36450    
         902   51.36449    
         903   59.83699    
         904   51.36449    
         905   52.42356    
         906   48.18731    
         907   53.48262    
         908   54.01215    
         909   54.01215    
         910   50.30544    
         911   55.07121    
         912   47.12825    
         913   61.95511    
         914   47.65778    
         915   43.42153    
         916   51.89403    
         917   55.60074    
         918   50.30544    
         919   51.36449    
         920   48.18731    
         921   56.13028    
         922   52.42356    
         923   54.01215    
         924   57.71886    
         925   56.13027    
         926   92.13837    
         927   90.02025    
         928   1.059062    
         929  0.0000000E+00
         930  0.0000000E+00
         931  0.0000000E+00
         932  0.0000000E+00
         933  0.0000000E+00
         934  0.0000000E+00
         935  0.0000000E+00
         936  0.0000000E+00
         937  0.0000000E+00
         938  0.0000000E+00
         939  0.0000000E+00
         940  0.0000000E+00
         941  0.0000000E+00
         942  0.0000000E+00
         943  0.0000000E+00
         944  0.0000000E+00
         945  0.0000000E+00
         946  0.0000000E+00
         947  0.0000000E+00
         948  0.0000000E+00
         949  0.0000000E+00
         950  0.0000000E+00
         951  0.0000000E+00
         952  0.0000000E+00
         953  0.0000000E+00
         954  0.0000000E+00
         955  0.0000000E+00
         956  0.0000000E+00
         957  0.0000000E+00
         958  0.0000000E+00
         959  0.0000000E+00
         960  0.0000000E+00
         961  0.0000000E+00
         962  0.0000000E+00
         963  0.0000000E+00
         964  0.0000000E+00
         965  0.0000000E+00
         966  0.0000000E+00
         967  0.0000000E+00
         968  0.0000000E+00
         969  0.0000000E+00
         970  0.0000000E+00
         971  0.0000000E+00
         972  0.0000000E+00
         973  0.0000000E+00
         974  0.0000000E+00
         975  0.0000000E+00
         976  0.0000000E+00
         977  0.0000000E+00
         978  0.0000000E+00
         979  0.0000000E+00
         980  0.0000000E+00
         981  0.0000000E+00
         982  0.0000000E+00
         983  0.0000000E+00
         984  0.0000000E+00
         985  0.0000000E+00
         986  0.0000000E+00
         987  0.0000000E+00
         988  0.0000000E+00
         989  0.0000000E+00
         990  0.0000000E+00
         991  0.0000000E+00
         992  0.0000000E+00
         993  0.0000000E+00
         994  0.0000000E+00
         995  0.0000000E+00
         996  0.0000000E+00
         997  0.0000000E+00
         998  0.0000000E+00
         999  0.0000000E+00
        1000  0.0000000E+00
        1001  0.0000000E+00
        1002  0.0000000E+00
        1003  0.0000000E+00
        1004  0.0000000E+00
        1005  0.0000000E+00
        1006  0.0000000E+00
        1007  0.0000000E+00
        1008  0.0000000E+00
        1009  0.0000000E+00
        1010  0.0000000E+00
        1011  0.0000000E+00
        1012  0.0000000E+00
        1013  0.0000000E+00
        1014  0.0000000E+00
        1015  0.0000000E+00
        1016  0.0000000E+00
        1017  0.0000000E+00
        1018  0.0000000E+00
        1019  0.0000000E+00
        1020  0.0000000E+00
        1021  0.0000000E+00
        1022  0.0000000E+00
        1023  0.0000000E+00
        1024  0.0000000E+00
