 #   Y    A
           1  0.0000000E+00
           2  0.0000000E+00
           3  0.0000000E+00
           4  0.0000000E+00
           5  0.0000000E+00
           6  0.0000000E+00
           7  0.0000000E+00
           8  0.0000000E+00
           9  0.0000000E+00
          10  0.0000000E+00
          11  0.0000000E+00
          12  0.0000000E+00
          13  0.0000000E+00
          14  0.0000000E+00
          15  0.0000000E+00
          16  0.0000000E+00
          17  0.0000000E+00
          18  0.0000000E+00
          19  0.0000000E+00
          20  0.0000000E+00
          21  0.0000000E+00
          22  0.0000000E+00
          23  0.0000000E+00
          24  0.0000000E+00
          25  0.0000000E+00
          26  0.0000000E+00
          27  0.0000000E+00
          28  0.0000000E+00
          29  0.0000000E+00
          30  0.0000000E+00
          31  0.0000000E+00
          32  0.0000000E+00
          33  0.0000000E+00
          34  0.0000000E+00
          35  0.0000000E+00
          36  0.0000000E+00
          37  0.0000000E+00
          38  0.0000000E+00
          39  0.0000000E+00
          40  0.0000000E+00
          41  0.0000000E+00
          42  0.0000000E+00
          43  0.0000000E+00
          44  0.0000000E+00
          45  0.0000000E+00
          46  0.0000000E+00
          47  0.0000000E+00
          48  0.0000000E+00
          49  0.0000000E+00
          50  0.0000000E+00
          51  0.0000000E+00
          52  0.0000000E+00
          53  0.0000000E+00
          54  0.0000000E+00
          55  0.0000000E+00
          56  0.0000000E+00
          57  0.0000000E+00
          58  0.0000000E+00
          59  0.0000000E+00
          60  0.0000000E+00
          61  0.0000000E+00
          62  0.0000000E+00
          63  0.0000000E+00
          64  0.0000000E+00
          65  0.0000000E+00
          66  0.0000000E+00
          67  0.0000000E+00
          68  0.0000000E+00
          69  0.0000000E+00
          70  0.0000000E+00
          71  0.0000000E+00
          72  0.0000000E+00
          73  0.0000000E+00
          74  0.0000000E+00
          75  0.0000000E+00
          76  0.0000000E+00
          77  0.0000000E+00
          78  0.0000000E+00
          79  0.0000000E+00
          80  0.0000000E+00
          81  0.0000000E+00
          82  0.0000000E+00
          83  0.0000000E+00
          84  0.0000000E+00
          85  0.0000000E+00
          86  0.0000000E+00
          87  0.0000000E+00
          88  0.0000000E+00
          89  0.0000000E+00
          90  0.0000000E+00
          91  0.0000000E+00
          92  0.0000000E+00
          93  0.0000000E+00
          94  0.0000000E+00
          95  0.0000000E+00
          96  0.0000000E+00
          97  0.0000000E+00
          98  0.0000000E+00
          99  0.0000000E+00
         100  0.0000000E+00
         101  0.0000000E+00
         102  0.0000000E+00
         103  0.0000000E+00
         104  0.0000000E+00
         105  0.0000000E+00
         106  0.0000000E+00
         107  0.0000000E+00
         108  0.0000000E+00
         109  0.0000000E+00
         110  0.0000000E+00
         111  0.0000000E+00
         112  0.0000000E+00
         113  0.0000000E+00
         114  0.0000000E+00
         115  0.0000000E+00
         116  0.0000000E+00
         117  0.0000000E+00
         118  0.0000000E+00
         119  0.0000000E+00
         120  0.0000000E+00
         121  0.0000000E+00
         122  0.0000000E+00
         123  0.0000000E+00
         124  0.0000000E+00
         125  0.0000000E+00
         126  0.0000000E+00
         127  0.0000000E+00
         128  0.0000000E+00
         129  0.0000000E+00
         130  0.0000000E+00
         131  0.0000000E+00
         132  0.0000000E+00
         133  0.0000000E+00
         134  0.0000000E+00
         135  0.0000000E+00
         136  0.0000000E+00
         137  0.0000000E+00
         138  0.0000000E+00
         139  0.0000000E+00
         140  0.0000000E+00
         141  0.0000000E+00
         142  0.0000000E+00
         143  0.0000000E+00
         144  0.0000000E+00
         145  0.0000000E+00
         146  0.0000000E+00
         147  0.0000000E+00
         148  0.0000000E+00
         149  0.0000000E+00
         150  0.0000000E+00
         151  0.0000000E+00
         152  0.0000000E+00
         153  0.0000000E+00
         154  0.0000000E+00
         155  0.0000000E+00
         156  0.0000000E+00
         157  0.0000000E+00
         158  0.0000000E+00
         159  0.0000000E+00
         160  0.0000000E+00
         161  0.0000000E+00
         162  0.0000000E+00
         163  0.0000000E+00
         164  0.0000000E+00
         165  0.0000000E+00
         166  0.0000000E+00
         167  0.0000000E+00
         168  0.0000000E+00
         169  0.0000000E+00
         170  0.0000000E+00
         171  0.0000000E+00
         172  0.0000000E+00
         173  0.0000000E+00
         174  0.0000000E+00
         175  0.0000000E+00
         176  0.0000000E+00
         177  0.0000000E+00
         178  0.0000000E+00
         179  0.0000000E+00
         180  0.0000000E+00
         181  0.0000000E+00
         182  0.0000000E+00
         183  0.0000000E+00
         184  0.0000000E+00
         185  0.0000000E+00
         186  0.0000000E+00
         187  0.0000000E+00
         188  0.0000000E+00
         189  0.0000000E+00
         190  0.0000000E+00
         191  0.0000000E+00
         192  0.0000000E+00
         193  0.0000000E+00
         194  0.0000000E+00
         195  0.0000000E+00
         196  0.0000000E+00
         197  0.0000000E+00
         198  0.0000000E+00
         199  0.0000000E+00
         200  0.0000000E+00
         201  0.0000000E+00
         202  0.0000000E+00
         203  0.0000000E+00
         204  0.0000000E+00
         205  0.0000000E+00
         206  0.0000000E+00
         207  0.0000000E+00
         208  0.0000000E+00
         209  0.0000000E+00
         210  0.0000000E+00
         211  0.0000000E+00
         212  0.0000000E+00
         213  0.0000000E+00
         214  0.0000000E+00
         215  0.5295309    
         216   2.118124    
         217   5.824840    
         218   12.70874    
         219   14.82686    
         220   16.94499    
         221   16.41546    
         222   16.94499    
         223   21.18124    
         224   21.18124    
         225   19.06311    
         226   24.35842    
         227   17.47452    
         228   21.18124    
         229   13.23827    
         230   21.18124    
         231   19.06311    
         232   14.82686    
         233   26.47654    
         234   31.24232    
         235   24.88795    
         236   16.94499    
         237   18.53358    
         238   22.24030    
         239   15.35640    
         240   23.82889    
         241   20.12217    
         242   22.76983    
         243   22.76983    
         244   24.88795    
         245   26.47654    
         246   16.94499    
         247   26.47654    
         248   20.65170    
         249   23.82889    
         250   19.59264    
         251   26.47654    
         252   25.41748    
         253   25.94701    
         254   28.06514    
         255   20.12217    
         256   25.41748    
         257   21.18124    
         258   25.41748    
         259   36.53763    
         260   29.12420    
         261   23.29936    
         262   28.06514    
         263   28.06514    
         264   24.35842    
         265   33.36045    
         266   19.59264    
         267   25.41748    
         268   26.47654    
         269   24.88795    
         270   27.00607    
         271   33.88998    
         272   31.24232    
         273   29.65373    
         274   34.41951    
         275   28.59467    
         276   31.77185    
         277   29.65373    
         278   27.53561    
         279   38.65575    
         280   30.18326    
         281   39.71482    
         282   31.24232    
         283   39.71482    
         284   40.77388    
         285   30.71279    
         286   36.53763    
         287   34.41951    
         288   34.94904    
         289   36.00810    
         290   30.71279    
         291   35.47857    
         292   51.89403    
         293   37.59669    
         294   39.18529    
         295   34.41951    
         296   38.65575    
         297   48.71684    
         298   53.48262    
         299   46.59872    
         300   56.65981    
         301   52.42356    
         302   38.65575    
         303   47.65778    
         304   55.60074    
         305   45.53966    
         306   57.18933    
         307   64.60277    
         308   64.60277    
         309   63.01418    
         310   51.89403    
         311   63.54371    
         312   72.54573    
         313   78.37057    
         314   73.60479    
         315   84.19541    
         316   84.19541    
         317   86.31354    
         318   94.25650    
         319   108.0243    
         320   108.0243    
         321   119.6740    
         322   117.0263    
         323   130.2646    
         324   135.5599    
         325   150.9163    
         326   148.2686    
         327   154.0935    
         328   156.7411    
         329   173.6861    
         330   182.1586    
         331   202.8103    
         332   184.8063    
         333   202.2808    
         334   177.3929    
         335   184.2767    
         336   203.8694    
         337   188.5130    
         338   182.1586    
         339   200.6922    
         340   186.3949    
         341   192.7492    
         342   197.5150    
         343   179.5110    
         344   174.2157    
         345   203.8694    
         346   181.0996    
         347   196.4560    
         348   189.5721    
         349   190.6311    
         350   189.5721    
         351   201.7513    
         352   194.8674    
         353   195.3969    
         354   194.3378    
         355   196.9855    
         356   211.2828    
         357   205.4580    
         358   200.6922    
         359   224.5211    
         360   209.1647    
         361   231.9345    
         362   232.4641    
         363   238.8184    
         364   261.5883    
         365   247.8204    
         366   254.7044    
         367   265.2950    
         368   291.2420    
         369   280.1218    
         370   282.2400    
         371   294.4192    
         372   303.4212    
         373   284.8876    
         374   320.8957    
         375   310.3051    
         376   316.1299    
         377   320.3662    
         378   324.6024    
         379   352.6676    
         380   342.6065    
         381   334.1340    
         382   334.6635    
         383   375.9669    
         384   321.9548    
         385   362.1991    
         386   341.5474    
         387   362.7287    
         388   345.7837    
         389   360.0810    
         390   357.9629    
         391   369.0830    
         392   365.3763    
         393   377.5555    
         394   352.1380    
         395   393.4414    
         396   369.6125    
         397   407.7388    
         398   384.4394    
         399   397.1482    
         400   397.6777    
         401   396.6186    
         402   411.4455    
         403   405.6207    
         404   407.7388    
         405   409.8569    
         406   411.4455    
         407   416.7408    
         408   411.9750    
         409   410.3864    
         410   433.1562    
         411   416.2113    
         412   408.7979    
         413   413.5636    
         414   414.0931    
         415   431.0381    
         416   413.0341    
         417   432.0972    
         418   423.6247    
         419   426.8019    
         420   418.3294    
         421   420.9771    
         422   417.2703    
         423   422.5656    
         424   431.5677    
         425   427.8610    
         426   426.2724    
         427   434.2153    
         428   426.8019    
         429   456.4556    
         430   443.7469    
         431   437.9220    
         432   465.9872    
         433   455.9261    
         434   442.1583    
         435   449.0422    
         436   461.7509    
         437   446.3945    
         438   474.4597    
         439   487.1684    
         440   471.8120    
         441   496.7000    
         442   480.8140    
         443   478.6959    
         444   510.9973    
         445   485.0503    
         446   529.5309    
         447   494.0523    
         448   529.0013    
         449   522.1174    
         450   539.0624    
         451   539.5920    
         452   579.3068    
         453   590.9565    
         454   571.8934    
         455   590.4269    
         456   597.3109    
         457   607.9014    
         458   634.9075    
         459   611.6082    
         460   633.3190    
         461   653.9706    
         462   680.9767    
         463   664.0317    
         464   693.1559    
         465   679.9177    
         466   660.8546    
         467   684.1539    
         468   677.7996    
         469   706.9237    
         470   695.8036    
         471   698.4512    
         472   698.9808    
         473   706.9237    
         474   684.6834    
         475   704.2761    
         476   688.9197    
         477   721.2211    
         478   704.8056    
         479   733.9298    
         480   680.4472    
         481   729.6935    
         482   770.9969    
         483   678.8586    
         484   690.5083    
         485   757.2292    
         486   756.6996    
         487   723.8687    
         488   807.5346    
         489   772.0560    
         490   766.2312    
         491   774.7037    
         492   765.1721    
         493   873.7260    
         494   812.3004    
         495   786.3534    
         496   828.1863    
         497   865.2535    
         498   852.5447    
         499   855.7219    
         500   831.3635    
         501   925.0905    
         502   822.8910    
         503   933.5629    
         504   930.3857    
         505   884.3166    
         506   848.3085    
         507   916.0884    
         508   880.6099    
         509   950.5079    
         510   948.3898    
         511   949.4489    
         512   972.7482    
         513   972.2187    
         514   917.6770    
         515   984.9274    
         516   1053.237    
         517   962.6871    
         518   936.7401    
         519   1024.113    
         520   998.6953    
         521   1051.648    
         522   1034.703    
         523   1048.471    
         524   1050.060    
         525   1030.997    
         526   1061.709    
         527   1045.823    
         528   1061.180    
         529   1083.420    
         530   1012.463    
         531   1083.950    
         532   1062.239    
         533   1058.532    
         534   1039.999    
         535   1028.349    
         536   1033.644    
         537   1017.758    
         538   1008.756    
         539   1059.591    
         540   987.0455    
         541   1036.821    
         542   987.5751    
         543   1025.172    
         544   1018.817    
         545   988.1046    
         546   1027.290    
         547   1030.997    
         548   972.7482    
         549   1025.701    
         550   1039.999    
         551   1033.115    
         552   1054.296    
         553   1034.174    
         554   1091.893    
         555   1060.121    
         556   1092.422    
         557   1106.190    
         558   1122.076    
         559   1114.662    
         560   1105.661    
         561   1136.373    
         562   1105.661    
         563   1115.722    
         564   1155.966    
         565   1110.426    
         566   1169.204    
         567   1133.196    
         568   1154.377    
         569   1167.086    
         570   1154.907    
         571   1143.787    
         572   1161.261    
         573   1138.491    
         574   1143.787    
         575   1128.430    
         576   1148.552    
         577   1146.434    
         578   1146.434    
         579   1154.907    
         580   1121.017    
         581   1142.198    
         582   1149.082    
         583   1122.605    
         584   1142.728    
         585   1099.306    
         586   1129.489    
         587   1106.190    
         588   1146.434    
         589   1092.952    
         590   1119.428    
         591   1094.540    
         592   1109.367    
         593   1116.781    
         594   1115.722    
         595   1115.192    
         596   1109.897    
         597   1121.017    
         598   1117.310    
         599   1094.011    
         600   1109.367    
         601   1069.652    
         602   1109.367    
         603   1103.542    
         604   1097.188    
         605   1101.954    
         606   1094.011    
         607   1105.661    
         608   1077.066    
         609   1104.601    
         610   1097.718    
         611   1103.013    
         612   1094.011    
         613   1078.654    
         614   1106.719    
         615   1078.654    
         616   1090.834    
         617   1040.528    
         618   1082.891    
         619   1059.062    
         620   1032.585    
         621   1065.946    
         622   1066.475    
         623   1057.473    
         624   1039.469    
         625   1048.471    
         626   1043.705    
         627   1091.893    
         628   1063.298    
         629   1041.058    
         630   1071.241    
         631   1082.891    
         632   1073.359    
         633   1088.715    
         634   1055.355    
         635   1113.074    
         636   1073.889    
         637   1136.903    
         638   1068.593    
         639   1124.194    
         640   1112.015    
         641   1149.612    
         642   1142.728    
         643   1205.742    
         644   1206.801    
         645   1240.161    
         646   1255.518    
         647   1319.591    
         648   1306.882    
         649   1386.841    
         650   1419.143    
         651   1492.218    
         652   1537.758    
         653   1565.293    
         654   1662.727    
         655   1731.036    
         656   1856.006    
         657   1925.374    
         658   2016.983    
         659   2268.510    
         660   2532.746    
         661   2715.434    
         662   3004.558    
         663   3390.586    
         664   3253.967    
         665   2939.426    
         666   2741.381    
         667   2459.671    
         668   2123.948    
         669   1935.435    
         670   1706.148    
         671   1496.454    
         672   1354.540    
         673   1239.632    
         674   1148.023    
         675   1056.944    
         676   997.1066    
         677   938.3287    
         678   900.2025    
         679   863.6649    
         680   847.7789    
         681   825.0091    
         682   794.8259    
         683   765.1721    
         684   738.1661    
         685   746.6385    
         686   709.5714    
         687   682.5653    
         688   688.9197    
         689   674.0928    
         690   668.2679    
         691   639.1438    
         692   641.2619    
         693   639.6733    
         694   621.6693    
         695   608.4310    
         696   616.9035    
         697   602.0766    
         698   578.2477    
         699   574.5410    
         700   548.5940    
         701   542.2396    
         702   551.7712    
         703   556.0074    
         704   531.1194    
         705   527.9423    
         706   516.8221    
         707   518.4107    
         708   517.8812    
         709   497.7590    
         710   508.8792    
         711   500.9362    
         712   474.4597    
         713   496.7000    
         714   497.2295    
         715   469.1644    
         716   467.5758    
         717   456.4556    
         718   476.0483    
         719   436.3334    
         720   452.2194    
         721   445.8650    
         722   428.9200    
         723   440.5697    
         724   409.3274    
         725   404.0321    
         726   415.1522    
         727   402.4435    
         728   382.3213    
         729   402.4435    
         730   392.9119    
         731   371.7307    
         732   365.9059    
         733   356.3743    
         734   347.9018    
         735   341.5474    
         736   357.4333    
         737   343.6656    
         738   335.7226    
         739   313.4823    
         740   327.2501    
         741   304.4803    
         742   309.7756    
         743   302.3621    
         744   304.4803    
         745   297.0668    
         746   282.7695    
         747   285.4171    
         748   272.1789    
         749   262.1178    
         750   262.1178    
         751   245.7023    
         752   253.6453    
         753   238.2889    
         754   254.1748    
         755   222.4030    
         756   244.6433    
         757   234.0527    
         758   226.1097    
         759   220.2849    
         760   219.7553    
         761   224.5211    
         762   218.6963    
         763   216.5781    
         764   212.3419    
         765   206.5170    
         766   217.1077    
         767   202.8103    
         768   211.2828    
         769   211.8123    
         770   193.8083    
         771   208.6352    
         772   199.1036    
         773   197.5150    
         774   189.5721    
         775   191.1606    
         776   199.1036    
         777   183.2177    
         778   191.1606    
         779   193.2788    
         780   186.3949    
         781   174.7452    
         782   194.3378    
         783   172.0975    
         784   191.6902    
         785   182.6882    
         786   175.2747    
         787   183.2177    
         788   182.1586    
         789   175.2747    
         790   181.0996    
         791   179.5110    
         792   166.8022    
         793   177.3928    
         794   169.9794    
         795   164.6841    
         796   180.5700    
         797   160.4479    
         798   167.3318    
         799   167.3318    
         800   159.3888    
         801   157.8002    
         802   165.2136    
         803   167.8613    
         804   160.4479    
         805   153.0344    
         806   154.0935    
         807   158.3297    
         808   146.6801    
         809   154.0935    
         810   142.9733    
         811   164.6841    
         812   156.7411    
         813   142.4438    
         814   150.9163    
         815   159.9183    
         816   144.5619    
         817   155.1525    
         818   150.9163    
         819   140.8552    
         820   149.8572    
         821   151.4458    
         822   149.3277    
         823   128.1465    
         824   150.9163    
         825   139.2666    
         826   142.9733    
         827   138.2076    
         828   139.7962    
         829   144.0324    
         830   153.0344    
         831   138.2076    
         832   137.1485    
         833   135.5599    
         834   135.5599    
         835   141.3848    
         836   136.6190    
         837   124.4398    
         838   140.8552    
         839   137.6780    
         840   135.5599    
         841   133.4418    
         842   132.9122    
         843   128.6760    
         844   131.3237    
         845   133.4418    
         846   140.3257    
         847   126.0284    
         848   140.3257    
         849   127.6169    
         850   132.9122    
         851   133.4418    
         852   137.6780    
         853   135.5599    
         854   139.2666    
         855   132.9122    
         856   145.0915    
         857   135.5599    
         858   131.8532    
         859   152.5049    
         860   140.3257    
         861   145.0915    
         862   150.9163    
         863   140.8552    
         864   150.9163    
         865   152.5049    
         866   144.5619    
         867   153.5640    
         868   160.4479    
         869   147.2096    
         870   150.9163    
         871   150.3868    
         872   163.6250    
         873   147.2096    
         874   146.1505    
         875   146.1505    
         876   157.8002    
         877   137.6780    
         878   151.9754    
         879   144.0324    
         880   140.3257    
         881   154.6230    
         882   147.2096    
         883   148.2686    
         884   160.4479    
         885   148.7982    
         886   148.7982    
         887   145.0915    
         888   137.1485    
         889   155.1525    
         890   151.9754    
         891   138.2076    
         892   150.3868    
         893   158.3297    
         894   137.1485    
         895   142.9733    
         896   128.6760    
         897   140.3257    
         898   153.5639    
         899   133.9713    
         900   133.9713    
         901   132.3827    
         902   131.8532    
         903   131.3237    
         904   130.7941    
         905   128.6760    
         906   133.4418    
         907   126.0284    
         908   123.3807    
         909   123.3807    
         910   120.7330    
         911   119.1444    
         912   126.5579    
         913   115.4377    
         914   108.0243    
         915   123.3807    
         916   113.3196    
         917   107.4948    
         918   115.4377    
         919   106.9652    
         920   111.2015    
         921   99.55180    
         922   113.3196    
         923   102.1995    
         924   99.55180    
         925   99.02228    
         926   102.1995    
         927   93.19743    
         928   91.60884    
         929   96.37462    
         930   94.78603    
         931   94.78603    
         932   84.19541    
         933   73.60480    
         934   53.48262    
         935   68.30949    
         936   61.42558    
         937   55.07121    
         938   56.13027    
         939   55.07121    
         940   50.83496    
         941   54.54168    
         942   52.42356    
         943   51.36449    
         944   50.83496    
         945   46.59872    
         946   46.06919    
         947   46.06919    
         948   47.65778    
         949   49.77590    
         950   41.83294    
         951   46.06919    
         952   41.30341    
         953   58.77793    
         954   39.71482    
         955   41.30341    
         956   43.42153    
         957   42.36247    
         958   46.59872    
         959   46.59872    
         960   42.36247    
         961   43.42153    
         962   49.24637    
         963   41.30341    
         964   48.71684    
         965   50.83496    
         966   49.24637    
         967   51.36449    
         968   79.42963    
         969   84.19541    
         970   4.765778    
         971  0.0000000E+00
         972  0.0000000E+00
         973  0.0000000E+00
         974  0.0000000E+00
         975  0.0000000E+00
         976  0.0000000E+00
         977  0.0000000E+00
         978  0.0000000E+00
         979  0.0000000E+00
         980  0.0000000E+00
         981  0.0000000E+00
         982  0.0000000E+00
         983  0.0000000E+00
         984  0.0000000E+00
         985  0.0000000E+00
         986  0.0000000E+00
         987  0.0000000E+00
         988  0.0000000E+00
         989  0.0000000E+00
         990  0.0000000E+00
         991  0.0000000E+00
         992  0.0000000E+00
         993  0.0000000E+00
         994  0.0000000E+00
         995  0.0000000E+00
         996  0.0000000E+00
         997  0.0000000E+00
         998  0.0000000E+00
         999  0.0000000E+00
        1000  0.0000000E+00
        1001  0.0000000E+00
        1002  0.0000000E+00
        1003  0.0000000E+00
        1004  0.0000000E+00
        1005  0.0000000E+00
        1006  0.0000000E+00
        1007  0.0000000E+00
        1008  0.0000000E+00
        1009  0.0000000E+00
        1010  0.0000000E+00
        1011  0.0000000E+00
        1012  0.0000000E+00
        1013  0.0000000E+00
        1014  0.0000000E+00
        1015  0.0000000E+00
        1016  0.0000000E+00
        1017  0.0000000E+00
        1018  0.0000000E+00
        1019  0.0000000E+00
        1020  0.0000000E+00
        1021  0.0000000E+00
        1022  0.0000000E+00
        1023  0.0000000E+00
        1024  0.0000000E+00
