 #   Y    A
           1  0.0000000E+00
           2  0.0000000E+00
           3  0.0000000E+00
           4  0.0000000E+00
           5  0.0000000E+00
           6  0.0000000E+00
           7  0.0000000E+00
           8  0.0000000E+00
           9  0.0000000E+00
          10  0.0000000E+00
          11  0.0000000E+00
          12  0.0000000E+00
          13  0.0000000E+00
          14  0.0000000E+00
          15  0.0000000E+00
          16  0.0000000E+00
          17  0.0000000E+00
          18  0.0000000E+00
          19  0.0000000E+00
          20  0.0000000E+00
          21  0.0000000E+00
          22  0.0000000E+00
          23  0.0000000E+00
          24  0.0000000E+00
          25  0.0000000E+00
          26  0.0000000E+00
          27  0.0000000E+00
          28  0.0000000E+00
          29  0.0000000E+00
          30  0.0000000E+00
          31  0.0000000E+00
          32  0.0000000E+00
          33  0.0000000E+00
          34  0.0000000E+00
          35  0.0000000E+00
          36  0.0000000E+00
          37  0.0000000E+00
          38  0.0000000E+00
          39  0.0000000E+00
          40  0.0000000E+00
          41  0.0000000E+00
          42  0.0000000E+00
          43  0.0000000E+00
          44  0.0000000E+00
          45  0.0000000E+00
          46  0.0000000E+00
          47  0.0000000E+00
          48  0.0000000E+00
          49  0.0000000E+00
          50  0.0000000E+00
          51  0.0000000E+00
          52  0.0000000E+00
          53  0.0000000E+00
          54  0.0000000E+00
          55  0.0000000E+00
          56  0.0000000E+00
          57  0.0000000E+00
          58  0.0000000E+00
          59  0.0000000E+00
          60  0.0000000E+00
          61  0.0000000E+00
          62  0.0000000E+00
          63  0.0000000E+00
          64  0.0000000E+00
          65  0.0000000E+00
          66  0.0000000E+00
          67  0.0000000E+00
          68  0.0000000E+00
          69  0.0000000E+00
          70  0.0000000E+00
          71  0.0000000E+00
          72  0.0000000E+00
          73  0.0000000E+00
          74  0.0000000E+00
          75  0.0000000E+00
          76  0.0000000E+00
          77  0.0000000E+00
          78  0.0000000E+00
          79  0.0000000E+00
          80  0.0000000E+00
          81  0.0000000E+00
          82  0.0000000E+00
          83  0.0000000E+00
          84  0.0000000E+00
          85  0.0000000E+00
          86  0.0000000E+00
          87  0.0000000E+00
          88  0.0000000E+00
          89  0.0000000E+00
          90  0.0000000E+00
          91  0.0000000E+00
          92  0.0000000E+00
          93  0.0000000E+00
          94  0.0000000E+00
          95  0.0000000E+00
          96  0.0000000E+00
          97  0.0000000E+00
          98  0.0000000E+00
          99  0.0000000E+00
         100  0.0000000E+00
         101  0.0000000E+00
         102  0.0000000E+00
         103  0.0000000E+00
         104  0.0000000E+00
         105  0.0000000E+00
         106  0.0000000E+00
         107  0.0000000E+00
         108  0.0000000E+00
         109  0.0000000E+00
         110  0.0000000E+00
         111  0.0000000E+00
         112  0.0000000E+00
         113  0.0000000E+00
         114  0.0000000E+00
         115  0.0000000E+00
         116  0.0000000E+00
         117  0.0000000E+00
         118  0.0000000E+00
         119  0.0000000E+00
         120  0.0000000E+00
         121  0.0000000E+00
         122  0.0000000E+00
         123  0.0000000E+00
         124  0.0000000E+00
         125  0.0000000E+00
         126  0.0000000E+00
         127  0.0000000E+00
         128  0.0000000E+00
         129  0.0000000E+00
         130  0.0000000E+00
         131  0.0000000E+00
         132  0.0000000E+00
         133  0.0000000E+00
         134  0.0000000E+00
         135  0.0000000E+00
         136  0.0000000E+00
         137  0.0000000E+00
         138  0.0000000E+00
         139  0.0000000E+00
         140  0.0000000E+00
         141  0.0000000E+00
         142  0.0000000E+00
         143  0.0000000E+00
         144  0.0000000E+00
         145  0.0000000E+00
         146  0.0000000E+00
         147  0.0000000E+00
         148  0.0000000E+00
         149  0.0000000E+00
         150  0.0000000E+00
         151  0.0000000E+00
         152  0.0000000E+00
         153  0.0000000E+00
         154  0.0000000E+00
         155  0.0000000E+00
         156  0.0000000E+00
         157  0.0000000E+00
         158  0.0000000E+00
         159  0.0000000E+00
         160  0.0000000E+00
         161  0.0000000E+00
         162  0.0000000E+00
         163  0.0000000E+00
         164  0.0000000E+00
         165  0.0000000E+00
         166  0.0000000E+00
         167  0.0000000E+00
         168  0.0000000E+00
         169  0.0000000E+00
         170  0.0000000E+00
         171  0.0000000E+00
         172  0.0000000E+00
         173  0.0000000E+00
         174  0.0000000E+00
         175  0.0000000E+00
         176  0.0000000E+00
         177  0.0000000E+00
         178  0.0000000E+00
         179  0.0000000E+00
         180  0.0000000E+00
         181  0.0000000E+00
         182  0.0000000E+00
         183  0.0000000E+00
         184  0.0000000E+00
         185  0.0000000E+00
         186  0.0000000E+00
         187  0.0000000E+00
         188  0.0000000E+00
         189  0.0000000E+00
         190  0.0000000E+00
         191  0.0000000E+00
         192  0.0000000E+00
         193  0.0000000E+00
         194  0.0000000E+00
         195  0.0000000E+00
         196  0.0000000E+00
         197  0.0000000E+00
         198  0.0000000E+00
         199  0.0000000E+00
         200  0.0000000E+00
         201  0.0000000E+00
         202  0.0000000E+00
         203  0.0000000E+00
         204  0.0000000E+00
         205  0.0000000E+00
         206  0.0000000E+00
         207  0.0000000E+00
         208  0.0000000E+00
         209  0.0000000E+00
         210  0.0000000E+00
         211  0.0000000E+00
         212  0.0000000E+00
         213  0.0000000E+00
         214  0.0000000E+00
         215  0.0000000E+00
         216  0.0000000E+00
         217  0.0000000E+00
         218  0.0000000E+00
         219  0.0000000E+00
         220  0.0000000E+00
         221  0.0000000E+00
         222  0.0000000E+00
         223  0.0000000E+00
         224  0.0000000E+00
         225  0.0000000E+00
         226  0.0000000E+00
         227  0.0000000E+00
         228  0.0000000E+00
         229  0.0000000E+00
         230  0.0000000E+00
         231  0.0000000E+00
         232  0.0000000E+00
         233  0.0000000E+00
         234  0.0000000E+00
         235  0.0000000E+00
         236  0.0000000E+00
         237  0.0000000E+00
         238  0.0000000E+00
         239  0.0000000E+00
         240  0.0000000E+00
         241  0.0000000E+00
         242  0.0000000E+00
         243  0.0000000E+00
         244  0.0000000E+00
         245  0.0000000E+00
         246  0.0000000E+00
         247  0.0000000E+00
         248  0.0000000E+00
         249  0.0000000E+00
         250  0.0000000E+00
         251  0.0000000E+00
         252  0.0000000E+00
         253  0.0000000E+00
         254  0.0000000E+00
         255  0.0000000E+00
         256  0.0000000E+00
         257  0.0000000E+00
         258  0.0000000E+00
         259  0.0000000E+00
         260  0.0000000E+00
         261  0.0000000E+00
         262  0.0000000E+00
         263  0.0000000E+00
         264  0.0000000E+00
         265  0.0000000E+00
         266  0.0000000E+00
         267  0.0000000E+00
         268  0.0000000E+00
         269  0.0000000E+00
         270  0.0000000E+00
         271  0.0000000E+00
         272  0.0000000E+00
         273  0.0000000E+00
         274  0.0000000E+00
         275  0.0000000E+00
         276  0.0000000E+00
         277  0.0000000E+00
         278  0.0000000E+00
         279  0.0000000E+00
         280  0.0000000E+00
         281  0.0000000E+00
         282  0.0000000E+00
         283  0.0000000E+00
         284  0.0000000E+00
         285  0.0000000E+00
         286  0.0000000E+00
         287  0.0000000E+00
         288  0.0000000E+00
         289  0.0000000E+00
         290  0.0000000E+00
         291  0.0000000E+00
         292  0.0000000E+00
         293  0.0000000E+00
         294  0.0000000E+00
         295   1.059062    
         296   7.942963    
         297   13.76780    
         298   16.94499    
         299   21.71077    
         300   21.71077    
         301   23.29936    
         302   26.47654    
         303   26.47654    
         304   23.82889    
         305   24.35842    
         306   20.65170    
         307   28.06514    
         308   16.41546    
         309   36.00810    
         310   39.18529    
         311   21.71077    
         312   28.06514    
         313   21.18124    
         314   25.41748    
         315   28.06514    
         316   27.53561    
         317   29.12420    
         318   30.71279    
         319   24.35842    
         320   28.06514    
         321   27.00607    
         322   28.59467    
         323   34.41951    
         324   31.24232    
         325   35.47857    
         326   24.88795    
         327   28.59467    
         328   30.71279    
         329   43.95107    
         330   34.94904    
         331   30.18326    
         332   35.47857    
         333   32.30138    
         334   28.06514    
         335   26.47654    
         336   33.36045    
         337   31.24232    
         338   30.18326    
         339   34.41951    
         340   36.53763    
         341   44.48059    
         342   31.24232    
         343   38.65575    
         344   30.18326    
         345   33.88998    
         346   32.83091    
         347   41.30341    
         348   41.30341    
         349   43.42153    
         350   40.24435    
         351   33.36045    
         352   45.01012    
         353   36.53763    
         354   34.41951    
         355   37.06716    
         356   43.95107    
         357   54.54168    
         358   34.94904    
         359   39.18528    
         360   38.12622    
         361   41.83294    
         362   58.77793    
         363   48.71684    
         364   49.24637    
         365   54.01215    
         366   48.18731    
         367   45.01012    
         368   50.83496    
         369   50.30544    
         370   53.48262    
         371   41.83294    
         372   68.83901    
         373   64.60277    
         374   48.18731    
         375   56.65981    
         376   53.48262    
         377   60.89605    
         378   66.19136    
         379   56.13028    
         380   87.37260    
         381   60.36652    
         382   69.36855    
         383   74.66386    
         384   82.07729    
         385   77.31151    
         386   72.54573    
         387   88.43166    
         388   102.1995    
         389   92.13837    
         390   90.02025    
         391   95.84509    
         392   104.3176    
         393   112.2606    
         394   114.3787    
         395   125.4988    
         396   129.2055    
         397   136.0894    
         398   146.1505    
         399   176.8633    
         400   162.0365    
         401   176.8633    
         402   186.9244    
         403   196.9855    
         404   217.6372    
         405   215.5191    
         406   238.8184    
         407   255.7634    
         408   296.5373    
         409   283.2990    
         410   282.7695    
         411   298.1259    
         412   330.4273    
         413   321.9548    
         414   336.2521    
         415   335.7226    
         416   332.0159    
         417   350.5494    
         418   326.7206    
         419   343.6655    
         420   345.2541    
         421   328.8387    
         422   338.8997    
         423   348.4313    
         424   335.7226    
         425   359.0219    
         426   348.9608    
         427   374.3783    
         428   354.2562    
         429   386.5576    
         430   410.9160    
         431   405.6207    
         432   439.5106    
         433   435.8039    
         434   462.8100    
         435   505.1725    
         436   498.2886    
         437   545.9464    
         438   558.6551    
         439   576.6591    
         440   586.7202    
         441   620.6102    
         442   679.9177    
         443   647.6163    
         444   696.3331    
         445   698.9808    
         446   691.5673    
         447   729.1640    
         448   811.7709    
         449   803.2983    
         450   856.2515    
         451   887.4938    
         452   888.5528    
         453   931.9744    
         454   943.6240    
         455   1028.879    
         456   995.5181    
         457   1011.934    
         458   1012.993    
         459   1030.467    
         460   1046.883    
         461   1045.294    
         462   994.9885    
         463   1018.288    
         464   1037.880    
         465   972.7482    
         466   1012.993    
         467   964.2758    
         468   990.7523    
         469   956.8623    
         470   983.3389    
         471   978.5731    
         472   941.5059    
         473   984.9274    
         474   942.0355    
         475   978.0435    
         476   975.9254    
         477   991.2818    
         478   997.6362    
         479   1008.756    
         480   1037.880    
         481   1045.294    
         482   1062.768    
         483   1055.355    
         484   1090.304    
         485   1080.243    
         486   1125.783    
         487   1086.597    
         488   1126.312    
         489   1124.724    
         490   1112.544    
         491   1135.844    
         492   1161.791    
         493   1087.656    
         494   1121.017    
         495   1144.316    
         496   1109.897    
         497   1158.614    
         498   1140.609    
         499   1136.903    
         500   1132.137    
         501   1154.907    
         502   1136.373    
         503   1195.681    
         504   1163.379    
         505   1207.330    
         506   1188.797    
         507   1220.039    
         508   1209.978    
         509   1202.035    
         510   1208.390    
         511   1185.090    
         512   1219.510    
         513   1217.391    
         514   1206.271    
         515   1235.396    
         516   1219.510    
         517   1203.094    
         518   1229.571    
         519   1232.748    
         520   1261.872    
         521   1239.102    
         522   1262.931    
         523   1268.756    
         524   1250.222    
         525   1299.998    
         526   1314.825    
         527   1334.418    
         528   1348.715    
         529   1373.603    
         530   1397.962    
         531   1460.976    
         532   1456.740    
         533   1484.805    
         534   1500.691    
         535   1537.228    
         536   1546.760    
         537   1575.884    
         538   1631.485    
         539   1657.961    
         540   1626.719    
         541   1695.028    
         542   1687.615    
         543   1667.493    
         544   1649.489    
         545   1643.664    
         546   1666.434    
         547   1665.375    
         548   1710.385    
         549   1681.260    
         550   1753.277    
         551   1785.049    
         552   1812.055    
         553   1897.839    
         554   1938.083    
         555   1991.566    
         556   2087.411    
         557   2187.492    
         558   2307.166    
         559   2526.392    
         560   2692.665    
         561   3013.560    
         562   3252.379    
         563   3612.989    
         564   4171.115    
         565   4491.481    
         566   4797.021    
         567   5674.982    
         568   5962.518    
         569   6162.151    
         570   5910.094    
         571   4909.811    
         572   3708.834    
         573   2987.084    
         574   2622.237    
         575   2419.427    
         576   2310.343    
         577   2118.653    
         578   1983.093    
         579   1824.234    
         580   1852.299    
         581   1710.385    
         582   1595.477    
         583   1516.576    
         584   1441.383    
         585   1468.389    
         586   1372.015    
         587   1356.129    
         588   1314.825    
         589   1317.473    
         590   1251.281    
         591   1266.638    
         592   1223.216    
         593   1203.624    
         594   1217.921    
         595   1218.980    
         596   1186.149    
         597   1145.375    
         598   1153.848    
         599   1116.251    
         600   1144.316    
         601   1117.840    
         602   1125.253    
         603   1134.255    
         604   1096.658    
         605   1089.245    
         606   1065.946    
         607   1059.591    
         608   1065.946    
         609   1085.538    
         610   1034.703    
         611   1030.997    
         612   1003.991    
         613   996.5771    
         614   965.8643    
         615   957.9214    
         616   944.1536    
         617   913.4408    
         618   919.7952    
         619   892.7891    
         620   867.9011    
         621   878.4918    
         622   876.3736    
         623   884.8461    
         624   832.9521    
         625   888.5528    
         626   838.2474    
         627   867.9011    
         628   844.6017    
         629   845.6608    
         630   827.6567    
         631   857.3105    
         632   808.0641    
         633   802.7688    
         634   801.1802    
         635   786.3533    
         636   775.7628    
         637   776.8218    
         638   766.2312    
         639   772.5856    
         640   747.1681    
         641   749.2862    
         642   730.2231    
         643   712.2191    
         644   712.7486    
         645   703.2170    
         646   717.5143    
         647   692.0969    
         648   712.7486    
         649   682.0358    
         650   683.0948    
         651   694.2150    
         652   646.0276    
         653   655.0297    
         654   640.7324    
         655   640.7324    
         656   643.3800    
         657   633.3189    
         658   630.6713    
         659   589.8974    
         660   613.7263    
         661   625.3760    
         662   595.7222    
         663   591.4860    
         664   608.9605    
         665   589.3679    
         666   587.7793    
         667   603.1357    
         668   586.1907    
         669   596.7813    
         670   582.4839    
         671   581.4249    
         672   588.8383    
         673   570.8343    
         674   553.3597    
         675   554.4188    
         676   559.7141    
         677   575.6001    
         678   539.0624    
         679   533.7672    
         680   534.2967    
         681   531.1194    
         682   530.5900    
         683   516.2926    
         684   509.4087    
         685   491.9342    
         686   484.5208    
         687   486.1093    
         688   479.2254    
         689   482.4026    
         690   458.0442    
         691   443.7469    
         692   462.8100    
         693   446.3945    
         694   430.5086    
         695   421.5066    
         696   417.7999    
         697   410.9160    
         698   399.2663    
         699   403.5025    
         700   394.5005    
         701   370.1421    
         702   375.9669    
         703   377.0260    
         704   365.3763    
         705   362.7287    
         706   345.7837    
         707   349.4904    
         708   343.6656    
         709   339.9588    
         710   341.5474    
         711   303.9507    
         712   330.9568    
         713   315.0709    
         714   298.1259    
         715   299.1849    
         716   303.9507    
         717   246.7614    
         718   235.1117    
         719   247.8204    
         720   232.9936    
         721   221.3439    
         722   231.9345    
         723   220.2849    
         724   217.6372    
         725   226.1097    
         726   201.7513    
         727   212.8714    
         728   218.1667    
         729   189.0425    
         730   201.2217    
         731   198.5741    
         732   191.1606    
         733   193.2788    
         734   186.3949    
         735   184.2767    
         736   186.9244    
         737   183.2177    
         738   170.5089    
         739   178.4519    
         740   160.4479    
         741   188.5130    
         742   150.9163    
         743   167.8613    
         744   163.6250    
         745   155.1525    
         746   160.4479    
         747   150.9163    
         748   160.9774    
         749   151.4458    
         750   148.7982    
         751   146.1505    
         752   147.7391    
         753   136.6190    
         754   145.0915    
         755   141.3848    
         756   138.7371    
         757   143.5029    
         758   135.0304    
         759   134.5008    
         760   141.9143    
         761   118.6149    
         762   139.7962    
         763   121.7921    
         764   123.3807    
         765   133.9713    
         766   129.2055    
         767   105.3766    
         768   131.8532    
         769   128.1465    
         770   117.5559    
         771   108.5538    
         772   123.9102    
         773   118.0854    
         774   117.0263    
         775   118.6149    
         776   106.4357    
         777   108.0243    
         778   108.5538    
         779   117.5559    
         780   103.7881    
         781   120.2035    
         782   103.2585    
         783   105.9062    
         784   97.43369    
         785   106.9652    
         786   99.55180    
         787   99.02228    
         788   104.8471    
         789   95.31556    
         790   99.55180    
         791   99.02228    
         792   93.19743    
         793   90.02025    
         794   98.49274    
         795   88.96119    
         796   84.72495    
         797   95.84509    
         798   83.13635    
         799   91.07932    
         800   92.66791    
         801   80.48869    
         802   90.02025    
         803   81.54775    
         804   87.90213    
         805   76.78197    
         806   79.95917    
         807   79.95917    
         808   81.01823    
         809   79.42963    
         810   86.31354    
         811   76.78197    
         812   73.07526    
         813   79.42963    
         814   80.48869    
         815   72.54573    
         816   82.07729    
         817   77.31151    
         818   84.19541    
         819   93.72697    
         820   137.6780    
         821   1.588593    
         822  0.0000000E+00
         823  0.0000000E+00
         824  0.0000000E+00
         825  0.0000000E+00
         826  0.0000000E+00
         827  0.0000000E+00
         828  0.0000000E+00
         829  0.0000000E+00
         830  0.0000000E+00
         831  0.0000000E+00
         832  0.0000000E+00
         833  0.0000000E+00
         834  0.0000000E+00
         835  0.0000000E+00
         836  0.0000000E+00
         837  0.0000000E+00
         838  0.0000000E+00
         839  0.0000000E+00
         840  0.0000000E+00
         841  0.0000000E+00
         842  0.0000000E+00
         843  0.0000000E+00
         844  0.0000000E+00
         845  0.0000000E+00
         846  0.0000000E+00
         847  0.0000000E+00
         848  0.0000000E+00
         849  0.0000000E+00
         850  0.0000000E+00
         851  0.0000000E+00
         852  0.0000000E+00
         853  0.0000000E+00
         854  0.0000000E+00
         855  0.0000000E+00
         856  0.0000000E+00
         857  0.0000000E+00
         858  0.0000000E+00
         859  0.0000000E+00
         860  0.0000000E+00
         861  0.0000000E+00
         862  0.0000000E+00
         863  0.0000000E+00
         864  0.0000000E+00
         865  0.0000000E+00
         866  0.0000000E+00
         867  0.0000000E+00
         868  0.0000000E+00
         869  0.0000000E+00
         870  0.0000000E+00
         871  0.0000000E+00
         872  0.0000000E+00
         873  0.0000000E+00
         874  0.0000000E+00
         875  0.0000000E+00
         876  0.0000000E+00
         877  0.0000000E+00
         878  0.0000000E+00
         879  0.0000000E+00
         880  0.0000000E+00
         881  0.0000000E+00
         882  0.0000000E+00
         883  0.0000000E+00
         884  0.0000000E+00
         885  0.0000000E+00
         886  0.0000000E+00
         887  0.0000000E+00
         888  0.0000000E+00
         889  0.0000000E+00
         890  0.0000000E+00
         891  0.0000000E+00
         892  0.0000000E+00
         893  0.0000000E+00
         894  0.0000000E+00
         895  0.0000000E+00
         896  0.0000000E+00
         897  0.0000000E+00
         898  0.0000000E+00
         899  0.0000000E+00
         900  0.0000000E+00
         901  0.0000000E+00
         902  0.0000000E+00
         903  0.0000000E+00
         904  0.0000000E+00
         905  0.0000000E+00
         906  0.0000000E+00
         907  0.0000000E+00
         908  0.0000000E+00
         909  0.0000000E+00
         910  0.0000000E+00
         911  0.0000000E+00
         912  0.0000000E+00
         913  0.0000000E+00
         914  0.0000000E+00
         915  0.0000000E+00
         916  0.0000000E+00
         917  0.0000000E+00
         918  0.0000000E+00
         919  0.0000000E+00
         920  0.0000000E+00
         921  0.0000000E+00
         922  0.0000000E+00
         923  0.0000000E+00
         924  0.0000000E+00
         925  0.0000000E+00
         926  0.0000000E+00
         927  0.0000000E+00
         928  0.0000000E+00
         929  0.0000000E+00
         930  0.0000000E+00
         931  0.0000000E+00
         932  0.0000000E+00
         933  0.0000000E+00
         934  0.0000000E+00
         935  0.0000000E+00
         936  0.0000000E+00
         937  0.0000000E+00
         938  0.0000000E+00
         939  0.0000000E+00
         940  0.0000000E+00
         941  0.0000000E+00
         942  0.0000000E+00
         943  0.0000000E+00
         944  0.0000000E+00
         945  0.0000000E+00
         946  0.0000000E+00
         947  0.0000000E+00
         948  0.0000000E+00
         949  0.0000000E+00
         950  0.0000000E+00
         951  0.0000000E+00
         952  0.0000000E+00
         953  0.0000000E+00
         954  0.0000000E+00
         955  0.0000000E+00
         956  0.0000000E+00
         957  0.0000000E+00
         958  0.0000000E+00
         959  0.0000000E+00
         960  0.0000000E+00
         961  0.0000000E+00
         962  0.0000000E+00
         963  0.0000000E+00
         964  0.0000000E+00
         965  0.0000000E+00
         966  0.0000000E+00
         967  0.0000000E+00
         968  0.0000000E+00
         969  0.0000000E+00
         970  0.0000000E+00
         971  0.0000000E+00
         972  0.0000000E+00
         973  0.0000000E+00
         974  0.0000000E+00
         975  0.0000000E+00
         976  0.0000000E+00
         977  0.0000000E+00
         978  0.0000000E+00
         979  0.0000000E+00
         980  0.0000000E+00
         981  0.0000000E+00
         982  0.0000000E+00
         983  0.0000000E+00
         984  0.0000000E+00
         985  0.0000000E+00
         986  0.0000000E+00
         987  0.0000000E+00
         988  0.0000000E+00
         989  0.0000000E+00
         990  0.0000000E+00
         991  0.0000000E+00
         992  0.0000000E+00
         993  0.0000000E+00
         994  0.0000000E+00
         995  0.0000000E+00
         996  0.0000000E+00
         997  0.0000000E+00
         998  0.0000000E+00
         999  0.0000000E+00
        1000  0.0000000E+00
        1001  0.0000000E+00
        1002  0.0000000E+00
        1003  0.0000000E+00
        1004  0.0000000E+00
        1005  0.0000000E+00
        1006  0.0000000E+00
        1007  0.0000000E+00
        1008  0.0000000E+00
        1009  0.0000000E+00
        1010  0.0000000E+00
        1011  0.0000000E+00
        1012  0.0000000E+00
        1013  0.0000000E+00
        1014  0.0000000E+00
        1015  0.0000000E+00
        1016  0.0000000E+00
        1017  0.0000000E+00
        1018  0.0000000E+00
        1019  0.0000000E+00
        1020  0.0000000E+00
        1021  0.0000000E+00
        1022  0.0000000E+00
        1023  0.0000000E+00
        1024  0.0000000E+00
