 #   Y    A
           1   6241.051    
           2  0.0000000E+00
           3  0.0000000E+00
           4  0.0000000E+00
           5  0.0000000E+00
           6  0.0000000E+00
           7  0.0000000E+00
           8  0.0000000E+00
           9  0.0000000E+00
          10  0.0000000E+00
          11  0.0000000E+00
          12  0.0000000E+00
          13  0.0000000E+00
          14  0.0000000E+00
          15  0.0000000E+00
          16  0.0000000E+00
          17  0.0000000E+00
          18  0.0000000E+00
          19  0.0000000E+00
          20  0.0000000E+00
          21  0.0000000E+00
          22  0.0000000E+00
          23  0.0000000E+00
          24  0.0000000E+00
          25  0.0000000E+00
          26  0.0000000E+00
          27  0.0000000E+00
          28  0.0000000E+00
          29  0.0000000E+00
          30  0.0000000E+00
          31  0.0000000E+00
          32  0.0000000E+00
          33  0.0000000E+00
          34  0.0000000E+00
          35  0.0000000E+00
          36  0.0000000E+00
          37  0.0000000E+00
          38  0.0000000E+00
          39  0.0000000E+00
          40  0.0000000E+00
          41  0.0000000E+00
          42  0.0000000E+00
          43  0.0000000E+00
          44  0.0000000E+00
          45  0.0000000E+00
          46  0.0000000E+00
          47  0.0000000E+00
          48  0.0000000E+00
          49  0.0000000E+00
          50  0.0000000E+00
          51  0.0000000E+00
          52  0.0000000E+00
          53  0.0000000E+00
          54  0.0000000E+00
          55  0.0000000E+00
          56  0.0000000E+00
          57  0.0000000E+00
          58  0.0000000E+00
          59  0.0000000E+00
          60  0.0000000E+00
          61  0.0000000E+00
          62  0.0000000E+00
          63  0.0000000E+00
          64  0.0000000E+00
          65  0.0000000E+00
          66  0.0000000E+00
          67  0.0000000E+00
          68  0.0000000E+00
          69  0.0000000E+00
          70  0.0000000E+00
          71  0.0000000E+00
          72  0.0000000E+00
          73  0.0000000E+00
          74  0.0000000E+00
          75  0.0000000E+00
          76  0.0000000E+00
          77  0.0000000E+00
          78  0.0000000E+00
          79  0.0000000E+00
          80  0.0000000E+00
          81  0.0000000E+00
          82  0.0000000E+00
          83  0.0000000E+00
          84  0.0000000E+00
          85  0.0000000E+00
          86  0.0000000E+00
          87  0.0000000E+00
          88  0.0000000E+00
          89  0.0000000E+00
          90  0.0000000E+00
          91  0.0000000E+00
          92  0.0000000E+00
          93  0.0000000E+00
          94  0.0000000E+00
          95  0.0000000E+00
          96  0.0000000E+00
          97  0.0000000E+00
          98  0.0000000E+00
          99  0.0000000E+00
         100  0.0000000E+00
         101  0.0000000E+00
         102  0.0000000E+00
         103  0.0000000E+00
         104  0.0000000E+00
         105  0.0000000E+00
         106  0.0000000E+00
         107  0.0000000E+00
         108  0.0000000E+00
         109  0.0000000E+00
         110  0.0000000E+00
         111  0.0000000E+00
         112  0.0000000E+00
         113  0.0000000E+00
         114  0.0000000E+00
         115  0.0000000E+00
         116  0.0000000E+00
         117  0.0000000E+00
         118  0.0000000E+00
         119  0.0000000E+00
         120  0.0000000E+00
         121  0.0000000E+00
         122  0.0000000E+00
         123  0.0000000E+00
         124  0.0000000E+00
         125  0.0000000E+00
         126  0.0000000E+00
         127  0.0000000E+00
         128  0.0000000E+00
         129  0.0000000E+00
         130  0.0000000E+00
         131  0.0000000E+00
         132  0.0000000E+00
         133  0.0000000E+00
         134  0.0000000E+00
         135  0.0000000E+00
         136  0.0000000E+00
         137  0.0000000E+00
         138  0.0000000E+00
         139  0.0000000E+00
         140  0.0000000E+00
         141  0.5295309    
         142   3.177185    
         143   5.295309    
         144   10.59062    
         145   15.88593    
         146   13.76780    
         147   15.35640    
         148   14.82686    
         149   15.35640    
         150   18.00405    
         151   19.06311    
         152   16.94499    
         153   18.53358    
         154   16.41546    
         155   17.47452    
         156   17.47452    
         157   12.70874    
         158   17.47452    
         159   15.88593    
         160   11.12015    
         161   20.12217    
         162   21.71077    
         163   24.35842    
         164   20.65170    
         165   16.41546    
         166   14.82686    
         167   19.59264    
         168   16.94499    
         169   12.70874    
         170   21.71077    
         171   20.12217    
         172   20.65170    
         173   17.47452    
         174   21.18124    
         175   23.82889    
         176   21.18124    
         177   15.88593    
         178   26.47654    
         179   20.65170    
         180   20.12217    
         181   20.65170    
         182   19.59264    
         183   24.88795    
         184   21.18124    
         185   24.35842    
         186   22.76983    
         187   21.18124    
         188   22.24030    
         189   20.65170    
         190   19.06311    
         191   22.76983    
         192   29.65373    
         193   25.94701    
         194   22.24030    
         195   25.41748    
         196   22.24030    
         197   30.71279    
         198   22.24030    
         199   29.12420    
         200   21.71077    
         201   24.88795    
         202   25.94701    
         203   27.00607    
         204   26.47654    
         205   30.71279    
         206   28.59467    
         207   25.94701    
         208   29.12420    
         209   29.12420    
         210   33.36045    
         211   29.65373    
         212   29.12420    
         213   32.83091    
         214   32.30138    
         215   39.71482    
         216   27.53561    
         217   35.47857    
         218   32.83091    
         219   39.71482    
         220   37.59669    
         221   33.88998    
         222   36.00810    
         223   30.71279    
         224   43.95107    
         225   29.65373    
         226   40.77388    
         227   48.71684    
         228   33.88998    
         229   39.71482    
         230   45.01012    
         231   57.71887    
         232   46.59872    
         233   48.18731    
         234   56.13027    
         235   57.18933    
         236   48.18731    
         237   54.54168    
         238   67.77995    
         239   61.42558    
         240   68.30949    
         241   78.90010    
         242   69.89808    
         243   81.54776    
         244   86.31354    
         245   95.31556    
         246   87.90213    
         247   102.1995    
         248   119.1444    
         249   108.5538    
         250   146.6801    
         251   131.3237    
         252   134.5008    
         253   140.8552    
         254   149.3277    
         255   156.7411    
         256   155.1525    
         257   156.2116    
         258   151.9754    
         259   142.9733    
         260   156.7411    
         261   158.8593    
         262   154.6230    
         263   135.5599    
         264   149.8572    
         265   146.6801    
         266   128.1465    
         267   137.1485    
         268   130.7941    
         269   129.2055    
         270   139.2666    
         271   126.0284    
         272   129.2055    
         273   130.7941    
         274   120.2035    
         275   130.7941    
         276   130.2646    
         277   128.6760    
         278   125.4988    
         279   123.3807    
         280   130.2646    
         281   132.9122    
         282   128.1465    
         283   135.0304    
         284   132.9122    
         285   138.7371    
         286   128.6760    
         287   140.8552    
         288   130.7941    
         289   144.0324    
         290   132.9122    
         291   145.6210    
         292   145.0915    
         293   141.9143    
         294   144.5619    
         295   139.2666    
         296   153.0344    
         297   147.7391    
         298   148.7982    
         299   167.3318    
         300   148.7982    
         301   159.3888    
         302   160.4479    
         303   177.3929    
         304   160.9774    
         305   168.3908    
         306   186.3949    
         307   174.2157    
         308   192.2197    
         309   190.1016    
         310   188.5130    
         311   180.5700    
         312   186.3949    
         313   189.5721    
         314   202.8103    
         315   187.9835    
         316   193.2788    
         317   194.3378    
         318   214.4600    
         319   204.3989    
         320   198.0446    
         321   207.0466    
         322   203.8694    
         323   207.0466    
         324   199.1036    
         325   203.8694    
         326   198.0446    
         327   194.8674    
         328   218.1667    
         329   189.0425    
         330   189.0425    
         331   178.4519    
         332   187.4539    
         333   172.6271    
         334   198.0446    
         335   178.4519    
         336   186.3949    
         337   172.6271    
         338   169.9794    
         339   175.8043    
         340   175.2747    
         341   175.2747    
         342   180.5700    
         343   178.9814    
         344   175.2747    
         345   179.5110    
         346   162.5660    
         347   193.8083    
         348   168.3908    
         349   182.6882    
         350   173.1566    
         351   185.8653    
         352   177.3928    
         353   163.0955    
         354   191.1606    
         355   174.7452    
         356   167.8613    
         357   187.9835    
         358   185.8653    
         359   170.5089    
         360   195.3969    
         361   173.6861    
         362   196.9855    
         363   192.2197    
         364   179.5110    
         365   189.0425    
         366   183.7472    
         367   197.5150    
         368   177.9224    
         369   191.6902    
         370   187.4539    
         371   187.9835    
         372   203.8694    
         373   187.4539    
         374   202.2808    
         375   199.1036    
         376   183.7472    
         377   189.5721    
         378   201.2217    
         379   183.2177    
         380   198.0446    
         381   193.2788    
         382   199.6331    
         383   208.1056    
         384   191.1606    
         385   203.8694    
         386   203.3399    
         387   198.5741    
         388   207.0466    
         389   200.1627    
         390   217.1077    
         391   211.8123    
         392   211.2828    
         393   211.2828    
         394   219.2258    
         395   211.8123    
         396   222.4030    
         397   208.6352    
         398   231.4050    
         399   222.4030    
         400   221.3439    
         401   237.2298    
         402   225.5802    
         403   246.2319    
         404   237.7594    
         405   237.7594    
         406   241.4661    
         407   255.2339    
         408   252.5862    
         409   254.7044    
         410   268.4722    
         411   256.8225    
         412   274.8265    
         413   262.6473    
         414   294.9487    
         415   290.1829    
         416   289.1239    
         417   294.9487    
         418   289.6534    
         419   279.5923    
         420   310.8346    
         421   311.8937    
         422   304.4803    
         423   332.0159    
         424   301.8326    
         425   340.4884    
         426   334.1340    
         427   325.6615    
         428   331.4863    
         429   346.3132    
         430   363.2582    
         431   356.3743    
         432   353.1971    
         433   350.5494    
         434   356.9038    
         435   360.0810    
         436   372.7897    
         437   362.7287    
         438   371.2011    
         439   381.7918    
         440   365.3763    
         441   377.5555    
         442   363.2582    
         443   357.9629    
         444   356.3743    
         445   369.6125    
         446   360.6105    
         447   377.0260    
         448   401.9139    
         449   390.7938    
         450   401.3844    
         451   373.3193    
         452   402.9730    
         453   378.6146    
         454   418.3294    
         455   401.3844    
         456   408.2683    
         457   429.4496    
         458   413.5636    
         459   434.7448    
         460   450.6308    
         461   445.3355    
         462   457.5147    
         463   476.5778    
         464   476.0482    
         465   464.9281    
         466   475.5187    
         467   476.0482    
         468   477.1073    
         469   508.8792    
         470   511.5268    
         471   496.1704    
         472   519.9993    
         473   521.0584    
         474   509.4087    
         475   538.0034    
         476   518.4108    
         477   533.7672    
         478   585.1317    
         479   533.7672    
         480   545.4168    
         481   562.8914    
         482   532.1785    
         483   529.5309    
         484   541.7101    
         485   559.1846    
         486   550.7121    
         487   576.6591    
         488   574.5410    
         489   550.1826    
         490   581.4249    
         491   594.1337    
         492   584.6021    
         493   550.7121    
         494   611.6082    
         495   601.0175    
         496   578.7773    
         497   647.6163    
         498   596.7813    
         499   652.3820    
         500   630.1417    
         501   630.1417    
         502   646.5572    
         503   622.1988    
         504   614.7853    
         505   650.7935    
         506   617.9625    
         507   626.4351    
         508   639.1438    
         509   608.4310    
         510   684.1539    
         511   576.1296    
         512   661.3841    
         513   643.9095    
         514   640.7324    
         515   622.7283    
         516   633.8484    
         517   702.6875    
         518   571.3638    
         519   628.0236    
         520   665.0908    
         521   660.3250    
         522   630.6713    
         523   658.2069    
         524   678.3290    
         525   616.9035    
         526   644.9686    
         527   672.5042    
         528   661.3841    
         529   621.1397    
         530   640.2028    
         531   667.7384    
         532   677.2700    
         533   675.6814    
         534   643.9095    
         535   683.0948    
         536   654.5002    
         537   686.2720    
         538   693.1559    
         539   682.0358    
         540   686.2720    
         541   708.5123    
         542   711.6895    
         543   707.9828    
         544   714.8667    
         545   745.0499    
         546   716.4553    
         547   736.0479    
         548   732.3412    
         549   740.8137    
         550   758.2882    
         551   742.4023    
         552   772.5856    
         553   774.1741    
         554   817.5957    
         555   762.5245    
         556   818.1252    
         557   770.9969    
         558   803.8279    
         559   791.6487    
         560   801.7098    
         561   798.5326    
         562   796.9440    
         563   788.4715    
         564   776.8218    
         565   827.6568    
         566   767.2902    
         567   786.3533    
         568   816.5366    
         569   796.4144    
         570   778.9399    
         571   785.8239    
         572   785.2943    
         573   770.4674    
         574   784.7648    
         575   792.1782    
         576   773.1151    
         577   786.3533    
         578   793.2372    
         579   758.8177    
         580   791.1191    
         581   783.7057    
         582   806.4755    
         583   777.8809    
         584   812.8299    
         585   781.0580    
         586   787.4124    
         587   793.7668    
         588   789.0010    
         589   768.8788    
         590   762.5245    
         591   786.8829    
         592   784.7648    
         593   778.9399    
         594   769.4084    
         595   789.5305    
         596   758.8177    
         597   790.0601    
         598   776.2923    
         599   802.7688    
         600   809.6527    
         601   800.1212    
         602   801.1802    
         603   799.5916    
         604   784.2352    
         605   812.3004    
         606   777.3513    
         607   794.8259    
         608   792.7078    
         609   783.1761    
         610   797.4735    
         611   774.1741    
         612   799.5916    
         613   779.9990    
         614   783.1762    
         615   787.4124    
         616   787.4124    
         617   795.8849    
         618   763.0540    
         619   804.3574    
         620   793.7668    
         621   779.4695    
         622   786.3534    
         623   777.8809    
         624   790.0601    
         625   790.0601    
         626   789.0010    
         627   789.0010    
         628   800.6507    
         629   774.7037    
         630   776.2923    
         631   796.4144    
         632   777.8809    
         633   789.0010    
         634   763.0540    
         635   800.6507    
         636   785.8239    
         637   783.7057    
         638   779.4695    
         639   777.8809    
         640   752.4634    
         641   789.0010    
         642   793.2372    
         643   755.6406    
         644   774.7037    
         645   782.1171    
         646   770.4675    
         647   754.5815    
         648   769.9379    
         649   756.6996    
         650   740.2842    
         651   787.4124    
         652   757.7587    
         653   767.2903    
         654   734.9889    
         655   735.5184    
         656   756.1701    
         657   728.1050    
         658   768.8788    
         659   718.5734    
         660   742.9318    
         661   718.5734    
         662   721.2211    
         663   715.3962    
         664   728.1050    
         665   702.6875    
         666   724.3983    
         667   707.4532    
         668   680.9767    
         669   720.1620    
         670   692.6264    
         671   711.1600    
         672   707.9828    
         673   696.3331    
         674   691.5673    
         675   702.6875    
         676   688.9197    
         677   695.8036    
         678   692.0969    
         679   680.9767    
         680   696.8627    
         681   666.6794    
         682   661.9136    
         683   694.7445    
         684   657.6774    
         685   713.8076    
         686   659.2659    
         687   692.6264    
         688   668.7975    
         689   676.7405    
         690   680.9767    
         691   648.6754    
         692   674.0928    
         693   670.3861    
         694   648.6754    
         695   666.6794    
         696   656.0887    
         697   666.1498    
         698   651.8525    
         699   657.6774    
         700   667.2089    
         701   670.9156    
         702   670.3861    
         703   651.8525    
         704   677.7996    
         705   653.4411    
         706   673.5633    
         707   671.4452    
         708   666.1498    
         709   686.8016    
         710   701.0989    
         711   680.9767    
         712   673.5633    
         713   700.5693    
         714   694.7445    
         715   702.6875    
         716   704.2761    
         717   684.1539    
         718   718.5734    
         719   727.5754    
         720   710.1009    
         721   748.7567    
         722   719.1030    
         723   761.4654    
         724   759.8768    
         725   783.7057    
         726   777.8809    
         727   754.0520    
         728   812.8299    
         729   829.7749    
         730   793.2372    
         731   870.5488    
         732   849.8971    
         733   885.9052    
         734   938.3287    
         735   956.8623    
         736   964.2758    
         737   991.8113    
         738   1046.353    
         739   1049.001    
         740   1131.608    
         741   1164.968    
         742   1217.921    
         743   1311.648    
         744   1374.133    
         745   1534.580    
         746   1806.230    
         747   2104.885    
         748   2423.133    
         749   2476.086    
         750   2115.476    
         751   1728.389    
         752   1461.505    
         753   1166.027    
         754   1045.823    
         755   898.6139    
         756   821.8319    
         757   738.6956    
         758   685.7425    
         759   648.1458    
         760   590.9565    
         761   571.3638    
         762   534.8262    
         763   518.4107    
         764   482.9322    
         765   480.8140    
         766   455.9261    
         767   445.3355    
         768   419.9180    
         769   410.3864    
         770   390.7938    
         771   389.2052    
         772   400.3253    
         773   361.6696    
         774   346.3132    
         775   359.0219    
         776   350.0199    
         777   321.4252    
         778   328.3091    
         779   334.6635    
         780   326.7206    
         781   314.5414    
         782   312.9528    
         783   306.0688    
         784   305.5393    
         785   292.8306    
         786   300.7735    
         787   286.4762    
         788   284.8876    
         789   278.5332    
         790   272.1789    
         791   287.5353    
         792   274.8265    
         793   267.9426    
         794   276.4151    
         795   258.4111    
         796   278.0037    
         797   269.5312    
         798   265.2950    
         799   259.9997    
         800   274.8265    
         801   272.7084    
         802   264.7654    
         803   266.8836    
         804   262.6473    
         805   246.2319    
         806   266.8836    
         807   264.7654    
         808   256.2929    
         809   253.1158    
         810   246.7614    
         811   253.6453    
         812   266.3540    
         813   229.8164    
         814   266.8836    
         815   243.5842    
         816   244.6433    
         817   246.7614    
         818   246.2319    
         819   237.2298    
         820   238.8184    
         821   239.3480    
         822   232.4641    
         823   225.0506    
         824   219.2258    
         825   235.6413    
         826   220.8144    
         827   222.4030    
         828   231.4050    
         829   216.5781    
         830   212.3419    
         831   208.1056    
         832   213.4009    
         833   192.2197    
         834   218.6963    
         835   198.0446    
         836   205.9875    
         837   198.0446    
         838   194.8674    
         839   205.9875    
         840   193.8083    
         841   195.9264    
         842   191.6902    
         843   189.0425    
         844   188.5130    
         845   186.3949    
         846   175.2747    
         847   199.6331    
         848   158.3297    
         849   179.5110    
         850   175.2747    
         851   167.8613    
         852   171.5680    
         853   155.1525    
         854   161.5069    
         855   153.5639    
         856   164.6841    
         857   145.0915    
         858   160.4479    
         859   134.5008    
         860   162.0365    
         861   128.1465    
         862   153.0344    
         863   140.3257    
         864   135.5599    
         865   136.0894    
         866   137.6780    
         867   126.5579    
         868   128.1465    
         869   117.0263    
         870   125.4988    
         871   118.6149    
         872   120.2035    
         873   114.3787    
         874   120.7330    
         875   112.7901    
         876   108.5538    
         877   109.6129    
         878   101.6699    
         879   111.2015    
         880   99.02228    
         881   93.72697    
         882   108.0243    
         883   87.90213    
         884   86.84306    
         885   98.49274    
         886   84.72495    
         887   89.49072    
         888   84.19541    
         889   89.49072    
         890   86.31354    
         891   85.78400    
         892   82.07729    
         893   78.37057    
         894   90.02025    
         895   79.42963    
         896   78.37057    
         897   78.37057    
         898   83.13634    
         899   76.25245    
         900   81.54776    
         901   76.25245    
         902   81.54776    
         903   76.78197    
         904   81.54775    
         905   79.95916    
         906   78.37057    
         907   70.95714    
         908   80.48869    
         909   77.31151    
         910   77.31151    
         911   72.01620    
         912   79.95917    
         913   79.95917    
         914   75.19338    
         915   68.83901    
         916   75.72292    
         917   74.13432    
         918   77.31151    
         919   70.95714    
         920   74.66386    
         921   89.49072    
         922   64.07323    
         923   80.48869    
         924   69.89808    
         925   70.42760    
         926   77.84104    
         927   78.37057    
         928   66.19136    
         929   71.48667    
         930   61.95511    
         931   74.66386    
         932   67.77995    
         933   70.95714    
         934   69.36855    
         935   68.83901    
         936   66.72089    
         937   74.13432    
         938   70.42760    
         939   70.95714    
         940   70.42761    
         941   72.54573    
         942   54.01215    
         943   66.19136    
         944   76.25245    
         945   63.54370    
         946   68.30949    
         947   60.36652    
         948   65.66183    
         949   67.25042    
         950   72.54573    
         951   57.71887    
         952   68.30949    
         953   59.83699    
         954   58.24840    
         955   70.95714    
         956   65.66183    
         957   63.54370    
         958   59.83699    
         959   59.83699    
         960   59.30746    
         961   62.48465    
         962   60.89605    
         963   61.95511    
         964   64.60277    
         965   54.54168    
         966   62.48465    
         967   66.72089    
         968   56.13028    
         969   74.66386    
         970   55.07121    
         971   61.95511    
         972   57.18933    
         973   65.13230    
         974   59.30746    
         975   66.19136    
         976   62.48465    
         977   58.24840    
         978   65.66183    
         979   60.36652    
         980   69.89808    
         981   59.83699    
         982   61.42558    
         983   63.54370    
         984   63.54371    
         985   72.01620    
         986   64.07323    
         987   76.78198    
         988   63.01418    
         989   67.25042    
         990   58.77793    
         991   72.01620    
         992   69.36855    
         993   60.89605    
         994   69.89808    
         995   60.36652    
         996   70.95714    
         997   63.01418    
         998   68.83901    
         999   70.95714    
        1000   70.42760    
        1001   67.77995    
        1002   66.72089    
        1003   69.36855    
        1004   63.01418    
        1005   70.95714    
        1006   74.13432    
        1007   73.07526    
        1008   70.42760    
        1009   73.60479    
        1010   77.84104    
        1011   81.54776    
        1012   72.54573    
        1013   82.60682    
        1014   82.07729    
        1015   83.66588    
        1016   71.48667    
        1017   79.42963    
        1018   83.66588    
        1019   85.25447    
        1020   76.78198    
        1021   82.07729    
        1022   88.43166    
        1023   79.95917    
        1024   80.48869    
