 #   Y    A
           1  0.0000000E+00
           2  0.0000000E+00
           3  0.0000000E+00
           4  0.0000000E+00
           5  0.0000000E+00
           6  0.0000000E+00
           7  0.0000000E+00
           8  0.0000000E+00
           9  0.0000000E+00
          10  0.0000000E+00
          11  0.0000000E+00
          12  0.0000000E+00
          13  0.0000000E+00
          14  0.0000000E+00
          15  0.0000000E+00
          16  0.0000000E+00
          17  0.0000000E+00
          18  0.0000000E+00
          19  0.0000000E+00
          20  0.0000000E+00
          21  0.0000000E+00
          22  0.0000000E+00
          23  0.0000000E+00
          24  0.0000000E+00
          25  0.0000000E+00
          26  0.0000000E+00
          27  0.0000000E+00
          28  0.0000000E+00
          29  0.0000000E+00
          30  0.0000000E+00
          31  0.0000000E+00
          32  0.0000000E+00
          33  0.0000000E+00
          34  0.0000000E+00
          35  0.0000000E+00
          36  0.0000000E+00
          37  0.0000000E+00
          38  0.0000000E+00
          39  0.0000000E+00
          40  0.0000000E+00
          41  0.0000000E+00
          42  0.0000000E+00
          43  0.0000000E+00
          44  0.0000000E+00
          45  0.0000000E+00
          46  0.0000000E+00
          47  0.0000000E+00
          48  0.0000000E+00
          49  0.0000000E+00
          50  0.0000000E+00
          51  0.0000000E+00
          52  0.0000000E+00
          53  0.0000000E+00
          54  0.0000000E+00
          55  0.0000000E+00
          56  0.0000000E+00
          57  0.0000000E+00
          58  0.0000000E+00
          59  0.0000000E+00
          60  0.0000000E+00
          61  0.0000000E+00
          62  0.0000000E+00
          63  0.0000000E+00
          64  0.0000000E+00
          65  0.0000000E+00
          66  0.0000000E+00
          67  0.0000000E+00
          68  0.0000000E+00
          69  0.0000000E+00
          70  0.0000000E+00
          71  0.0000000E+00
          72  0.0000000E+00
          73  0.0000000E+00
          74  0.0000000E+00
          75  0.0000000E+00
          76  0.0000000E+00
          77  0.0000000E+00
          78  0.0000000E+00
          79  0.0000000E+00
          80  0.0000000E+00
          81  0.0000000E+00
          82  0.0000000E+00
          83  0.0000000E+00
          84  0.0000000E+00
          85  0.0000000E+00
          86  0.0000000E+00
          87  0.0000000E+00
          88  0.0000000E+00
          89  0.0000000E+00
          90  0.0000000E+00
          91  0.0000000E+00
          92  0.0000000E+00
          93  0.0000000E+00
          94  0.0000000E+00
          95  0.0000000E+00
          96  0.0000000E+00
          97  0.0000000E+00
          98  0.0000000E+00
          99  0.0000000E+00
         100  0.0000000E+00
         101  0.0000000E+00
         102  0.0000000E+00
         103  0.0000000E+00
         104  0.0000000E+00
         105  0.0000000E+00
         106  0.0000000E+00
         107  0.0000000E+00
         108  0.0000000E+00
         109  0.0000000E+00
         110  0.0000000E+00
         111  0.0000000E+00
         112  0.0000000E+00
         113  0.0000000E+00
         114  0.0000000E+00
         115  0.0000000E+00
         116  0.0000000E+00
         117  0.0000000E+00
         118  0.0000000E+00
         119  0.0000000E+00
         120  0.0000000E+00
         121  0.0000000E+00
         122  0.0000000E+00
         123  0.0000000E+00
         124  0.0000000E+00
         125  0.0000000E+00
         126  0.0000000E+00
         127  0.0000000E+00
         128  0.0000000E+00
         129  0.0000000E+00
         130  0.0000000E+00
         131  0.0000000E+00
         132  0.0000000E+00
         133  0.0000000E+00
         134  0.0000000E+00
         135  0.0000000E+00
         136  0.0000000E+00
         137  0.0000000E+00
         138  0.0000000E+00
         139  0.0000000E+00
         140  0.0000000E+00
         141  0.0000000E+00
         142  0.0000000E+00
         143  0.0000000E+00
         144  0.0000000E+00
         145  0.0000000E+00
         146  0.0000000E+00
         147  0.0000000E+00
         148  0.0000000E+00
         149  0.0000000E+00
         150  0.0000000E+00
         151  0.0000000E+00
         152  0.0000000E+00
         153  0.0000000E+00
         154  0.0000000E+00
         155  0.0000000E+00
         156  0.0000000E+00
         157  0.0000000E+00
         158  0.0000000E+00
         159  0.0000000E+00
         160  0.0000000E+00
         161  0.0000000E+00
         162  0.0000000E+00
         163  0.0000000E+00
         164  0.0000000E+00
         165  0.0000000E+00
         166  0.0000000E+00
         167  0.0000000E+00
         168  0.0000000E+00
         169  0.0000000E+00
         170  0.0000000E+00
         171  0.0000000E+00
         172  0.0000000E+00
         173  0.0000000E+00
         174  0.0000000E+00
         175  0.0000000E+00
         176  0.0000000E+00
         177  0.0000000E+00
         178  0.0000000E+00
         179  0.0000000E+00
         180  0.0000000E+00
         181  0.0000000E+00
         182  0.0000000E+00
         183  0.0000000E+00
         184  0.0000000E+00
         185  0.0000000E+00
         186  0.0000000E+00
         187  0.0000000E+00
         188  0.0000000E+00
         189  0.0000000E+00
         190  0.0000000E+00
         191  0.0000000E+00
         192  0.0000000E+00
         193  0.0000000E+00
         194  0.0000000E+00
         195  0.0000000E+00
         196  0.0000000E+00
         197  0.0000000E+00
         198  0.0000000E+00
         199  0.0000000E+00
         200  0.0000000E+00
         201  0.0000000E+00
         202  0.0000000E+00
         203  0.0000000E+00
         204  0.0000000E+00
         205  0.0000000E+00
         206  0.0000000E+00
         207  0.0000000E+00
         208  0.0000000E+00
         209  0.0000000E+00
         210  0.0000000E+00
         211  0.0000000E+00
         212  0.0000000E+00
         213  0.0000000E+00
         214  0.0000000E+00
         215  0.0000000E+00
         216  0.0000000E+00
         217  0.0000000E+00
         218  0.0000000E+00
         219  0.0000000E+00
         220  0.0000000E+00
         221  0.0000000E+00
         222  0.0000000E+00
         223  0.0000000E+00
         224  0.0000000E+00
         225  0.0000000E+00
         226  0.0000000E+00
         227  0.0000000E+00
         228  0.0000000E+00
         229  0.0000000E+00
         230  0.0000000E+00
         231  0.0000000E+00
         232  0.0000000E+00
         233  0.0000000E+00
         234  0.0000000E+00
         235  0.0000000E+00
         236  0.0000000E+00
         237  0.0000000E+00
         238  0.0000000E+00
         239  0.0000000E+00
         240  0.0000000E+00
         241  0.0000000E+00
         242  0.0000000E+00
         243  0.0000000E+00
         244  0.0000000E+00
         245  0.0000000E+00
         246  0.0000000E+00
         247  0.0000000E+00
         248  0.0000000E+00
         249  0.0000000E+00
         250  0.0000000E+00
         251  0.0000000E+00
         252  0.0000000E+00
         253  0.0000000E+00
         254  0.0000000E+00
         255  0.0000000E+00
         256  0.0000000E+00
         257  0.0000000E+00
         258  0.0000000E+00
         259  0.0000000E+00
         260  0.0000000E+00
         261  0.0000000E+00
         262  0.0000000E+00
         263  0.0000000E+00
         264  0.0000000E+00
         265  0.0000000E+00
         266  0.0000000E+00
         267  0.0000000E+00
         268  0.0000000E+00
         269  0.0000000E+00
         270  0.0000000E+00
         271  0.0000000E+00
         272  0.0000000E+00
         273  0.0000000E+00
         274  0.0000000E+00
         275  0.0000000E+00
         276  0.0000000E+00
         277  0.0000000E+00
         278  0.0000000E+00
         279  0.0000000E+00
         280  0.0000000E+00
         281  0.0000000E+00
         282  0.0000000E+00
         283  0.0000000E+00
         284  0.0000000E+00
         285  0.0000000E+00
         286  0.0000000E+00
         287  0.0000000E+00
         288  0.0000000E+00
         289  0.0000000E+00
         290  0.0000000E+00
         291  0.0000000E+00
         292  0.0000000E+00
         293  0.0000000E+00
         294  0.0000000E+00
         295  0.0000000E+00
         296  0.0000000E+00
         297  0.0000000E+00
         298  0.0000000E+00
         299  0.0000000E+00
         300  0.0000000E+00
         301  0.0000000E+00
         302  0.0000000E+00
         303  0.0000000E+00
         304  0.0000000E+00
         305  0.0000000E+00
         306  0.0000000E+00
         307  0.0000000E+00
         308  0.0000000E+00
         309  0.0000000E+00
         310  0.0000000E+00
         311  0.0000000E+00
         312  0.0000000E+00
         313  0.0000000E+00
         314  0.0000000E+00
         315  0.0000000E+00
         316  0.0000000E+00
         317  0.0000000E+00
         318  0.0000000E+00
         319  0.0000000E+00
         320  0.0000000E+00
         321  0.0000000E+00
         322  0.0000000E+00
         323  0.0000000E+00
         324  0.0000000E+00
         325  0.0000000E+00
         326  0.0000000E+00
         327  0.0000000E+00
         328  0.0000000E+00
         329  0.0000000E+00
         330   2.118124    
         331   10.59062    
         332   18.53358    
         333   22.76983    
         334   23.82889    
         335   28.06514    
         336   28.06514    
         337   32.30138    
         338   30.18326    
         339   24.35842    
         340   29.65373    
         341   30.18326    
         342   54.54168    
         343   22.76983    
         344   34.94904    
         345   26.47654    
         346   33.36045    
         347   30.71279    
         348   38.12622    
         349   34.94904    
         350   30.71279    
         351   36.53763    
         352   45.01012    
         353   36.00810    
         354   42.89200    
         355   37.59669    
         356   39.18528    
         357   46.59872    
         358   47.65778    
         359   44.48059    
         360   41.83294    
         361   38.65575    
         362   36.53763    
         363   47.12825    
         364   36.53763    
         365   41.83294    
         366   48.18731    
         367   49.24637    
         368   40.24435    
         369   40.24435    
         370   34.94904    
         371   50.30544    
         372   53.48262    
         373   47.65778    
         374   41.83294    
         375   54.54168    
         376   48.18731    
         377   43.95107    
         378   56.65981    
         379   59.83699    
         380   55.60074    
         381   45.01012    
         382   55.07121    
         383   61.42558    
         384   66.19136    
         385   57.18933    
         386   57.18933    
         387   56.13028    
         388   74.13432    
         389   56.13027    
         390   66.19136    
         391   80.48869    
         392   64.60277    
         393   73.60480    
         394   70.42760    
         395   73.07526    
         396   83.13635    
         397   81.54776    
         398   80.48869    
         399   81.54776    
         400   90.02025    
         401   86.84306    
         402   83.66588    
         403   103.2585    
         404   108.0243    
         405   100.6109    
         406   111.2015    
         407   103.7881    
         408   126.0284    
         409   123.9102    
         410   138.7371    
         411   140.3257    
         412   145.0915    
         413   165.7432    
         414   181.6291    
         415   171.5680    
         416   202.2808    
         417   219.7553    
         418   222.4030    
         419   257.8815    
         420   269.5312    
         421   298.1259    
         422   339.4293    
         423   354.2562    
         424   383.9099    
         425   433.6858    
         426   486.1093    
         427   535.8853    
         428   626.4351    
         429   658.2069    
         430   679.3881    
         431   670.9156    
         432   656.6183    
         433   638.0847    
         434   671.9747    
         435   676.2109    
         436   675.1519    
         437   660.3250    
         438   652.3820    
         439   662.4431    
         440   709.0419    
         441   662.4431    
         442   682.5653    
         443   684.1539    
         444   664.5613    
         445   677.2700    
         446   694.2150    
         447   662.9727    
         448   727.5754    
         449   725.9868    
         450   743.9909    
         451   734.4594    
         452   763.0540    
         453   767.2902    
         454   787.9420    
         455   814.4185    
         456   862.6058    
         457   885.9052    
         458   925.0905    
         459   963.2167    
         460   1009.286    
         461   1046.353    
         462   1086.068    
         463   1125.783    
         464   1186.149    
         465   1136.903    
         466   1185.090    
         467   1164.438    
         468   1177.677    
         469   1172.911    
         470   1161.261    
         471   1141.669    
         472   1168.145    
         473   1139.021    
         474   1166.027    
         475   1154.907    
         476   1198.858    
         477   1213.685    
         478   1259.224    
         479   1282.524    
         480   1306.353    
         481   1321.180    
         482   1378.369    
         483   1409.082    
         484   1432.911    
         485   1425.497    
         486   1523.990    
         487   1535.640    
         488   1559.998    
         489   1596.536    
         490   1668.552    
         491   1713.562    
         492   1812.584    
         493   1982.034    
         494   2063.582    
         495   2271.688    
         496   2460.730    
         497   2763.092    
         498   2987.613    
         499   3355.108    
         500   3662.765    
         501   3956.655    
         502   4271.726    
         503   4380.279    
         504   4289.200    
         505   4290.789    
         506   4595.798    
         507   4120.810    
         508   3858.692    
         509   3313.804    
         510   2906.595    
         511   2687.899    
         512   2715.434    
         513   2421.545    
         514   2122.889    
         515   1877.717    
         516   1786.637    
         517   1732.625    
         518   1716.210    
         519   1565.293    
         520   1556.291    
         521   1440.324    
         522   1462.564    
         523   1417.554    
         524   1417.025    
         525   1347.656    
         526   1316.943    
         527   1329.652    
         528   1231.689    
         529   1253.929    
         530   1235.925    
         531   1191.974    
         532   1181.383    
         533   1180.324    
         534   1153.848    
         535   1153.848    
         536   1138.491    
         537   1163.379    
         538   1150.671    
         539   1101.954    
         540   1159.143    
         541   1105.661    
         542   1067.534    
         543   1130.548    
         544   1089.245    
         545   1082.361    
         546   1136.373    
         547   1119.958    
         548   1136.373    
         549   1095.599    
         550   1176.088    
         551   1136.373    
         552   1088.186    
         553   1155.966    
         554   1139.021    
         555   1181.913    
         556   1207.860    
         557   1164.438    
         558   1164.438    
         559   1149.612    
         560   1187.738    
         561   1107.779    
         562   1120.487    
         563   1112.544    
         564   1096.129    
         565   1162.850    
         566   1142.198    
         567   1130.019    
         568   1148.023    
         569   1116.251    
         570   1134.255    
         571   1122.076    
         572   1105.131    
         573   1140.080    
         574   1118.369    
         575   1163.379    
         576   1117.310    
         577   1114.133    
         578   1127.901    
         579   1155.436    
         580   1101.424    
         581   1135.844    
         582   1071.771    
         583   1059.062    
         584   1098.247    
         585   1025.172    
         586   1085.538    
         587   1016.699    
         588   1066.475    
         589   1046.883    
         590   1053.237    
         591   1051.648    
         592   1045.823    
         593   1050.060    
         594   1055.355    
         595   1059.591    
         596   1044.235    
         597   1025.701    
         598   1128.430    
         599   1027.290    
         600   1011.404    
         601   1024.113    
         602   957.9214    
         603   1069.123    
         604   989.1637    
         605   1035.233    
         606   1069.123    
         607   1042.646    
         608   1053.766    
         609   1011.934    
         610   1073.359    
         611   1062.239    
         612   1092.952    
         613   1062.239    
         614   1067.005    
         615   1054.296    
         616   1115.192    
         617   1095.599    
         618   1081.302    
         619   1092.952    
         620   1118.369    
         621   1021.465    
         622   1079.714    
         623   1096.129    
         624   1071.771    
         625   1041.058    
         626   1067.534    
         627   1033.115    
         628   1092.422    
         629   1001.343    
         630   1030.997    
         631   998.6953    
         632   1003.991    
         633   988.1046    
         634   984.3979    
         635   992.8704    
         636   981.2207    
         637   961.6281    
         638   991.2818    
         639   919.2656    
         640   1003.991    
         641   935.6811    
         642   955.2737    
         643   932.5039    
         644   918.2065    
         645   901.7911    
         646   876.3736    
         647   852.5447    
         648   837.1883    
         649   885.3756    
         650   792.7077    
         651   792.1782    
         652   816.5366    
         653   743.4614    
         654   743.9909    
         655   695.8036    
         656   694.2150    
         657   662.4431    
         658   617.4330    
         659   635.4371    
         660   590.9565    
         661   586.1907    
         662   546.4759    
         663   557.5960    
         664   510.9973    
         665   538.5329    
         666   498.8181    
         667   475.5187    
         668   481.3436    
         669   456.9851    
         670   440.0402    
         671   428.9200    
         672   434.2153    
         673   405.6207    
         674   395.0300    
         675   377.5555    
         676   404.0321    
         677   374.3783    
         678   362.7287    
         679   349.4904    
         680   359.0219    
         681   344.1951    
         682   359.0219    
         683   309.7756    
         684   330.9568    
         685   315.6004    
         686   313.4823    
         687   302.3621    
         688   282.7695    
         689   298.1259    
         690   272.7084    
         691   280.1218    
         692   283.8286    
         693   254.1748    
         694   254.7043    
         695   261.5883    
         696   249.9386    
         697   252.0567    
         698   252.0567    
         699   230.8755    
         700   240.4070    
         701   234.0526    
         702   232.9936    
         703   229.2869    
         704   219.7553    
         705   235.1117    
         706   199.6331    
         707   233.5231    
         708   199.6331    
         709   219.7553    
         710   199.1036    
         711   201.2217    
         712   195.3969    
         713   184.2767    
         714   184.2767    
         715   198.0446    
         716   191.1606    
         717   183.2177    
         718   158.8593    
         719   172.0975    
         720   169.4499    
         721   167.3318    
         722   163.6250    
         723   167.3318    
         724   148.7982    
         725   150.3868    
         726   141.9143    
         727   152.5049    
         728   155.1525    
         729   148.7982    
         730   141.9143    
         731   124.4398    
         732   126.0284    
         733   135.0304    
         734   124.9693    
         735   130.2646    
         736   117.5559    
         737   122.3216    
         738   118.0854    
         739   109.6129    
         740   112.7901    
         741   109.0834    
         742   103.2585    
         743   11.12015    
         744  0.0000000E+00
         745  0.0000000E+00
         746  0.0000000E+00
         747  0.0000000E+00
         748  0.0000000E+00
         749  0.0000000E+00
         750  0.0000000E+00
         751  0.0000000E+00
         752  0.0000000E+00
         753  0.0000000E+00
         754  0.0000000E+00
         755  0.0000000E+00
         756  0.0000000E+00
         757  0.0000000E+00
         758  0.0000000E+00
         759  0.0000000E+00
         760  0.0000000E+00
         761  0.0000000E+00
         762  0.0000000E+00
         763  0.0000000E+00
         764  0.0000000E+00
         765  0.0000000E+00
         766  0.0000000E+00
         767  0.0000000E+00
         768  0.0000000E+00
         769  0.0000000E+00
         770  0.0000000E+00
         771  0.0000000E+00
         772  0.0000000E+00
         773  0.0000000E+00
         774  0.0000000E+00
         775  0.0000000E+00
         776  0.0000000E+00
         777  0.0000000E+00
         778  0.0000000E+00
         779  0.0000000E+00
         780  0.0000000E+00
         781  0.0000000E+00
         782  0.0000000E+00
         783  0.0000000E+00
         784  0.0000000E+00
         785  0.0000000E+00
         786  0.0000000E+00
         787  0.0000000E+00
         788  0.0000000E+00
         789  0.0000000E+00
         790  0.0000000E+00
         791  0.0000000E+00
         792  0.0000000E+00
         793  0.0000000E+00
         794  0.0000000E+00
         795  0.0000000E+00
         796  0.0000000E+00
         797  0.0000000E+00
         798  0.0000000E+00
         799  0.0000000E+00
         800  0.0000000E+00
         801  0.0000000E+00
         802  0.0000000E+00
         803  0.0000000E+00
         804  0.0000000E+00
         805  0.0000000E+00
         806  0.0000000E+00
         807  0.0000000E+00
         808  0.0000000E+00
         809  0.0000000E+00
         810  0.0000000E+00
         811  0.0000000E+00
         812  0.0000000E+00
         813  0.0000000E+00
         814  0.0000000E+00
         815  0.0000000E+00
         816  0.0000000E+00
         817  0.0000000E+00
         818  0.0000000E+00
         819  0.0000000E+00
         820  0.0000000E+00
         821  0.0000000E+00
         822  0.0000000E+00
         823  0.0000000E+00
         824  0.0000000E+00
         825  0.0000000E+00
         826  0.0000000E+00
         827  0.0000000E+00
         828  0.0000000E+00
         829  0.0000000E+00
         830  0.0000000E+00
         831  0.0000000E+00
         832  0.0000000E+00
         833  0.0000000E+00
         834  0.0000000E+00
         835  0.0000000E+00
         836  0.0000000E+00
         837  0.0000000E+00
         838  0.0000000E+00
         839  0.0000000E+00
         840  0.0000000E+00
         841  0.0000000E+00
         842  0.0000000E+00
         843  0.0000000E+00
         844  0.0000000E+00
         845  0.0000000E+00
         846  0.0000000E+00
         847  0.0000000E+00
         848  0.0000000E+00
         849  0.0000000E+00
         850  0.0000000E+00
         851  0.0000000E+00
         852  0.0000000E+00
         853  0.0000000E+00
         854  0.0000000E+00
         855  0.0000000E+00
         856  0.0000000E+00
         857  0.0000000E+00
         858  0.0000000E+00
         859  0.0000000E+00
         860  0.0000000E+00
         861  0.0000000E+00
         862  0.0000000E+00
         863  0.0000000E+00
         864  0.0000000E+00
         865  0.0000000E+00
         866  0.0000000E+00
         867  0.0000000E+00
         868  0.0000000E+00
         869  0.0000000E+00
         870  0.0000000E+00
         871  0.0000000E+00
         872  0.0000000E+00
         873  0.0000000E+00
         874  0.0000000E+00
         875  0.0000000E+00
         876  0.0000000E+00
         877  0.0000000E+00
         878  0.0000000E+00
         879  0.0000000E+00
         880  0.0000000E+00
         881  0.0000000E+00
         882  0.0000000E+00
         883  0.0000000E+00
         884  0.0000000E+00
         885  0.0000000E+00
         886  0.0000000E+00
         887  0.0000000E+00
         888  0.0000000E+00
         889  0.0000000E+00
         890  0.0000000E+00
         891  0.0000000E+00
         892  0.0000000E+00
         893  0.0000000E+00
         894  0.0000000E+00
         895  0.0000000E+00
         896  0.0000000E+00
         897  0.0000000E+00
         898  0.0000000E+00
         899  0.0000000E+00
         900  0.0000000E+00
         901  0.0000000E+00
         902  0.0000000E+00
         903  0.0000000E+00
         904  0.0000000E+00
         905  0.0000000E+00
         906  0.0000000E+00
         907  0.0000000E+00
         908  0.0000000E+00
         909  0.0000000E+00
         910  0.0000000E+00
         911  0.0000000E+00
         912  0.0000000E+00
         913  0.0000000E+00
         914  0.0000000E+00
         915  0.0000000E+00
         916  0.0000000E+00
         917  0.0000000E+00
         918  0.0000000E+00
         919  0.0000000E+00
         920  0.0000000E+00
         921  0.0000000E+00
         922  0.0000000E+00
         923  0.0000000E+00
         924  0.0000000E+00
         925  0.0000000E+00
         926  0.0000000E+00
         927  0.0000000E+00
         928  0.0000000E+00
         929  0.0000000E+00
         930  0.0000000E+00
         931  0.0000000E+00
         932  0.0000000E+00
         933  0.0000000E+00
         934  0.0000000E+00
         935  0.0000000E+00
         936  0.0000000E+00
         937  0.0000000E+00
         938  0.0000000E+00
         939  0.0000000E+00
         940  0.0000000E+00
         941  0.0000000E+00
         942  0.0000000E+00
         943  0.0000000E+00
         944  0.0000000E+00
         945  0.0000000E+00
         946  0.0000000E+00
         947  0.0000000E+00
         948  0.0000000E+00
         949  0.0000000E+00
         950  0.0000000E+00
         951  0.0000000E+00
         952  0.0000000E+00
         953  0.0000000E+00
         954  0.0000000E+00
         955  0.0000000E+00
         956  0.0000000E+00
         957  0.0000000E+00
         958  0.0000000E+00
         959  0.0000000E+00
         960  0.0000000E+00
         961  0.0000000E+00
         962  0.0000000E+00
         963  0.0000000E+00
         964  0.0000000E+00
         965  0.0000000E+00
         966  0.0000000E+00
         967  0.0000000E+00
         968  0.0000000E+00
         969  0.0000000E+00
         970  0.0000000E+00
         971  0.0000000E+00
         972  0.0000000E+00
         973  0.0000000E+00
         974  0.0000000E+00
         975  0.0000000E+00
         976  0.0000000E+00
         977  0.0000000E+00
         978  0.0000000E+00
         979  0.0000000E+00
         980  0.0000000E+00
         981  0.0000000E+00
         982  0.0000000E+00
         983  0.0000000E+00
         984  0.0000000E+00
         985  0.0000000E+00
         986  0.0000000E+00
         987  0.0000000E+00
         988  0.0000000E+00
         989  0.0000000E+00
         990  0.0000000E+00
         991  0.0000000E+00
         992  0.0000000E+00
         993  0.0000000E+00
         994  0.0000000E+00
         995  0.0000000E+00
         996  0.0000000E+00
         997  0.0000000E+00
         998  0.0000000E+00
         999  0.0000000E+00
        1000  0.0000000E+00
        1001  0.0000000E+00
        1002  0.0000000E+00
        1003  0.0000000E+00
        1004  0.0000000E+00
        1005  0.0000000E+00
        1006  0.0000000E+00
        1007  0.0000000E+00
        1008  0.0000000E+00
        1009  0.0000000E+00
        1010  0.0000000E+00
        1011  0.0000000E+00
        1012  0.0000000E+00
        1013  0.0000000E+00
        1014  0.0000000E+00
        1015  0.0000000E+00
        1016  0.0000000E+00
        1017  0.0000000E+00
        1018  0.0000000E+00
        1019  0.0000000E+00
        1020  0.0000000E+00
        1021  0.0000000E+00
        1022  0.0000000E+00
        1023  0.0000000E+00
        1024  0.0000000E+00
