 #   Y    A
           1  0.0000000E+00
           2  0.0000000E+00
           3  0.0000000E+00
           4  0.0000000E+00
           5  0.0000000E+00
           6  0.0000000E+00
           7  0.0000000E+00
           8  0.0000000E+00
           9  0.0000000E+00
          10  0.0000000E+00
          11  0.0000000E+00
          12  0.0000000E+00
          13  0.0000000E+00
          14  0.0000000E+00
          15  0.0000000E+00
          16  0.0000000E+00
          17  0.0000000E+00
          18  0.0000000E+00
          19  0.0000000E+00
          20  0.0000000E+00
          21  0.0000000E+00
          22  0.0000000E+00
          23  0.0000000E+00
          24  0.0000000E+00
          25  0.0000000E+00
          26  0.0000000E+00
          27  0.0000000E+00
          28  0.0000000E+00
          29  0.0000000E+00
          30  0.0000000E+00
          31  0.0000000E+00
          32  0.0000000E+00
          33  0.0000000E+00
          34  0.0000000E+00
          35  0.0000000E+00
          36  0.0000000E+00
          37  0.0000000E+00
          38  0.0000000E+00
          39  0.0000000E+00
          40  0.0000000E+00
          41  0.0000000E+00
          42  0.0000000E+00
          43  0.0000000E+00
          44  0.0000000E+00
          45  0.0000000E+00
          46  0.0000000E+00
          47  0.0000000E+00
          48  0.0000000E+00
          49  0.0000000E+00
          50  0.0000000E+00
          51  0.0000000E+00
          52  0.0000000E+00
          53  0.0000000E+00
          54  0.0000000E+00
          55  0.0000000E+00
          56  0.0000000E+00
          57  0.0000000E+00
          58  0.0000000E+00
          59  0.0000000E+00
          60  0.0000000E+00
          61  0.0000000E+00
          62  0.0000000E+00
          63  0.0000000E+00
          64  0.0000000E+00
          65  0.0000000E+00
          66  0.0000000E+00
          67  0.0000000E+00
          68  0.0000000E+00
          69  0.0000000E+00
          70  0.0000000E+00
          71  0.0000000E+00
          72  0.0000000E+00
          73  0.0000000E+00
          74  0.0000000E+00
          75  0.0000000E+00
          76  0.0000000E+00
          77  0.0000000E+00
          78  0.0000000E+00
          79  0.0000000E+00
          80  0.0000000E+00
          81  0.0000000E+00
          82  0.0000000E+00
          83  0.0000000E+00
          84  0.0000000E+00
          85  0.0000000E+00
          86  0.0000000E+00
          87  0.0000000E+00
          88  0.0000000E+00
          89  0.0000000E+00
          90  0.0000000E+00
          91  0.0000000E+00
          92  0.0000000E+00
          93  0.0000000E+00
          94  0.0000000E+00
          95  0.0000000E+00
          96  0.0000000E+00
          97  0.0000000E+00
          98  0.0000000E+00
          99  0.0000000E+00
         100  0.0000000E+00
         101  0.0000000E+00
         102  0.0000000E+00
         103  0.0000000E+00
         104  0.0000000E+00
         105  0.0000000E+00
         106  0.0000000E+00
         107  0.0000000E+00
         108  0.0000000E+00
         109  0.0000000E+00
         110  0.0000000E+00
         111  0.0000000E+00
         112  0.0000000E+00
         113  0.0000000E+00
         114  0.0000000E+00
         115  0.0000000E+00
         116  0.0000000E+00
         117  0.0000000E+00
         118  0.0000000E+00
         119  0.0000000E+00
         120  0.0000000E+00
         121  0.0000000E+00
         122  0.0000000E+00
         123  0.0000000E+00
         124  0.0000000E+00
         125  0.0000000E+00
         126  0.0000000E+00
         127  0.0000000E+00
         128  0.0000000E+00
         129  0.0000000E+00
         130  0.0000000E+00
         131  0.0000000E+00
         132  0.0000000E+00
         133  0.0000000E+00
         134  0.0000000E+00
         135  0.0000000E+00
         136  0.0000000E+00
         137  0.0000000E+00
         138  0.0000000E+00
         139  0.0000000E+00
         140  0.0000000E+00
         141  0.0000000E+00
         142  0.0000000E+00
         143  0.0000000E+00
         144  0.0000000E+00
         145  0.0000000E+00
         146  0.0000000E+00
         147  0.0000000E+00
         148  0.0000000E+00
         149  0.0000000E+00
         150  0.0000000E+00
         151  0.0000000E+00
         152  0.0000000E+00
         153  0.0000000E+00
         154  0.0000000E+00
         155  0.0000000E+00
         156  0.0000000E+00
         157  0.0000000E+00
         158  0.0000000E+00
         159  0.0000000E+00
         160  0.0000000E+00
         161  0.0000000E+00
         162  0.0000000E+00
         163  0.0000000E+00
         164  0.0000000E+00
         165  0.0000000E+00
         166  0.0000000E+00
         167  0.0000000E+00
         168  0.0000000E+00
         169  0.0000000E+00
         170  0.0000000E+00
         171  0.0000000E+00
         172  0.0000000E+00
         173  0.0000000E+00
         174  0.0000000E+00
         175  0.0000000E+00
         176  0.0000000E+00
         177  0.0000000E+00
         178  0.0000000E+00
         179  0.0000000E+00
         180  0.0000000E+00
         181  0.0000000E+00
         182  0.0000000E+00
         183  0.0000000E+00
         184  0.0000000E+00
         185  0.0000000E+00
         186  0.0000000E+00
         187  0.0000000E+00
         188  0.0000000E+00
         189  0.0000000E+00
         190  0.0000000E+00
         191  0.0000000E+00
         192  0.0000000E+00
         193  0.0000000E+00
         194  0.0000000E+00
         195  0.0000000E+00
         196  0.0000000E+00
         197  0.0000000E+00
         198  0.0000000E+00
         199  0.0000000E+00
         200  0.0000000E+00
         201  0.0000000E+00
         202  0.0000000E+00
         203  0.0000000E+00
         204  0.0000000E+00
         205  0.0000000E+00
         206  0.0000000E+00
         207  0.0000000E+00
         208  0.0000000E+00
         209  0.0000000E+00
         210  0.0000000E+00
         211  0.0000000E+00
         212  0.0000000E+00
         213  0.0000000E+00
         214  0.0000000E+00
         215  0.0000000E+00
         216  0.0000000E+00
         217  0.0000000E+00
         218  0.0000000E+00
         219  0.0000000E+00
         220  0.0000000E+00
         221  0.0000000E+00
         222  0.0000000E+00
         223  0.0000000E+00
         224  0.0000000E+00
         225  0.0000000E+00
         226  0.0000000E+00
         227  0.0000000E+00
         228  0.0000000E+00
         229  0.0000000E+00
         230  0.0000000E+00
         231  0.0000000E+00
         232  0.0000000E+00
         233  0.0000000E+00
         234  0.0000000E+00
         235  0.0000000E+00
         236  0.0000000E+00
         237  0.0000000E+00
         238  0.0000000E+00
         239  0.0000000E+00
         240  0.0000000E+00
         241  0.0000000E+00
         242  0.0000000E+00
         243  0.0000000E+00
         244  0.0000000E+00
         245  0.0000000E+00
         246  0.0000000E+00
         247  0.0000000E+00
         248  0.0000000E+00
         249  0.0000000E+00
         250  0.0000000E+00
         251  0.0000000E+00
         252  0.0000000E+00
         253  0.0000000E+00
         254  0.0000000E+00
         255  0.0000000E+00
         256  0.0000000E+00
         257  0.0000000E+00
         258  0.0000000E+00
         259  0.0000000E+00
         260  0.0000000E+00
         261  0.0000000E+00
         262  0.0000000E+00
         263  0.0000000E+00
         264  0.0000000E+00
         265  0.0000000E+00
         266  0.0000000E+00
         267  0.0000000E+00
         268  0.0000000E+00
         269  0.0000000E+00
         270  0.0000000E+00
         271  0.0000000E+00
         272  0.0000000E+00
         273  0.0000000E+00
         274  0.0000000E+00
         275  0.0000000E+00
         276  0.0000000E+00
         277  0.0000000E+00
         278  0.0000000E+00
         279  0.0000000E+00
         280  0.0000000E+00
         281  0.0000000E+00
         282  0.0000000E+00
         283  0.0000000E+00
         284  0.0000000E+00
         285  0.0000000E+00
         286  0.0000000E+00
         287  0.0000000E+00
         288   1.059062    
         289   3.177185    
         290   11.64968    
         291   17.47452    
         292   19.06311    
         293   21.18124    
         294   21.71077    
         295   27.00607    
         296   21.18124    
         297   25.41748    
         298   24.88795    
         299   22.76983    
         300   23.82889    
         301   22.24030    
         302   23.29936    
         303   34.94904    
         304   31.77185    
         305   21.71077    
         306   29.12420    
         307   19.59264    
         308   28.06514    
         309   27.53561    
         310   24.88795    
         311   29.12420    
         312   30.18326    
         313   23.29936    
         314   27.53561    
         315   27.00607    
         316   27.53561    
         317   32.30138    
         318   30.71279    
         319   32.83091    
         320   26.47654    
         321   28.06514    
         322   27.00607    
         323   41.30341    
         324   34.94904    
         325   30.18326    
         326   32.83091    
         327   31.77185    
         328   31.24232    
         329   26.47654    
         330   28.59467    
         331   30.71279    
         332   30.71279    
         333   36.00810    
         334   32.83091    
         335   38.12622    
         336   38.12622    
         337   31.77185    
         338   32.30138    
         339   33.36045    
         340   31.24232    
         341   34.41951    
         342   42.36247    
         343   40.77388    
         344   45.01012    
         345   33.88998    
         346   31.24232    
         347   45.01012    
         348   34.41951    
         349   35.47857    
         350   36.00810    
         351   43.42153    
         352   53.48262    
         353   34.41951    
         354   38.65575    
         355   38.65575    
         356   39.71482    
         357   51.89403    
         358   53.48262    
         359   46.06919    
         360   59.30746    
         361   49.24637    
         362   40.77388    
         363   42.89200    
         364   58.24840    
         365   45.53966    
         366   51.89403    
         367   58.24840    
         368   59.83699    
         369   57.18933    
         370   50.83496    
         371   58.77793    
         372   59.30746    
         373   61.95511    
         374   58.77793    
         375   75.19338    
         376   69.89808    
         377   64.60277    
         378   74.66386    
         379   84.19541    
         380   78.37057    
         381   70.42760    
         382   87.90213    
         383   96.90415    
         384   93.19743    
         385   95.84509    
         386   94.78603    
         387   106.9652    
         388   111.7310    
         389   116.4968    
         390   125.4988    
         391   131.3237    
         392   130.7941    
         393   149.3277    
         394   173.1566    
         395   169.4499    
         396   177.9224    
         397   192.2197    
         398   190.6311    
         399   219.7553    
         400   210.7533    
         401   239.8775    
         402   253.1158    
         403   274.8265    
         404   281.7104    
         405   275.3560    
         406   282.7695    
         407   306.5984    
         408   297.5963    
         409   330.4273    
         410   305.5393    
         411   314.5414    
         412   312.4232    
         413   327.7796    
         414   303.9507    
         415   323.5434    
         416   315.6004    
         417   313.4823    
         418   315.0709    
         419   325.1320    
         420   315.6004    
         421   335.1931    
         422   333.6045    
         423   370.6716    
         424   345.2541    
         425   352.1380    
         426   385.4985    
         427   391.8528    
         428   413.0341    
         429   424.1542    
         430   440.5697    
         431   482.4026    
         432   531.6490    
         433   526.3537    
         434   599.4290    
         435   588.3088    
         436   571.3638    
         437   608.4310    
         438   624.8464    
         439   635.4371    
         440   665.0908    
         441   675.1519    
         442   701.0989    
         443   712.7485    
         444   691.5673    
         445   763.5836    
         446   805.9460    
         447   789.0010    
         448   872.1373    
         449   894.3777    
         450   865.7830    
         451   938.3287    
         452   907.6160    
         453   1004.520    
         454   940.4468    
         455   978.5731    
         456   965.3348    
         457   975.3959    
         458   984.9274    
         459   978.5731    
         460   995.5181    
         461   913.9703    
         462   970.6301    
         463   971.6891    
         464   918.7361    
         465   930.3857    
         466   915.5589    
         467   965.3348    
         468   895.9662    
         469   950.5079    
         470   965.3348    
         471   949.9784    
         472   937.2697    
         473   957.9214    
         474   938.3287    
         475   981.7502    
         476   981.7502    
         477   982.8093    
         478   1025.701    
         479   1005.579    
         480   1053.766    
         481   1028.879    
         482   1084.479    
         483   1050.589    
         484   1094.011    
         485   1082.361    
         486   1125.783    
         487   1074.418    
         488   1134.255    
         489   1068.064    
         490   1123.135    
         491   1122.076    
         492   1092.952    
         493   1141.139    
         494   1089.775    
         495   1143.787    
         496   1105.661    
         497   1146.434    
         498   1148.023    
         499   1143.257    
         500   1119.958    
         501   1134.785    
         502   1161.791    
         503   1139.021    
         504   1213.155    
         505   1145.375    
         506   1208.919    
         507   1175.029    
         508   1205.212    
         509   1208.390    
         510   1202.565    
         511   1221.098    
         512   1171.322    
         513   1210.508    
         514   1226.394    
         515   1188.797    
         516   1238.573    
         517   1238.573    
         518   1213.685    
         519   1234.866    
         520   1244.927    
         521   1240.161    
         522   1230.100    
         523   1258.695    
         524   1259.224    
         525   1271.404    
         526   1305.823    
         527   1299.469    
         528   1287.290    
         529   1360.365    
         530   1365.660    
         531   1375.192    
         532   1398.491    
         533   1437.147    
         534   1463.094    
         535   1423.909    
         536   1424.438    
         537   1489.570    
         538   1513.929    
         539   1511.811    
         540   1526.108    
         541   1516.576    
         542   1508.633    
         543   1534.051    
         544   1525.578    
         545   1522.401    
         546   1488.511    
         547   1499.631    
         548   1487.982    
         549   1508.634    
         550   1529.815    
         551   1521.872    
         552   1534.580    
         553   1528.226    
         554   1623.542    
         555   1581.709    
         556   1620.894    
         557   1661.668    
         558   1716.739    
         559   1723.623    
         560   1778.694    
         561   1814.702    
         562   1913.195    
         563   1949.203    
         564   2087.940    
         565   2170.018    
         566   2275.394    
         567   2430.547    
         568   2565.048    
         569   2682.074    
         570   3004.558    
         571   3280.973    
         572   3506.024    
         573   3845.453    
         574   4491.481    
         575   5090.910    
         576   5936.571    
         577   6449.157    
         578   6349.075    
         579   5335.023    
         580   4130.341    
         581   3579.099    
         582   3019.915    
         583   2646.066    
         584   2592.054    
         585   2304.518    
         586   2109.651    
         587   1971.443    
         588   1911.606    
         589   1806.759    
         590   1714.621    
         591   1665.904    
         592   1639.957    
         593   1512.870    
         594   1499.631    
         595   1436.088    
         596   1386.841    
         597   1386.841    
         598   1315.355    
         599   1287.819    
         600   1211.037    
         601   1248.634    
         602   1209.978    
         603   1185.620    
         604   1186.149    
         605   1145.375    
         606   1143.787    
         607   1091.363    
         608   1100.365    
         609   1096.658    
         610   1103.542    
         611   1116.781    
         612   1058.003    
         613   1026.760    
         614   1013.522    
         615   998.6953    
         616   970.1006    
         617   956.3328    
         618   951.5670    
         619   936.7401    
         620   886.9642    
         621   900.2025    
         622   877.9622    
         623   845.1313    
         624   861.0172    
         625   866.8420    
         626   824.4796    
         627   844.0722    
         628   837.7178    
         629   798.0031    
         630   831.8930    
         631   828.1863    
         632   770.4674    
         633   810.7118    
         634   831.3635    
         635   759.3473    
         636   746.1090    
         637   761.9949    
         638   761.9949    
         639   738.1661    
         640   739.7546    
         641   717.5143    
         642   729.6935    
         643   699.5103    
         644   709.5714    
         645   681.5062    
         646   685.2130    
         647   668.7975    
         648   650.7935    
         649   678.3290    
         650   656.6183    
         651   651.3230    
         652   651.3230    
         653   640.2028    
         654   639.1438    
         655   641.2619    
         656   581.9544    
         657   628.5532    
         658   587.7793    
         659   594.1337    
         660   587.7793    
         661   571.3638    
         662   579.3068    
         663   552.8303    
         664   560.7732    
         665   539.5920    
         666   535.8853    
         667   539.5920    
         668   547.5349    
         669   538.0034    
         670   515.7631    
         671   533.2376    
         672   498.8181    
         673   531.6490    
         674   519.9993    
         675   515.7631    
         676   505.1725    
         677   523.7061    
         678   515.2336    
         679   478.1664    
         680   495.6409    
         681   500.4067    
         682   494.0523    
         683   479.7550    
         684   506.2315    
         685   465.9872    
         686   494.0523    
         687   482.9322    
         688   464.9281    
         689   482.9322    
         690   456.9852    
         691   482.9322    
         692   462.2805    
         693   459.1033    
         694   466.5167    
         695   463.3395    
         696   467.5758    
         697   445.3355    
         698   464.9281    
         699   451.1603    
         700   431.0381    
         701   450.6308    
         702   455.9261    
         703   413.0341    
         704   440.0402    
         705   420.4475    
         706   412.5045    
         707   397.1482    
         708   406.6797    
         709   388.1461    
         710   387.0871    
         711   379.1441    
         712   367.4944    
         713   361.1401    
         714   347.9018    
         715   348.9608    
         716   328.3091    
         717   343.1360    
         718   314.0118    
         719   330.9568    
         720   319.3071    
         721   311.3642    
         722   301.3031    
         723   325.6615    
         724   281.1809    
         725   289.6534    
         726   284.3581    
         727   276.9446    
         728   271.6494    
         729   266.3540    
         730   265.2950    
         731   263.7064    
         732   241.4661    
         733   265.8245    
         734   222.9325    
         735   249.4090    
         736   245.1728    
         737   199.1036    
         738   192.2197    
         739   187.9835    
         740   180.0405    
         741   182.6882    
         742   178.9814    
         743   173.6861    
         744   181.0996    
         745   167.3318    
         746   176.8633    
         747   161.5069    
         748   165.7432    
         749   162.0365    
         750   167.3318    
         751   146.1505    
         752   158.3297    
         753   150.3868    
         754   150.3868    
         755   153.0344    
         756   144.0324    
         757   148.7982    
         758   140.8552    
         759   143.5029    
         760   138.2076    
         761   137.6780    
         762   131.8532    
         763   136.6190    
         764   136.6190    
         765   128.1465    
         766   133.9713    
         767   132.9122    
         768   120.2035    
         769   132.9122    
         770   123.3807    
         771   118.6149    
         772   127.6169    
         773   115.4377    
         774   116.4968    
         775   124.9693    
         776   124.9693    
         777   96.90415    
         778   126.0284    
         779   113.3196    
         780   115.4377    
         781   105.3766    
         782   108.5538    
         783   114.9082    
         784   106.9652    
         785   111.2015    
         786   105.9062    
         787   102.1995    
         788   104.8471    
         789   105.3766    
         790   103.7881    
         791   99.02228    
         792   113.3196    
         793   96.90415    
         794   103.2585    
         795   87.37260    
         796   102.1995    
         797   95.84509    
         798   88.96119    
         799   96.90415    
         800   90.02025    
         801   93.19743    
         802   95.31556    
         803   85.25447    
         804   94.25650    
         805   89.49072    
         806   85.25447    
         807   79.95917    
         808   82.60682    
         809   90.02025    
         810   78.37057    
         811   81.01823    
         812   91.07932    
         813   73.60479    
         814   87.37260    
         815   72.01620    
         816   86.31354    
         817   69.36855    
         818   70.42760    
         819   79.42963    
         820   74.66386    
         821   73.60479    
         822   81.01823    
         823   81.54776    
         824   65.13230    
         825   71.48667    
         826   76.25245    
         827   75.19339    
         828   69.36855    
         829   73.60480    
         830   76.25245    
         831   80.48869    
         832   78.90010    
         833   142.9733    
         834   27.00607    
         835  0.0000000E+00
         836  0.0000000E+00
         837  0.0000000E+00
         838  0.0000000E+00
         839  0.0000000E+00
         840  0.0000000E+00
         841  0.0000000E+00
         842  0.0000000E+00
         843  0.0000000E+00
         844  0.0000000E+00
         845  0.0000000E+00
         846  0.0000000E+00
         847  0.0000000E+00
         848  0.0000000E+00
         849  0.0000000E+00
         850  0.0000000E+00
         851  0.0000000E+00
         852  0.0000000E+00
         853  0.0000000E+00
         854  0.0000000E+00
         855  0.0000000E+00
         856  0.0000000E+00
         857  0.0000000E+00
         858  0.0000000E+00
         859  0.0000000E+00
         860  0.0000000E+00
         861  0.0000000E+00
         862  0.0000000E+00
         863  0.0000000E+00
         864  0.0000000E+00
         865  0.0000000E+00
         866  0.0000000E+00
         867  0.0000000E+00
         868  0.0000000E+00
         869  0.0000000E+00
         870  0.0000000E+00
         871  0.0000000E+00
         872  0.0000000E+00
         873  0.0000000E+00
         874  0.0000000E+00
         875  0.0000000E+00
         876  0.0000000E+00
         877  0.0000000E+00
         878  0.0000000E+00
         879  0.0000000E+00
         880  0.0000000E+00
         881  0.0000000E+00
         882  0.0000000E+00
         883  0.0000000E+00
         884  0.0000000E+00
         885  0.0000000E+00
         886  0.0000000E+00
         887  0.0000000E+00
         888  0.0000000E+00
         889  0.0000000E+00
         890  0.0000000E+00
         891  0.0000000E+00
         892  0.0000000E+00
         893  0.0000000E+00
         894  0.0000000E+00
         895  0.0000000E+00
         896  0.0000000E+00
         897  0.0000000E+00
         898  0.0000000E+00
         899  0.0000000E+00
         900  0.0000000E+00
         901  0.0000000E+00
         902  0.0000000E+00
         903  0.0000000E+00
         904  0.0000000E+00
         905  0.0000000E+00
         906  0.0000000E+00
         907  0.0000000E+00
         908  0.0000000E+00
         909  0.0000000E+00
         910  0.0000000E+00
         911  0.0000000E+00
         912  0.0000000E+00
         913  0.0000000E+00
         914  0.0000000E+00
         915  0.0000000E+00
         916  0.0000000E+00
         917  0.0000000E+00
         918  0.0000000E+00
         919  0.0000000E+00
         920  0.0000000E+00
         921  0.0000000E+00
         922  0.0000000E+00
         923  0.0000000E+00
         924  0.0000000E+00
         925  0.0000000E+00
         926  0.0000000E+00
         927  0.0000000E+00
         928  0.0000000E+00
         929  0.0000000E+00
         930  0.0000000E+00
         931  0.0000000E+00
         932  0.0000000E+00
         933  0.0000000E+00
         934  0.0000000E+00
         935  0.0000000E+00
         936  0.0000000E+00
         937  0.0000000E+00
         938  0.0000000E+00
         939  0.0000000E+00
         940  0.0000000E+00
         941  0.0000000E+00
         942  0.0000000E+00
         943  0.0000000E+00
         944  0.0000000E+00
         945  0.0000000E+00
         946  0.0000000E+00
         947  0.0000000E+00
         948  0.0000000E+00
         949  0.0000000E+00
         950  0.0000000E+00
         951  0.0000000E+00
         952  0.0000000E+00
         953  0.0000000E+00
         954  0.0000000E+00
         955  0.0000000E+00
         956  0.0000000E+00
         957  0.0000000E+00
         958  0.0000000E+00
         959  0.0000000E+00
         960  0.0000000E+00
         961  0.0000000E+00
         962  0.0000000E+00
         963  0.0000000E+00
         964  0.0000000E+00
         965  0.0000000E+00
         966  0.0000000E+00
         967  0.0000000E+00
         968  0.0000000E+00
         969  0.0000000E+00
         970  0.0000000E+00
         971  0.0000000E+00
         972  0.0000000E+00
         973  0.0000000E+00
         974  0.0000000E+00
         975  0.0000000E+00
         976  0.0000000E+00
         977  0.0000000E+00
         978  0.0000000E+00
         979  0.0000000E+00
         980  0.0000000E+00
         981  0.0000000E+00
         982  0.0000000E+00
         983  0.0000000E+00
         984  0.0000000E+00
         985  0.0000000E+00
         986  0.0000000E+00
         987  0.0000000E+00
         988  0.0000000E+00
         989  0.0000000E+00
         990  0.0000000E+00
         991  0.0000000E+00
         992  0.0000000E+00
         993  0.0000000E+00
         994  0.0000000E+00
         995  0.0000000E+00
         996  0.0000000E+00
         997  0.0000000E+00
         998  0.0000000E+00
         999  0.0000000E+00
        1000  0.0000000E+00
        1001  0.0000000E+00
        1002  0.0000000E+00
        1003  0.0000000E+00
        1004  0.0000000E+00
        1005  0.0000000E+00
        1006  0.0000000E+00
        1007  0.0000000E+00
        1008  0.0000000E+00
        1009  0.0000000E+00
        1010  0.0000000E+00
        1011  0.0000000E+00
        1012  0.0000000E+00
        1013  0.0000000E+00
        1014  0.0000000E+00
        1015  0.0000000E+00
        1016  0.0000000E+00
        1017  0.0000000E+00
        1018  0.0000000E+00
        1019  0.0000000E+00
        1020  0.0000000E+00
        1021  0.0000000E+00
        1022  0.0000000E+00
        1023  0.0000000E+00
        1024  0.0000000E+00
