 #   Y    A
           1  0.0000000E+00
           2  0.0000000E+00
           3  0.0000000E+00
           4  0.0000000E+00
           5  0.0000000E+00
           6  0.0000000E+00
           7  0.0000000E+00
           8  0.0000000E+00
           9  0.0000000E+00
          10  0.0000000E+00
          11  0.0000000E+00
          12  0.0000000E+00
          13  0.0000000E+00
          14  0.0000000E+00
          15  0.0000000E+00
          16  0.0000000E+00
          17  0.0000000E+00
          18  0.0000000E+00
          19  0.0000000E+00
          20  0.0000000E+00
          21  0.0000000E+00
          22  0.0000000E+00
          23  0.0000000E+00
          24  0.0000000E+00
          25  0.0000000E+00
          26  0.0000000E+00
          27  0.0000000E+00
          28  0.0000000E+00
          29  0.0000000E+00
          30  0.0000000E+00
          31  0.0000000E+00
          32  0.0000000E+00
          33  0.0000000E+00
          34  0.0000000E+00
          35  0.0000000E+00
          36  0.0000000E+00
          37  0.0000000E+00
          38  0.0000000E+00
          39  0.0000000E+00
          40  0.0000000E+00
          41  0.0000000E+00
          42  0.0000000E+00
          43  0.0000000E+00
          44  0.0000000E+00
          45  0.0000000E+00
          46  0.0000000E+00
          47  0.0000000E+00
          48  0.0000000E+00
          49  0.0000000E+00
          50  0.0000000E+00
          51  0.0000000E+00
          52  0.0000000E+00
          53  0.0000000E+00
          54  0.0000000E+00
          55  0.0000000E+00
          56  0.0000000E+00
          57  0.0000000E+00
          58  0.0000000E+00
          59  0.0000000E+00
          60  0.0000000E+00
          61  0.0000000E+00
          62  0.0000000E+00
          63  0.0000000E+00
          64  0.0000000E+00
          65  0.0000000E+00
          66  0.0000000E+00
          67  0.0000000E+00
          68  0.0000000E+00
          69  0.0000000E+00
          70  0.0000000E+00
          71  0.0000000E+00
          72  0.0000000E+00
          73  0.0000000E+00
          74  0.0000000E+00
          75  0.0000000E+00
          76  0.0000000E+00
          77  0.0000000E+00
          78  0.0000000E+00
          79  0.0000000E+00
          80  0.0000000E+00
          81  0.0000000E+00
          82  0.0000000E+00
          83  0.0000000E+00
          84  0.0000000E+00
          85  0.0000000E+00
          86  0.0000000E+00
          87  0.0000000E+00
          88  0.0000000E+00
          89  0.0000000E+00
          90  0.0000000E+00
          91  0.0000000E+00
          92  0.0000000E+00
          93  0.0000000E+00
          94  0.0000000E+00
          95  0.0000000E+00
          96  0.0000000E+00
          97  0.0000000E+00
          98  0.0000000E+00
          99  0.0000000E+00
         100  0.0000000E+00
         101  0.0000000E+00
         102  0.0000000E+00
         103  0.0000000E+00
         104  0.0000000E+00
         105  0.0000000E+00
         106  0.0000000E+00
         107  0.0000000E+00
         108  0.0000000E+00
         109  0.0000000E+00
         110  0.0000000E+00
         111  0.0000000E+00
         112  0.0000000E+00
         113  0.0000000E+00
         114  0.0000000E+00
         115  0.0000000E+00
         116  0.0000000E+00
         117  0.0000000E+00
         118  0.0000000E+00
         119  0.0000000E+00
         120  0.0000000E+00
         121  0.0000000E+00
         122  0.0000000E+00
         123  0.0000000E+00
         124  0.0000000E+00
         125  0.0000000E+00
         126  0.0000000E+00
         127  0.0000000E+00
         128  0.0000000E+00
         129  0.0000000E+00
         130  0.0000000E+00
         131  0.0000000E+00
         132  0.0000000E+00
         133  0.0000000E+00
         134  0.0000000E+00
         135  0.0000000E+00
         136  0.0000000E+00
         137  0.0000000E+00
         138  0.0000000E+00
         139  0.0000000E+00
         140  0.0000000E+00
         141  0.0000000E+00
         142  0.0000000E+00
         143  0.0000000E+00
         144  0.0000000E+00
         145  0.0000000E+00
         146  0.0000000E+00
         147  0.0000000E+00
         148  0.0000000E+00
         149  0.0000000E+00
         150  0.0000000E+00
         151  0.0000000E+00
         152  0.0000000E+00
         153  0.0000000E+00
         154  0.0000000E+00
         155  0.0000000E+00
         156  0.0000000E+00
         157  0.0000000E+00
         158  0.0000000E+00
         159  0.0000000E+00
         160  0.0000000E+00
         161  0.0000000E+00
         162  0.0000000E+00
         163  0.0000000E+00
         164  0.0000000E+00
         165  0.0000000E+00
         166  0.0000000E+00
         167  0.0000000E+00
         168  0.0000000E+00
         169  0.0000000E+00
         170  0.0000000E+00
         171  0.0000000E+00
         172  0.0000000E+00
         173  0.0000000E+00
         174  0.0000000E+00
         175  0.0000000E+00
         176  0.0000000E+00
         177  0.0000000E+00
         178  0.0000000E+00
         179  0.0000000E+00
         180  0.0000000E+00
         181  0.0000000E+00
         182  0.0000000E+00
         183  0.0000000E+00
         184  0.0000000E+00
         185  0.0000000E+00
         186  0.0000000E+00
         187  0.0000000E+00
         188  0.0000000E+00
         189  0.0000000E+00
         190  0.0000000E+00
         191  0.0000000E+00
         192  0.0000000E+00
         193  0.0000000E+00
         194  0.0000000E+00
         195  0.0000000E+00
         196  0.0000000E+00
         197  0.0000000E+00
         198  0.0000000E+00
         199  0.0000000E+00
         200  0.0000000E+00
         201  0.0000000E+00
         202  0.0000000E+00
         203  0.0000000E+00
         204  0.0000000E+00
         205  0.0000000E+00
         206  0.0000000E+00
         207  0.0000000E+00
         208  0.0000000E+00
         209  0.0000000E+00
         210  0.0000000E+00
         211  0.0000000E+00
         212  0.0000000E+00
         213  0.0000000E+00
         214  0.0000000E+00
         215  0.0000000E+00
         216  0.0000000E+00
         217  0.0000000E+00
         218  0.0000000E+00
         219  0.0000000E+00
         220  0.0000000E+00
         221  0.0000000E+00
         222  0.0000000E+00
         223  0.0000000E+00
         224  0.0000000E+00
         225  0.0000000E+00
         226  0.0000000E+00
         227  0.0000000E+00
         228  0.0000000E+00
         229  0.0000000E+00
         230  0.0000000E+00
         231  0.0000000E+00
         232  0.0000000E+00
         233  0.0000000E+00
         234  0.0000000E+00
         235  0.0000000E+00
         236  0.0000000E+00
         237  0.0000000E+00
         238  0.0000000E+00
         239  0.0000000E+00
         240  0.0000000E+00
         241  0.0000000E+00
         242  0.0000000E+00
         243  0.0000000E+00
         244  0.0000000E+00
         245  0.0000000E+00
         246  0.0000000E+00
         247  0.0000000E+00
         248  0.0000000E+00
         249  0.0000000E+00
         250  0.0000000E+00
         251  0.0000000E+00
         252  0.0000000E+00
         253  0.0000000E+00
         254  0.0000000E+00
         255  0.0000000E+00
         256  0.0000000E+00
         257  0.0000000E+00
         258  0.0000000E+00
         259  0.0000000E+00
         260  0.0000000E+00
         261  0.0000000E+00
         262  0.0000000E+00
         263  0.0000000E+00
         264  0.0000000E+00
         265  0.0000000E+00
         266  0.0000000E+00
         267  0.0000000E+00
         268  0.0000000E+00
         269  0.0000000E+00
         270  0.0000000E+00
         271  0.0000000E+00
         272  0.0000000E+00
         273  0.0000000E+00
         274  0.0000000E+00
         275  0.0000000E+00
         276  0.0000000E+00
         277  0.0000000E+00
         278  0.0000000E+00
         279  0.0000000E+00
         280  0.0000000E+00
         281  0.0000000E+00
         282  0.0000000E+00
         283  0.0000000E+00
         284  0.0000000E+00
         285  0.0000000E+00
         286  0.0000000E+00
         287  0.0000000E+00
         288  0.0000000E+00
         289  0.0000000E+00
         290  0.0000000E+00
         291  0.0000000E+00
         292  0.0000000E+00
         293  0.0000000E+00
         294  0.0000000E+00
         295  0.0000000E+00
         296  0.0000000E+00
         297  0.0000000E+00
         298  0.0000000E+00
         299  0.0000000E+00
         300  0.0000000E+00
         301  0.0000000E+00
         302  0.0000000E+00
         303  0.0000000E+00
         304  0.0000000E+00
         305  0.0000000E+00
         306  0.0000000E+00
         307  0.0000000E+00
         308  0.0000000E+00
         309  0.0000000E+00
         310  0.0000000E+00
         311  0.0000000E+00
         312  0.0000000E+00
         313  0.0000000E+00
         314  0.0000000E+00
         315  0.0000000E+00
         316  0.0000000E+00
         317  0.0000000E+00
         318  0.0000000E+00
         319  0.0000000E+00
         320  0.0000000E+00
         321  0.0000000E+00
         322  0.0000000E+00
         323  0.0000000E+00
         324  0.0000000E+00
         325  0.0000000E+00
         326  0.0000000E+00
         327  0.0000000E+00
         328  0.0000000E+00
         329  0.0000000E+00
         330  0.0000000E+00
         331  0.0000000E+00
         332  0.0000000E+00
         333  0.0000000E+00
         334  0.0000000E+00
         335  0.0000000E+00
         336  0.0000000E+00
         337  0.0000000E+00
         338  0.0000000E+00
         339  0.0000000E+00
         340  0.0000000E+00
         341  0.0000000E+00
         342  0.0000000E+00
         343  0.0000000E+00
         344  0.0000000E+00
         345   3.177185    
         346   11.64968    
         347   24.88795    
         348   33.88998    
         349   36.53763    
         350   44.48059    
         351   41.30341    
         352   37.06716    
         353   47.65778    
         354   64.07323    
         355   48.71684    
         356   51.89403    
         357   47.65778    
         358   56.13028    
         359   54.54168    
         360   68.83901    
         361   66.72089    
         362   65.13230    
         363   79.95916    
         364   82.07729    
         365   75.19339    
         366   70.42760    
         367   67.25042    
         368   78.90010    
         369   76.78198    
         370   66.72089    
         371   83.13635    
         372   84.72495    
         373   96.90415    
         374   90.54978    
         375   101.6699    
         376   96.37462    
         377   96.90415    
         378   118.0854    
         379   97.43369    
         380   117.5559    
         381   113.3196    
         382   136.0894    
         383   114.9082    
         384   145.6210    
         385   152.5049    
         386   145.6210    
         387   147.2096    
         388   177.3929    
         389   184.2767    
         390   171.0385    
         391   200.6922    
         392   217.6372    
         393   204.9285    
         394   256.8225    
         395   254.7044    
         396   278.0037    
         397   316.6595    
         398   316.6595    
         399   354.7857    
         400   396.6186    
         401   407.2093    
         402   444.2764    
         403   464.9281    
         404   492.9933    
         405   529.5309    
         406   615.3149    
         407   633.3189    
         408   671.4452    
         409   746.6385    
         410   742.4023    
         411   805.9460    
         412   834.0111    
         413   870.0192    
         414   885.3756    
         415   895.9662    
         416   898.6139    
         417   982.8093    
         418   989.1637    
         419   1095.070    
         420   1092.952    
         421   1160.202    
         422   1194.092    
         423   1215.273    
         424   1312.707    
         425   1402.727    
         426   1408.023    
         427   1545.701    
         428   1624.071    
         429   1677.024    
         430   1870.303    
         431   2020.690    
         432   2256.861    
         433   2560.811    
         434   3086.106    
         435   3799.914    
         436   4836.735    
         437   5176.165    
         438   4890.747    
         439   3924.883    
         440   3468.427    
         441   2957.959    
         442   2658.775    
         443   2567.166    
         444   2414.131    
         445   2328.877    
         446   2087.940    
         447   1931.199    
         448   1898.898    
         449   1826.352    
         450   1757.513    
         451   1640.487    
         452   1593.358    
         453   1570.589    
         454   1474.214    
         455   1486.393    
         456   1457.269    
         457   1451.444    
         458   1423.909    
         459   1424.968    
         460   1436.088    
         461   1411.200    
         462   1337.065    
         463   1272.463    
         464   1355.599    
         465   1341.831    
         466   1325.945    
         467   1277.229    
         468   1248.634    
         469   1209.448    
         470   1185.090    
         471   1088.186    
         472   1127.371    
         473   1103.013    
         474   1051.119    
         475   1078.654    
         476   1068.593    
         477   1085.538    
         478   1015.640    
         479   1029.408    
         480   1051.648    
         481   999.2248    
         482   1010.345    
         483   1069.652    
         484   1042.117    
         485   1131.608    
         486   1109.367    
         487   1124.724    
         488   1062.239    
         489   1103.542    
         490   1069.123    
         491   1036.821    
         492   1103.013    
         493   1059.591    
         494   1071.771    
         495   1089.245    
         496   1133.726    
         497   1145.375    
         498   1091.363    
         499   1124.194    
         500   1166.557    
         501   1139.550    
         502   1121.546    
         503   1103.013    
         504   1138.491    
         505   1134.255    
         506   1126.312    
         507   1121.546    
         508   1080.243    
         509   1107.249    
         510   1082.891    
         511   1107.779    
         512   1079.184    
         513   1143.257    
         514   1100.895    
         515   1080.773    
         516   1059.591    
         517   1124.724    
         518   1110.426    
         519   1113.074    
         520   1100.895    
         521   1068.064    
         522   1078.125    
         523   1053.766    
         524   1091.893    
         525   1072.300    
         526   1088.715    
         527   1079.184    
         528   1086.597    
         529   1055.355    
         530   1046.353    
         531   1073.889    
         532   1083.950    
         533   1083.950    
         534   1045.294    
         535   1119.958    
         536   1063.298    
         537   1105.131    
         538   1091.363    
         539   1056.944    
         540   1060.650    
         541   1059.062    
         542   1051.648    
         543   1097.188    
         544   1077.066    
         545   1083.950    
         546   1076.536    
         547   1047.412    
         548   1096.658    
         549   1060.121    
         550   1079.184    
         551   1059.591    
         552   1017.758    
         553   1062.239    
         554   1074.418    
         555   1023.054    
         556   1094.011    
         557   1078.654    
         558   1110.426    
         559   1066.475    
         560   1002.932    
         561   1067.005    
         562   1015.640    
         563   1083.420    
         564   1086.597    
         565   1044.764    
         566   1045.823    
         567   1105.661    
         568   1043.705    
         569   1067.534    
         570   1074.418    
         571   1061.709    
         572   1077.595    
         573   1057.473    
         574   1037.880    
         575   1070.711    
         576   1068.593    
         577   1085.009    
         578   1110.956    
         579   1086.597    
         580   1068.064    
         581   1086.068    
         582   1038.940    
         583   1085.009    
         584   1055.885    
         585   1070.182    
         586   1057.473    
         587   1051.119    
         588   1092.952    
         589   1083.950    
         590   1074.948    
         591   1068.593    
         592   1077.595    
         593   1037.351    
         594   1067.005    
         595   1049.001    
         596   1059.591    
         597   1034.174    
         598   1089.245    
         599   1106.719    
         600   1057.473    
         601   1067.534    
         602   1038.410    
         603   1029.408    
         604   1035.762    
         605   1059.062    
         606   1062.768    
         607   1099.836    
         608   1063.298    
         609   1070.711    
         610   1110.426    
         611   1063.828    
         612   1083.420    
         613   1059.062    
         614   1076.536    
         615   1041.058    
         616   1081.832    
         617   1038.940    
         618   1069.123    
         619   1063.298    
         620   1049.530    
         621   1105.661    
         622   1049.530    
         623   1093.481    
         624   1087.656    
         625   1058.532    
         626   1065.946    
         627   1046.353    
         628   1081.832    
         629   1075.477    
         630   1078.654    
         631   1076.536    
         632   1054.826    
         633   1074.418    
         634   1046.353    
         635   1064.887    
         636   1038.940    
         637   1096.658    
         638   1049.530    
         639   1100.895    
         640   1055.355    
         641   1049.530    
         642   1073.889    
         643   1082.361    
         644   1030.467    
         645   1058.532    
         646   1047.942    
         647   1071.241    
         648   1063.828    
         649   1071.771    
         650   1097.718    
         651   1036.821    
         652   1061.709    
         653   1035.762    
         654   1039.469    
         655   1033.644    
         656   1004.520    
         657   931.4448    
         658   915.5589    
         659   895.9662    
         660   848.3085    
         661   835.5997    
         662   826.5977    
         663   782.1171    
         664   754.5815    
         665   696.8627    
         666   660.3250    
         667   653.9706    
         668   601.0176    
         669   617.4330    
         670   579.3068    
         671   562.8914    
         672   563.9504    
         673   531.1194    
         674   521.5879    
         675   465.9872    
         676   435.8039    
         677   438.9811    
         678   360.6105    
         679   366.9649    
         680   341.5474    
         681   314.5414    
         682   320.8957    
         683   307.1279    
         684   244.6433    
         685   238.2889    
         686   229.2869    
         687   206.5170    
         688   174.2157    
         689   148.2686    
         690   120.2035    
         691   82.07729    
         692   41.30341    
         693   11.64968    
         694  0.0000000E+00
         695  0.0000000E+00
         696  0.0000000E+00
         697  0.0000000E+00
         698  0.0000000E+00
         699  0.0000000E+00
         700  0.0000000E+00
         701  0.0000000E+00
         702  0.0000000E+00
         703  0.0000000E+00
         704  0.0000000E+00
         705  0.0000000E+00
         706  0.0000000E+00
         707  0.0000000E+00
         708  0.0000000E+00
         709  0.0000000E+00
         710  0.0000000E+00
         711  0.0000000E+00
         712  0.0000000E+00
         713  0.0000000E+00
         714  0.0000000E+00
         715  0.0000000E+00
         716  0.0000000E+00
         717  0.0000000E+00
         718  0.0000000E+00
         719  0.0000000E+00
         720  0.0000000E+00
         721  0.0000000E+00
         722  0.0000000E+00
         723  0.0000000E+00
         724  0.0000000E+00
         725  0.0000000E+00
         726  0.0000000E+00
         727  0.0000000E+00
         728  0.0000000E+00
         729  0.0000000E+00
         730  0.0000000E+00
         731  0.0000000E+00
         732  0.0000000E+00
         733  0.0000000E+00
         734  0.0000000E+00
         735  0.0000000E+00
         736  0.0000000E+00
         737  0.0000000E+00
         738  0.0000000E+00
         739  0.0000000E+00
         740  0.0000000E+00
         741  0.0000000E+00
         742  0.0000000E+00
         743  0.0000000E+00
         744  0.0000000E+00
         745  0.0000000E+00
         746  0.0000000E+00
         747  0.0000000E+00
         748  0.0000000E+00
         749  0.0000000E+00
         750  0.0000000E+00
         751  0.0000000E+00
         752  0.0000000E+00
         753  0.0000000E+00
         754  0.0000000E+00
         755  0.0000000E+00
         756  0.0000000E+00
         757  0.0000000E+00
         758  0.0000000E+00
         759  0.0000000E+00
         760  0.0000000E+00
         761  0.0000000E+00
         762  0.0000000E+00
         763  0.0000000E+00
         764  0.0000000E+00
         765  0.0000000E+00
         766  0.0000000E+00
         767  0.0000000E+00
         768  0.0000000E+00
         769  0.0000000E+00
         770  0.0000000E+00
         771  0.0000000E+00
         772  0.0000000E+00
         773  0.0000000E+00
         774  0.0000000E+00
         775  0.0000000E+00
         776  0.0000000E+00
         777  0.0000000E+00
         778  0.0000000E+00
         779  0.0000000E+00
         780  0.0000000E+00
         781  0.0000000E+00
         782  0.0000000E+00
         783  0.0000000E+00
         784  0.0000000E+00
         785  0.0000000E+00
         786  0.0000000E+00
         787  0.0000000E+00
         788  0.0000000E+00
         789  0.0000000E+00
         790  0.0000000E+00
         791  0.0000000E+00
         792  0.0000000E+00
         793  0.0000000E+00
         794  0.0000000E+00
         795  0.0000000E+00
         796  0.0000000E+00
         797  0.0000000E+00
         798  0.0000000E+00
         799  0.0000000E+00
         800  0.0000000E+00
         801  0.0000000E+00
         802  0.0000000E+00
         803  0.0000000E+00
         804  0.0000000E+00
         805  0.0000000E+00
         806  0.0000000E+00
         807  0.0000000E+00
         808  0.0000000E+00
         809  0.0000000E+00
         810  0.0000000E+00
         811  0.0000000E+00
         812  0.0000000E+00
         813  0.0000000E+00
         814  0.0000000E+00
         815  0.0000000E+00
         816  0.0000000E+00
         817  0.0000000E+00
         818  0.0000000E+00
         819  0.0000000E+00
         820  0.0000000E+00
         821  0.0000000E+00
         822  0.0000000E+00
         823  0.0000000E+00
         824  0.0000000E+00
         825  0.0000000E+00
         826  0.0000000E+00
         827  0.0000000E+00
         828  0.0000000E+00
         829  0.0000000E+00
         830  0.0000000E+00
         831  0.0000000E+00
         832  0.0000000E+00
         833  0.0000000E+00
         834  0.0000000E+00
         835  0.0000000E+00
         836  0.0000000E+00
         837  0.0000000E+00
         838  0.0000000E+00
         839  0.0000000E+00
         840  0.0000000E+00
         841  0.0000000E+00
         842  0.0000000E+00
         843  0.0000000E+00
         844  0.0000000E+00
         845  0.0000000E+00
         846  0.0000000E+00
         847  0.0000000E+00
         848  0.0000000E+00
         849  0.0000000E+00
         850  0.0000000E+00
         851  0.0000000E+00
         852  0.0000000E+00
         853  0.0000000E+00
         854  0.0000000E+00
         855  0.0000000E+00
         856  0.0000000E+00
         857  0.0000000E+00
         858  0.0000000E+00
         859  0.0000000E+00
         860  0.0000000E+00
         861  0.0000000E+00
         862  0.0000000E+00
         863  0.0000000E+00
         864  0.0000000E+00
         865  0.0000000E+00
         866  0.0000000E+00
         867  0.0000000E+00
         868  0.0000000E+00
         869  0.0000000E+00
         870  0.0000000E+00
         871  0.0000000E+00
         872  0.0000000E+00
         873  0.0000000E+00
         874  0.0000000E+00
         875  0.0000000E+00
         876  0.0000000E+00
         877  0.0000000E+00
         878  0.0000000E+00
         879  0.0000000E+00
         880  0.0000000E+00
         881  0.0000000E+00
         882  0.0000000E+00
         883  0.0000000E+00
         884  0.0000000E+00
         885  0.0000000E+00
         886  0.0000000E+00
         887  0.0000000E+00
         888  0.0000000E+00
         889  0.0000000E+00
         890  0.0000000E+00
         891  0.0000000E+00
         892  0.0000000E+00
         893  0.0000000E+00
         894  0.0000000E+00
         895  0.0000000E+00
         896  0.0000000E+00
         897  0.0000000E+00
         898  0.0000000E+00
         899  0.0000000E+00
         900  0.0000000E+00
         901  0.0000000E+00
         902  0.0000000E+00
         903  0.0000000E+00
         904  0.0000000E+00
         905  0.0000000E+00
         906  0.0000000E+00
         907  0.0000000E+00
         908  0.0000000E+00
         909  0.0000000E+00
         910  0.0000000E+00
         911  0.0000000E+00
         912  0.0000000E+00
         913  0.0000000E+00
         914  0.0000000E+00
         915  0.0000000E+00
         916  0.0000000E+00
         917  0.0000000E+00
         918  0.0000000E+00
         919  0.0000000E+00
         920  0.0000000E+00
         921  0.0000000E+00
         922  0.0000000E+00
         923  0.0000000E+00
         924  0.0000000E+00
         925  0.0000000E+00
         926  0.0000000E+00
         927  0.0000000E+00
         928  0.0000000E+00
         929  0.0000000E+00
         930  0.0000000E+00
         931  0.0000000E+00
         932  0.0000000E+00
         933  0.0000000E+00
         934  0.0000000E+00
         935  0.0000000E+00
         936  0.0000000E+00
         937  0.0000000E+00
         938  0.0000000E+00
         939  0.0000000E+00
         940  0.0000000E+00
         941  0.0000000E+00
         942  0.0000000E+00
         943  0.0000000E+00
         944  0.0000000E+00
         945  0.0000000E+00
         946  0.0000000E+00
         947  0.0000000E+00
         948  0.0000000E+00
         949  0.0000000E+00
         950  0.0000000E+00
         951  0.0000000E+00
         952  0.0000000E+00
         953  0.0000000E+00
         954  0.0000000E+00
         955  0.0000000E+00
         956  0.0000000E+00
         957  0.0000000E+00
         958  0.0000000E+00
         959  0.0000000E+00
         960  0.0000000E+00
         961  0.0000000E+00
         962  0.0000000E+00
         963  0.0000000E+00
         964  0.0000000E+00
         965  0.0000000E+00
         966  0.0000000E+00
         967  0.0000000E+00
         968  0.0000000E+00
         969  0.0000000E+00
         970  0.0000000E+00
         971  0.0000000E+00
         972  0.0000000E+00
         973  0.0000000E+00
         974  0.0000000E+00
         975  0.0000000E+00
         976  0.0000000E+00
         977  0.0000000E+00
         978  0.0000000E+00
         979  0.0000000E+00
         980  0.0000000E+00
         981  0.0000000E+00
         982  0.0000000E+00
         983  0.0000000E+00
         984  0.0000000E+00
         985  0.0000000E+00
         986  0.0000000E+00
         987  0.0000000E+00
         988  0.0000000E+00
         989  0.0000000E+00
         990  0.0000000E+00
         991  0.0000000E+00
         992  0.0000000E+00
         993  0.0000000E+00
         994  0.0000000E+00
         995  0.0000000E+00
         996  0.0000000E+00
         997  0.0000000E+00
         998  0.0000000E+00
         999  0.0000000E+00
        1000  0.0000000E+00
        1001  0.0000000E+00
        1002  0.0000000E+00
        1003  0.0000000E+00
        1004  0.0000000E+00
        1005  0.0000000E+00
        1006  0.0000000E+00
        1007  0.0000000E+00
        1008  0.0000000E+00
        1009  0.0000000E+00
        1010  0.0000000E+00
        1011  0.0000000E+00
        1012  0.0000000E+00
        1013  0.0000000E+00
        1014  0.0000000E+00
        1015  0.0000000E+00
        1016  0.0000000E+00
        1017  0.0000000E+00
        1018  0.0000000E+00
        1019  0.0000000E+00
        1020  0.0000000E+00
        1021  0.0000000E+00
        1022  0.0000000E+00
        1023  0.0000000E+00
        1024  0.0000000E+00
