 #   Y    A
           1  0.0000000E+00
           2  0.0000000E+00
           3  0.0000000E+00
           4  0.0000000E+00
           5  0.0000000E+00
           6  0.0000000E+00
           7  0.0000000E+00
           8  0.0000000E+00
           9  0.0000000E+00
          10  0.0000000E+00
          11  0.0000000E+00
          12  0.0000000E+00
          13  0.0000000E+00
          14  0.0000000E+00
          15  0.0000000E+00
          16  0.0000000E+00
          17  0.0000000E+00
          18  0.0000000E+00
          19  0.0000000E+00
          20  0.0000000E+00
          21  0.0000000E+00
          22  0.0000000E+00
          23  0.0000000E+00
          24  0.0000000E+00
          25  0.0000000E+00
          26  0.0000000E+00
          27  0.0000000E+00
          28  0.0000000E+00
          29  0.0000000E+00
          30  0.0000000E+00
          31  0.0000000E+00
          32  0.0000000E+00
          33  0.0000000E+00
          34  0.0000000E+00
          35  0.0000000E+00
          36  0.0000000E+00
          37  0.0000000E+00
          38  0.0000000E+00
          39  0.0000000E+00
          40  0.0000000E+00
          41  0.0000000E+00
          42  0.0000000E+00
          43  0.0000000E+00
          44  0.0000000E+00
          45  0.0000000E+00
          46  0.0000000E+00
          47  0.0000000E+00
          48  0.0000000E+00
          49  0.0000000E+00
          50  0.0000000E+00
          51  0.0000000E+00
          52  0.0000000E+00
          53  0.0000000E+00
          54  0.0000000E+00
          55  0.0000000E+00
          56  0.0000000E+00
          57  0.0000000E+00
          58  0.0000000E+00
          59  0.0000000E+00
          60  0.0000000E+00
          61  0.0000000E+00
          62  0.0000000E+00
          63  0.0000000E+00
          64  0.0000000E+00
          65  0.0000000E+00
          66  0.0000000E+00
          67  0.0000000E+00
          68  0.0000000E+00
          69  0.0000000E+00
          70  0.0000000E+00
          71  0.0000000E+00
          72  0.0000000E+00
          73  0.0000000E+00
          74  0.0000000E+00
          75  0.0000000E+00
          76  0.0000000E+00
          77  0.0000000E+00
          78  0.0000000E+00
          79  0.0000000E+00
          80  0.0000000E+00
          81  0.0000000E+00
          82  0.0000000E+00
          83  0.0000000E+00
          84  0.0000000E+00
          85  0.0000000E+00
          86  0.0000000E+00
          87  0.0000000E+00
          88  0.0000000E+00
          89  0.0000000E+00
          90  0.0000000E+00
          91  0.0000000E+00
          92  0.0000000E+00
          93  0.0000000E+00
          94  0.0000000E+00
          95  0.0000000E+00
          96  0.0000000E+00
          97  0.0000000E+00
          98  0.0000000E+00
          99  0.0000000E+00
         100  0.0000000E+00
         101  0.0000000E+00
         102  0.0000000E+00
         103  0.0000000E+00
         104  0.0000000E+00
         105  0.0000000E+00
         106  0.0000000E+00
         107  0.0000000E+00
         108  0.0000000E+00
         109  0.0000000E+00
         110  0.0000000E+00
         111  0.0000000E+00
         112  0.0000000E+00
         113  0.0000000E+00
         114  0.0000000E+00
         115  0.0000000E+00
         116  0.0000000E+00
         117  0.0000000E+00
         118  0.0000000E+00
         119  0.0000000E+00
         120  0.0000000E+00
         121  0.0000000E+00
         122  0.0000000E+00
         123  0.0000000E+00
         124  0.0000000E+00
         125  0.0000000E+00
         126  0.0000000E+00
         127  0.0000000E+00
         128  0.0000000E+00
         129  0.0000000E+00
         130  0.0000000E+00
         131  0.0000000E+00
         132  0.0000000E+00
         133  0.0000000E+00
         134  0.0000000E+00
         135  0.0000000E+00
         136  0.0000000E+00
         137  0.0000000E+00
         138  0.0000000E+00
         139  0.0000000E+00
         140  0.0000000E+00
         141  0.0000000E+00
         142  0.0000000E+00
         143  0.0000000E+00
         144  0.0000000E+00
         145  0.0000000E+00
         146  0.0000000E+00
         147  0.0000000E+00
         148  0.0000000E+00
         149  0.0000000E+00
         150  0.0000000E+00
         151  0.0000000E+00
         152  0.0000000E+00
         153  0.0000000E+00
         154  0.0000000E+00
         155  0.0000000E+00
         156  0.0000000E+00
         157  0.0000000E+00
         158  0.0000000E+00
         159  0.0000000E+00
         160  0.0000000E+00
         161  0.0000000E+00
         162  0.0000000E+00
         163  0.0000000E+00
         164  0.0000000E+00
         165  0.0000000E+00
         166  0.0000000E+00
         167  0.0000000E+00
         168  0.0000000E+00
         169  0.0000000E+00
         170  0.0000000E+00
         171  0.0000000E+00
         172  0.0000000E+00
         173  0.0000000E+00
         174  0.0000000E+00
         175  0.0000000E+00
         176  0.0000000E+00
         177  0.0000000E+00
         178  0.0000000E+00
         179  0.0000000E+00
         180  0.0000000E+00
         181  0.0000000E+00
         182  0.0000000E+00
         183  0.0000000E+00
         184  0.0000000E+00
         185  0.0000000E+00
         186  0.0000000E+00
         187  0.0000000E+00
         188  0.0000000E+00
         189  0.0000000E+00
         190  0.0000000E+00
         191  0.0000000E+00
         192  0.0000000E+00
         193  0.0000000E+00
         194  0.0000000E+00
         195  0.0000000E+00
         196  0.0000000E+00
         197  0.0000000E+00
         198  0.0000000E+00
         199  0.0000000E+00
         200  0.0000000E+00
         201  0.0000000E+00
         202  0.0000000E+00
         203  0.0000000E+00
         204  0.0000000E+00
         205  0.0000000E+00
         206  0.0000000E+00
         207  0.0000000E+00
         208  0.0000000E+00
         209  0.0000000E+00
         210  0.0000000E+00
         211  0.0000000E+00
         212  0.0000000E+00
         213  0.0000000E+00
         214  0.0000000E+00
         215  0.0000000E+00
         216  0.0000000E+00
         217  0.0000000E+00
         218  0.0000000E+00
         219  0.0000000E+00
         220  0.0000000E+00
         221  0.0000000E+00
         222  0.0000000E+00
         223  0.0000000E+00
         224  0.0000000E+00
         225  0.0000000E+00
         226  0.0000000E+00
         227  0.0000000E+00
         228  0.0000000E+00
         229  0.0000000E+00
         230  0.0000000E+00
         231  0.0000000E+00
         232  0.0000000E+00
         233  0.0000000E+00
         234  0.0000000E+00
         235  0.0000000E+00
         236  0.0000000E+00
         237  0.0000000E+00
         238  0.0000000E+00
         239  0.0000000E+00
         240  0.0000000E+00
         241  0.0000000E+00
         242  0.0000000E+00
         243  0.0000000E+00
         244  0.0000000E+00
         245  0.0000000E+00
         246  0.0000000E+00
         247  0.0000000E+00
         248  0.0000000E+00
         249  0.0000000E+00
         250  0.0000000E+00
         251  0.0000000E+00
         252  0.0000000E+00
         253  0.0000000E+00
         254  0.0000000E+00
         255  0.0000000E+00
         256  0.0000000E+00
         257  0.0000000E+00
         258  0.0000000E+00
         259  0.0000000E+00
         260  0.0000000E+00
         261  0.0000000E+00
         262  0.0000000E+00
         263  0.0000000E+00
         264  0.0000000E+00
         265  0.0000000E+00
         266  0.0000000E+00
         267  0.0000000E+00
         268  0.0000000E+00
         269  0.0000000E+00
         270  0.0000000E+00
         271  0.0000000E+00
         272  0.0000000E+00
         273  0.0000000E+00
         274  0.0000000E+00
         275  0.0000000E+00
         276  0.0000000E+00
         277  0.0000000E+00
         278  0.0000000E+00
         279  0.0000000E+00
         280  0.0000000E+00
         281  0.0000000E+00
         282  0.0000000E+00
         283  0.0000000E+00
         284  0.0000000E+00
         285  0.0000000E+00
         286  0.0000000E+00
         287  0.0000000E+00
         288  0.0000000E+00
         289  0.0000000E+00
         290  0.0000000E+00
         291  0.0000000E+00
         292  0.0000000E+00
         293  0.0000000E+00
         294  0.0000000E+00
         295  0.0000000E+00
         296  0.0000000E+00
         297  0.0000000E+00
         298  0.0000000E+00
         299  0.0000000E+00
         300  0.0000000E+00
         301  0.0000000E+00
         302  0.0000000E+00
         303  0.0000000E+00
         304  0.0000000E+00
         305  0.0000000E+00
         306  0.0000000E+00
         307  0.0000000E+00
         308  0.0000000E+00
         309  0.0000000E+00
         310  0.0000000E+00
         311  0.0000000E+00
         312  0.0000000E+00
         313  0.0000000E+00
         314  0.0000000E+00
         315  0.0000000E+00
         316  0.0000000E+00
         317  0.0000000E+00
         318  0.0000000E+00
         319  0.0000000E+00
         320  0.0000000E+00
         321  0.0000000E+00
         322  0.0000000E+00
         323  0.0000000E+00
         324  0.0000000E+00
         325  0.0000000E+00
         326  0.0000000E+00
         327  0.0000000E+00
         328  0.0000000E+00
         329  0.0000000E+00
         330  0.0000000E+00
         331  0.0000000E+00
         332  0.0000000E+00
         333  0.0000000E+00
         334  0.0000000E+00
         335  0.0000000E+00
         336  0.0000000E+00
         337  0.0000000E+00
         338  0.0000000E+00
         339  0.0000000E+00
         340  0.0000000E+00
         341  0.0000000E+00
         342  0.0000000E+00
         343  0.0000000E+00
         344  0.0000000E+00
         345  0.0000000E+00
         346  0.0000000E+00
         347   5.824840    
         348   17.47452    
         349   29.65373    
         350   42.89200    
         351   54.01215    
         352   48.71684    
         353   49.24637    
         354   70.42760    
         355   67.25042    
         356   65.13230    
         357   67.25042    
         358   66.19136    
         359   89.49072    
         360   88.43166    
         361   99.55180    
         362   109.0834    
         363   97.96321    
         364   94.25650    
         365   104.3176    
         366   99.55180    
         367   95.84509    
         368   114.9082    
         369   125.4988    
         370   136.6190    
         371   133.4418    
         372   145.0915    
         373   131.3237    
         374   144.0324    
         375   166.2727    
         376   156.2116    
         377   185.8653    
         378   196.9855    
         379   189.5721    
         380   207.5761    
         381   225.5802    
         382   226.1097    
         383   250.4681    
         384   252.5862    
         385   292.3011    
         386   293.3601    
         387   316.6595    
         388   339.9588    
         389   359.5515    
         390   402.9730    
         391   395.5596    
         392   430.5086    
         393   461.7509    
         394   493.5228    
         395   510.4678    
         396   548.5940    
         397   573.4819    
         398   625.9055    
         399   665.0908    
         400   731.2822    
         401   744.5204    
         402   827.6567    
         403   864.1944    
         404   928.2676    
         405   1083.950    
         406   1135.844    
         407   1293.644    
         408   1431.852    
         409   1675.965    
         410   2211.851    
         411   3028.917    
         412   4311.970    
         413   5844.962    
         414   6335.837    
         415   4765.778    
         416   3856.573    
         417   3526.676    
         418   3107.287    
         419   2536.453    
         420   2422.074    
         421   2257.390    
         422   2131.362    
         423   1947.085    
         424   1771.281    
         425   1631.485    
         426   1599.713    
         427   1531.403    
         428   1450.385    
         429   1503.338    
         430   1431.852    
         431   1370.426    
         432   1407.493    
         433   1392.666    
         434   1342.361    
         435   1303.705    
         436   1243.339    
         437   1248.634    
         438   1213.155    
         439   1206.801    
         440   1173.970    
         441   1183.501    
         442   1173.440    
         443   1131.078    
         444   1126.312    
         445   1109.897    
         446   1144.316    
         447   1117.840    
         448   1086.068    
         449   1096.658    
         450   1128.430    
         451   1142.728    
         452   1130.019    
         453   1122.076    
         454   1085.538    
         455   1131.078    
         456   1167.086    
         457   1180.324    
         458   1203.094    
         459   1134.785    
         460   1132.137    
         461   1148.023    
         462   1168.145    
         463   1169.204    
         464   1147.493    
         465   1166.027    
         466   1106.190    
         467   1089.775    
         468   1078.654    
         469   1080.243    
         470   1091.363    
         471   1079.184    
         472   1072.300    
         473   1051.119    
         474   1079.184    
         475   1054.826    
         476   1021.995    
         477   1052.178    
         478   1016.699    
         479   1059.591    
         480   1017.229    
         481   1046.353    
         482   1107.779    
         483   1074.948    
         484   1085.538    
         485   1124.194    
         486   1081.302    
         487   1085.009    
         488   1093.481    
         489   1039.999    
         490   1092.422    
         491   1056.944    
         492   1067.005    
         493   1047.412    
         494   1078.654    
         495   1069.652    
         496   1084.479    
         497   1079.714    
         498   1070.711    
         499   1099.306    
         500   1090.834    
         501   1068.593    
         502   1049.001    
         503   1094.011    
         504   1068.064    
         505   1061.709    
         506   1079.714    
         507   1082.361    
         508   1065.416    
         509   1068.593    
         510   1077.066    
         511   1068.064    
         512   1057.473    
         513   1079.184    
         514   1069.123    
         515   1058.532    
         516   1054.296    
         517   1106.190    
         518   1072.300    
         519   1091.363    
         520   1065.946    
         521   1067.005    
         522   1077.595    
         523   1059.591    
         524   1067.534    
         525   1075.477    
         526   1081.302    
         527   1047.942    
         528   1075.477    
         529   1042.646    
         530   1038.940    
         531   1061.180    
         532   1055.885    
         533   1039.469    
         534   1061.709    
         535   1088.186    
         536   1076.007    
         537   1074.418    
         538   1079.184    
         539   1076.536    
         540   1059.591    
         541   1048.471    
         542   1048.471    
         543   1068.064    
         544   1080.773    
         545   1053.237    
         546   1080.243    
         547   1060.121    
         548   1064.357    
         549   1075.477    
         550   1083.420    
         551   1054.296    
         552   1053.237    
         553   1039.469    
         554   1085.009    
         555   1035.233    
         556   1059.062    
         557   1081.832    
         558   1091.363    
         559   1079.184    
         560   1033.644    
         561   1051.648    
         562   1058.532    
         563   1062.768    
         564   1073.359    
         565   1056.414    
         566   1056.944    
         567   1104.601    
         568   1050.060    
         569   1078.654    
         570   1059.062    
         571   1070.711    
         572   1066.475    
         573   1054.296    
         574   1049.530    
         575   1042.646    
         576   1071.241    
         577   1061.709    
         578   1094.540    
         579   1075.477    
         580   1077.595    
         581   1062.239    
         582   1077.595    
         583   1057.473    
         584   1058.532    
         585   1080.243    
         586   1049.001    
         587   1054.296    
         588   1058.532    
         589   1105.661    
         590   1081.302    
         591   1065.416    
         592   1074.418    
         593   1042.646    
         594   1072.830    
         595   1041.058    
         596   1068.064    
         597   1060.121    
         598   1071.771    
         599   1103.542    
         600   1087.127    
         601   1082.891    
         602   1054.296    
         603   1029.938    
         604   1049.530    
         605   1043.705    
         606   1063.298    
         607   1075.477    
         608   1083.420    
         609   1047.942    
         610   1099.306    
         611   1051.648    
         612   1074.418    
         613   1078.654    
         614   1065.416    
         615   1039.999    
         616   1072.300    
         617   1061.180    
         618   1064.357    
         619   1078.654    
         620   1057.473    
         621   1072.300    
         622   1064.887    
         623   1077.595    
         624   1070.182    
         625   1065.416    
         626   1060.650    
         627   1038.940    
         628   1073.889    
         629   1047.942    
         630   1083.420    
         631   1086.068    
         632   1055.885    
         633   1062.768    
         634   1056.944    
         635   1066.475    
         636   1042.646    
         637   1077.066    
         638   1042.646    
         639   1095.599    
         640   1049.001    
         641   1037.351    
         642   1073.359    
         643   1091.893    
         644   1060.121    
         645   1052.178    
         646   1045.294    
         647   1051.648    
         648   1062.239    
         649   1087.127    
         650   1074.948    
         651   1053.237    
         652   1065.946    
         653   1067.534    
         654   1064.887    
         655   1078.654    
         656   1083.420    
         657   1028.349    
         658   1047.942    
         659   1025.172    
         660   1040.528    
         661   1059.062    
         662   1016.170    
         663   958.9804    
         664   906.0273    
         665   884.8461    
         666   894.3777    
         667   836.6588    
         668   826.0682    
         669   793.7668    
         670   723.8687    
         671   660.3250    
         672   574.0115    
         673   540.6510    
         674   466.5167    
         675   456.4556    
         676   381.7918    
         677   319.8366    
         678   293.8896    
         679   235.1117    
         680   182.1586    
         681   131.3237    
         682   90.54978    
         683   40.24435    
         684   17.47452    
         685   1.588593    
         686  0.0000000E+00
         687  0.0000000E+00
         688  0.0000000E+00
         689  0.0000000E+00
         690  0.0000000E+00
         691  0.0000000E+00
         692  0.0000000E+00
         693  0.0000000E+00
         694  0.0000000E+00
         695  0.0000000E+00
         696  0.0000000E+00
         697  0.0000000E+00
         698  0.0000000E+00
         699  0.0000000E+00
         700  0.0000000E+00
         701  0.0000000E+00
         702  0.0000000E+00
         703  0.0000000E+00
         704  0.0000000E+00
         705  0.0000000E+00
         706  0.0000000E+00
         707  0.0000000E+00
         708  0.0000000E+00
         709  0.0000000E+00
         710  0.0000000E+00
         711  0.0000000E+00
         712  0.0000000E+00
         713  0.0000000E+00
         714  0.0000000E+00
         715  0.0000000E+00
         716  0.0000000E+00
         717  0.0000000E+00
         718  0.0000000E+00
         719  0.0000000E+00
         720  0.0000000E+00
         721  0.0000000E+00
         722  0.0000000E+00
         723  0.0000000E+00
         724  0.0000000E+00
         725  0.0000000E+00
         726  0.0000000E+00
         727  0.0000000E+00
         728  0.0000000E+00
         729  0.0000000E+00
         730  0.0000000E+00
         731  0.0000000E+00
         732  0.0000000E+00
         733  0.0000000E+00
         734  0.0000000E+00
         735  0.0000000E+00
         736  0.0000000E+00
         737  0.0000000E+00
         738  0.0000000E+00
         739  0.0000000E+00
         740  0.0000000E+00
         741  0.0000000E+00
         742  0.0000000E+00
         743  0.0000000E+00
         744  0.0000000E+00
         745  0.0000000E+00
         746  0.0000000E+00
         747  0.0000000E+00
         748  0.0000000E+00
         749  0.0000000E+00
         750  0.0000000E+00
         751  0.0000000E+00
         752  0.0000000E+00
         753  0.0000000E+00
         754  0.0000000E+00
         755  0.0000000E+00
         756  0.0000000E+00
         757  0.0000000E+00
         758  0.0000000E+00
         759  0.0000000E+00
         760  0.0000000E+00
         761  0.0000000E+00
         762  0.0000000E+00
         763  0.0000000E+00
         764  0.0000000E+00
         765  0.0000000E+00
         766  0.0000000E+00
         767  0.0000000E+00
         768  0.0000000E+00
         769  0.0000000E+00
         770  0.0000000E+00
         771  0.0000000E+00
         772  0.0000000E+00
         773  0.0000000E+00
         774  0.0000000E+00
         775  0.0000000E+00
         776  0.0000000E+00
         777  0.0000000E+00
         778  0.0000000E+00
         779  0.0000000E+00
         780  0.0000000E+00
         781  0.0000000E+00
         782  0.0000000E+00
         783  0.0000000E+00
         784  0.0000000E+00
         785  0.0000000E+00
         786  0.0000000E+00
         787  0.0000000E+00
         788  0.0000000E+00
         789  0.0000000E+00
         790  0.0000000E+00
         791  0.0000000E+00
         792  0.0000000E+00
         793  0.0000000E+00
         794  0.0000000E+00
         795  0.0000000E+00
         796  0.0000000E+00
         797  0.0000000E+00
         798  0.0000000E+00
         799  0.0000000E+00
         800  0.0000000E+00
         801  0.0000000E+00
         802  0.0000000E+00
         803  0.0000000E+00
         804  0.0000000E+00
         805  0.0000000E+00
         806  0.0000000E+00
         807  0.0000000E+00
         808  0.0000000E+00
         809  0.0000000E+00
         810  0.0000000E+00
         811  0.0000000E+00
         812  0.0000000E+00
         813  0.0000000E+00
         814  0.0000000E+00
         815  0.0000000E+00
         816  0.0000000E+00
         817  0.0000000E+00
         818  0.0000000E+00
         819  0.0000000E+00
         820  0.0000000E+00
         821  0.0000000E+00
         822  0.0000000E+00
         823  0.0000000E+00
         824  0.0000000E+00
         825  0.0000000E+00
         826  0.0000000E+00
         827  0.0000000E+00
         828  0.0000000E+00
         829  0.0000000E+00
         830  0.0000000E+00
         831  0.0000000E+00
         832  0.0000000E+00
         833  0.0000000E+00
         834  0.0000000E+00
         835  0.0000000E+00
         836  0.0000000E+00
         837  0.0000000E+00
         838  0.0000000E+00
         839  0.0000000E+00
         840  0.0000000E+00
         841  0.0000000E+00
         842  0.0000000E+00
         843  0.0000000E+00
         844  0.0000000E+00
         845  0.0000000E+00
         846  0.0000000E+00
         847  0.0000000E+00
         848  0.0000000E+00
         849  0.0000000E+00
         850  0.0000000E+00
         851  0.0000000E+00
         852  0.0000000E+00
         853  0.0000000E+00
         854  0.0000000E+00
         855  0.0000000E+00
         856  0.0000000E+00
         857  0.0000000E+00
         858  0.0000000E+00
         859  0.0000000E+00
         860  0.0000000E+00
         861  0.0000000E+00
         862  0.0000000E+00
         863  0.0000000E+00
         864  0.0000000E+00
         865  0.0000000E+00
         866  0.0000000E+00
         867  0.0000000E+00
         868  0.0000000E+00
         869  0.0000000E+00
         870  0.0000000E+00
         871  0.0000000E+00
         872  0.0000000E+00
         873  0.0000000E+00
         874  0.0000000E+00
         875  0.0000000E+00
         876  0.0000000E+00
         877  0.0000000E+00
         878  0.0000000E+00
         879  0.0000000E+00
         880  0.0000000E+00
         881  0.0000000E+00
         882  0.0000000E+00
         883  0.0000000E+00
         884  0.0000000E+00
         885  0.0000000E+00
         886  0.0000000E+00
         887  0.0000000E+00
         888  0.0000000E+00
         889  0.0000000E+00
         890  0.0000000E+00
         891  0.0000000E+00
         892  0.0000000E+00
         893  0.0000000E+00
         894  0.0000000E+00
         895  0.0000000E+00
         896  0.0000000E+00
         897  0.0000000E+00
         898  0.0000000E+00
         899  0.0000000E+00
         900  0.0000000E+00
         901  0.0000000E+00
         902  0.0000000E+00
         903  0.0000000E+00
         904  0.0000000E+00
         905  0.0000000E+00
         906  0.0000000E+00
         907  0.0000000E+00
         908  0.0000000E+00
         909  0.0000000E+00
         910  0.0000000E+00
         911  0.0000000E+00
         912  0.0000000E+00
         913  0.0000000E+00
         914  0.0000000E+00
         915  0.0000000E+00
         916  0.0000000E+00
         917  0.0000000E+00
         918  0.0000000E+00
         919  0.0000000E+00
         920  0.0000000E+00
         921  0.0000000E+00
         922  0.0000000E+00
         923  0.0000000E+00
         924  0.0000000E+00
         925  0.0000000E+00
         926  0.0000000E+00
         927  0.0000000E+00
         928  0.0000000E+00
         929  0.0000000E+00
         930  0.0000000E+00
         931  0.0000000E+00
         932  0.0000000E+00
         933  0.0000000E+00
         934  0.0000000E+00
         935  0.0000000E+00
         936  0.0000000E+00
         937  0.0000000E+00
         938  0.0000000E+00
         939  0.0000000E+00
         940  0.0000000E+00
         941  0.0000000E+00
         942  0.0000000E+00
         943  0.0000000E+00
         944  0.0000000E+00
         945  0.0000000E+00
         946  0.0000000E+00
         947  0.0000000E+00
         948  0.0000000E+00
         949  0.0000000E+00
         950  0.0000000E+00
         951  0.0000000E+00
         952  0.0000000E+00
         953  0.0000000E+00
         954  0.0000000E+00
         955  0.0000000E+00
         956  0.0000000E+00
         957  0.0000000E+00
         958  0.0000000E+00
         959  0.0000000E+00
         960  0.0000000E+00
         961  0.0000000E+00
         962  0.0000000E+00
         963  0.0000000E+00
         964  0.0000000E+00
         965  0.0000000E+00
         966  0.0000000E+00
         967  0.0000000E+00
         968  0.0000000E+00
         969  0.0000000E+00
         970  0.0000000E+00
         971  0.0000000E+00
         972  0.0000000E+00
         973  0.0000000E+00
         974  0.0000000E+00
         975  0.0000000E+00
         976  0.0000000E+00
         977  0.0000000E+00
         978  0.0000000E+00
         979  0.0000000E+00
         980  0.0000000E+00
         981  0.0000000E+00
         982  0.0000000E+00
         983  0.0000000E+00
         984  0.0000000E+00
         985  0.0000000E+00
         986  0.0000000E+00
         987  0.0000000E+00
         988  0.0000000E+00
         989  0.0000000E+00
         990  0.0000000E+00
         991  0.0000000E+00
         992  0.0000000E+00
         993  0.0000000E+00
         994  0.0000000E+00
         995  0.0000000E+00
         996  0.0000000E+00
         997  0.0000000E+00
         998  0.0000000E+00
         999  0.0000000E+00
        1000  0.0000000E+00
        1001  0.0000000E+00
        1002  0.0000000E+00
        1003  0.0000000E+00
        1004  0.0000000E+00
        1005  0.0000000E+00
        1006  0.0000000E+00
        1007  0.0000000E+00
        1008  0.0000000E+00
        1009  0.0000000E+00
        1010  0.0000000E+00
        1011  0.0000000E+00
        1012  0.0000000E+00
        1013  0.0000000E+00
        1014  0.0000000E+00
        1015  0.0000000E+00
        1016  0.0000000E+00
        1017  0.0000000E+00
        1018  0.0000000E+00
        1019  0.0000000E+00
        1020  0.0000000E+00
        1021  0.0000000E+00
        1022  0.0000000E+00
        1023  0.0000000E+00
        1024  0.0000000E+00
