 #   Y    A
           1  0.0000000E+00
           2  0.0000000E+00
           3  0.0000000E+00
           4  0.0000000E+00
           5  0.0000000E+00
           6  0.0000000E+00
           7  0.0000000E+00
           8  0.0000000E+00
           9  0.0000000E+00
          10  0.0000000E+00
          11  0.0000000E+00
          12  0.0000000E+00
          13  0.0000000E+00
          14  0.0000000E+00
          15  0.0000000E+00
          16  0.0000000E+00
          17  0.0000000E+00
          18  0.0000000E+00
          19  0.0000000E+00
          20  0.0000000E+00
          21  0.0000000E+00
          22  0.0000000E+00
          23  0.0000000E+00
          24  0.0000000E+00
          25  0.0000000E+00
          26  0.0000000E+00
          27  0.0000000E+00
          28  0.0000000E+00
          29  0.0000000E+00
          30  0.0000000E+00
          31  0.0000000E+00
          32  0.0000000E+00
          33  0.0000000E+00
          34  0.0000000E+00
          35  0.0000000E+00
          36  0.0000000E+00
          37  0.0000000E+00
          38  0.0000000E+00
          39  0.0000000E+00
          40  0.0000000E+00
          41  0.0000000E+00
          42  0.0000000E+00
          43  0.0000000E+00
          44  0.0000000E+00
          45  0.0000000E+00
          46  0.0000000E+00
          47  0.0000000E+00
          48  0.0000000E+00
          49  0.0000000E+00
          50  0.0000000E+00
          51  0.0000000E+00
          52  0.0000000E+00
          53  0.0000000E+00
          54  0.0000000E+00
          55  0.0000000E+00
          56  0.0000000E+00
          57  0.0000000E+00
          58  0.0000000E+00
          59  0.0000000E+00
          60  0.0000000E+00
          61  0.0000000E+00
          62  0.0000000E+00
          63  0.0000000E+00
          64  0.0000000E+00
          65  0.0000000E+00
          66  0.0000000E+00
          67  0.0000000E+00
          68  0.0000000E+00
          69  0.0000000E+00
          70  0.0000000E+00
          71  0.0000000E+00
          72  0.0000000E+00
          73  0.0000000E+00
          74  0.0000000E+00
          75  0.0000000E+00
          76  0.0000000E+00
          77  0.0000000E+00
          78  0.0000000E+00
          79  0.0000000E+00
          80  0.0000000E+00
          81  0.0000000E+00
          82  0.0000000E+00
          83  0.0000000E+00
          84  0.0000000E+00
          85  0.0000000E+00
          86  0.0000000E+00
          87  0.0000000E+00
          88  0.0000000E+00
          89  0.0000000E+00
          90  0.0000000E+00
          91  0.0000000E+00
          92  0.0000000E+00
          93  0.0000000E+00
          94  0.0000000E+00
          95  0.0000000E+00
          96  0.0000000E+00
          97  0.0000000E+00
          98  0.0000000E+00
          99  0.0000000E+00
         100  0.0000000E+00
         101  0.0000000E+00
         102  0.0000000E+00
         103  0.0000000E+00
         104  0.0000000E+00
         105  0.0000000E+00
         106  0.0000000E+00
         107  0.0000000E+00
         108  0.0000000E+00
         109  0.0000000E+00
         110  0.0000000E+00
         111  0.0000000E+00
         112  0.0000000E+00
         113  0.0000000E+00
         114  0.0000000E+00
         115  0.0000000E+00
         116  0.0000000E+00
         117  0.0000000E+00
         118  0.0000000E+00
         119  0.0000000E+00
         120  0.0000000E+00
         121  0.0000000E+00
         122  0.0000000E+00
         123  0.0000000E+00
         124  0.0000000E+00
         125  0.0000000E+00
         126  0.0000000E+00
         127  0.0000000E+00
         128  0.0000000E+00
         129  0.0000000E+00
         130  0.0000000E+00
         131  0.0000000E+00
         132  0.0000000E+00
         133  0.0000000E+00
         134  0.0000000E+00
         135  0.0000000E+00
         136  0.0000000E+00
         137  0.0000000E+00
         138  0.0000000E+00
         139  0.0000000E+00
         140  0.0000000E+00
         141  0.0000000E+00
         142  0.0000000E+00
         143  0.0000000E+00
         144  0.0000000E+00
         145  0.0000000E+00
         146  0.0000000E+00
         147  0.0000000E+00
         148  0.0000000E+00
         149  0.0000000E+00
         150  0.0000000E+00
         151  0.0000000E+00
         152  0.0000000E+00
         153  0.0000000E+00
         154  0.0000000E+00
         155  0.0000000E+00
         156  0.0000000E+00
         157  0.0000000E+00
         158  0.0000000E+00
         159  0.0000000E+00
         160  0.0000000E+00
         161  0.0000000E+00
         162  0.0000000E+00
         163  0.0000000E+00
         164  0.0000000E+00
         165  0.0000000E+00
         166  0.0000000E+00
         167  0.0000000E+00
         168  0.0000000E+00
         169  0.0000000E+00
         170  0.0000000E+00
         171  0.0000000E+00
         172  0.0000000E+00
         173  0.0000000E+00
         174  0.0000000E+00
         175  0.0000000E+00
         176  0.0000000E+00
         177  0.0000000E+00
         178  0.0000000E+00
         179  0.0000000E+00
         180  0.0000000E+00
         181  0.0000000E+00
         182  0.0000000E+00
         183  0.0000000E+00
         184  0.0000000E+00
         185  0.0000000E+00
         186  0.0000000E+00
         187  0.0000000E+00
         188  0.0000000E+00
         189  0.0000000E+00
         190  0.0000000E+00
         191  0.0000000E+00
         192  0.0000000E+00
         193  0.0000000E+00
         194  0.0000000E+00
         195  0.0000000E+00
         196  0.0000000E+00
         197  0.0000000E+00
         198  0.0000000E+00
         199  0.0000000E+00
         200  0.0000000E+00
         201  0.0000000E+00
         202  0.0000000E+00
         203  0.0000000E+00
         204  0.0000000E+00
         205  0.0000000E+00
         206  0.0000000E+00
         207  0.0000000E+00
         208  0.0000000E+00
         209  0.0000000E+00
         210  0.0000000E+00
         211  0.0000000E+00
         212  0.0000000E+00
         213  0.0000000E+00
         214  0.0000000E+00
         215  0.0000000E+00
         216  0.0000000E+00
         217  0.0000000E+00
         218  0.0000000E+00
         219  0.0000000E+00
         220  0.0000000E+00
         221  0.0000000E+00
         222  0.0000000E+00
         223  0.0000000E+00
         224  0.0000000E+00
         225  0.0000000E+00
         226  0.0000000E+00
         227  0.0000000E+00
         228  0.0000000E+00
         229  0.0000000E+00
         230  0.0000000E+00
         231  0.0000000E+00
         232  0.0000000E+00
         233  0.0000000E+00
         234  0.0000000E+00
         235  0.0000000E+00
         236  0.0000000E+00
         237  0.0000000E+00
         238  0.0000000E+00
         239  0.0000000E+00
         240  0.0000000E+00
         241  0.0000000E+00
         242  0.0000000E+00
         243  0.0000000E+00
         244  0.0000000E+00
         245  0.0000000E+00
         246  0.0000000E+00
         247  0.0000000E+00
         248  0.0000000E+00
         249  0.0000000E+00
         250  0.0000000E+00
         251  0.0000000E+00
         252  0.0000000E+00
         253  0.0000000E+00
         254  0.0000000E+00
         255  0.0000000E+00
         256  0.0000000E+00
         257  0.0000000E+00
         258  0.0000000E+00
         259  0.0000000E+00
         260  0.0000000E+00
         261  0.0000000E+00
         262  0.0000000E+00
         263  0.0000000E+00
         264  0.0000000E+00
         265  0.0000000E+00
         266  0.0000000E+00
         267  0.0000000E+00
         268  0.0000000E+00
         269  0.0000000E+00
         270  0.0000000E+00
         271  0.0000000E+00
         272  0.0000000E+00
         273  0.0000000E+00
         274  0.0000000E+00
         275  0.0000000E+00
         276  0.0000000E+00
         277  0.0000000E+00
         278  0.0000000E+00
         279  0.0000000E+00
         280  0.0000000E+00
         281  0.0000000E+00
         282  0.0000000E+00
         283  0.0000000E+00
         284  0.0000000E+00
         285  0.0000000E+00
         286  0.0000000E+00
         287  0.0000000E+00
         288  0.0000000E+00
         289  0.0000000E+00
         290  0.0000000E+00
         291  0.0000000E+00
         292  0.0000000E+00
         293  0.0000000E+00
         294  0.0000000E+00
         295  0.0000000E+00
         296  0.0000000E+00
         297  0.0000000E+00
         298  0.0000000E+00
         299  0.0000000E+00
         300  0.0000000E+00
         301  0.0000000E+00
         302  0.0000000E+00
         303  0.0000000E+00
         304  0.0000000E+00
         305  0.0000000E+00
         306  0.0000000E+00
         307  0.0000000E+00
         308  0.0000000E+00
         309  0.0000000E+00
         310  0.0000000E+00
         311  0.0000000E+00
         312  0.0000000E+00
         313  0.0000000E+00
         314  0.0000000E+00
         315  0.0000000E+00
         316  0.0000000E+00
         317  0.0000000E+00
         318  0.0000000E+00
         319  0.0000000E+00
         320  0.0000000E+00
         321  0.0000000E+00
         322  0.0000000E+00
         323  0.0000000E+00
         324  0.0000000E+00
         325  0.0000000E+00
         326  0.0000000E+00
         327  0.0000000E+00
         328  0.0000000E+00
         329  0.0000000E+00
         330  0.0000000E+00
         331  0.0000000E+00
         332  0.0000000E+00
         333  0.0000000E+00
         334  0.0000000E+00
         335  0.0000000E+00
         336  0.5295309    
         337   7.413432    
         338   13.23827    
         339   21.71077    
         340   28.59467    
         341   29.12420    
         342   28.06514    
         343   34.94904    
         344   32.30138    
         345   25.94701    
         346   32.83091    
         347   40.77388    
         348   48.18731    
         349   36.00810    
         350   28.06514    
         351   36.00810    
         352   33.88998    
         353   40.77388    
         354   37.06716    
         355   38.12622    
         356   42.89200    
         357   45.01012    
         358   48.18731    
         359   42.36247    
         360   42.89200    
         361   53.48262    
         362   51.89403    
         363   52.95309    
         364   42.89200    
         365   44.48059    
         366   50.83496    
         367   41.83294    
         368   45.01012    
         369   55.60074    
         370   52.42356    
         371   50.30544    
         372   40.24435    
         373   45.01012    
         374   63.54370    
         375   51.89403    
         376   53.48262    
         377   60.36652    
         378   54.54168    
         379   59.83699    
         380   66.19136    
         381   67.77995    
         382   56.13028    
         383   60.36652    
         384   68.30949    
         385   74.13432    
         386   64.60277    
         387   64.60277    
         388   82.60682    
         389   65.66183    
         390   77.84104    
         391   89.49072    
         392   75.72292    
         393   80.48869    
         394   82.07729    
         395   96.90415    
         396   95.84509    
         397   94.25650    
         398   96.90415    
         399   100.6109    
         400   92.13837    
         401   122.3216    
         402   120.7330    
         403   114.9082    
         404   115.9673    
         405   139.2666    
         406   139.2666    
         407   157.8002    
         408   151.9754    
         409   161.5069    
         410   187.9835    
         411   196.9855    
         412   202.2808    
         413   214.9895    
         414   248.8795    
         415   272.7084    
         416   284.8876    
         417   326.7206    
         418   339.9588    
         419   385.4985    
         420   411.9750    
         421   468.6348    
         422   525.2946    
         423   606.3129    
         424   685.7425    
         425   768.3493    
         426   783.7057    
         427   764.6426    
         428   791.1191    
         429   786.3534    
         430   809.6527    
         431   748.7567    
         432   752.4634    
         433   740.2842    
         434   744.5204    
         435   751.4043    
         436   729.1640    
         437   744.5204    
         438   729.1640    
         439   742.4023    
         440   730.7526    
         441   720.1620    
         442   747.6976    
         443   741.3433    
         444   785.2943    
         445   787.9420    
         446   796.4144    
         447   814.9480    
         448   823.9501    
         449   808.0641    
         450   872.1374    
         451   850.9561    
         452   927.7381    
         453   919.2656    
         454   976.4550    
         455   1015.640    
         456   1046.353    
         457   1088.715    
         458   1178.206    
         459   1239.102    
         460   1233.807    
         461   1304.764    
         462   1388.959    
         463   1423.909    
         464   1520.283    
         465   1485.334    
         466   1513.399    
         467   1519.224    
         468   1574.825    
         469   1584.886    
         470   1645.782    
         471   1696.617    
         472   1771.281    
         473   1906.841    
         474   2129.244    
         475   2279.101    
         476   2563.459    
         477   2701.137    
         478   2891.768    
         479   3395.352    
         480   4335.799    
         481   5675.512    
         482   5918.567    
         483   4816.083    
         484   4269.078    
         485   4313.029    
         486   3450.423    
         487   2799.100    
         488   2572.990    
         489   2341.056    
         490   2239.916    
         491   2121.830    
         492   1998.450    
         493   1930.670    
         494   1840.649    
         495   1735.802    
         496   1649.489    
         497   1624.601    
         498   1533.521    
         499   1581.709    
         500   1540.405    
         501   1576.943    
         502   1534.580    
         503   1518.165    
         504   1486.923    
         505   1430.263    
         506   1430.792    
         507   1424.438    
         508   1365.660    
         509   1350.833    
         510   1377.839    
         511   1381.017    
         512   1345.538    
         513   1304.764    
         514   1316.943    
         515   1280.935    
         516   1275.110    
         517   1264.520    
         518   1240.691    
         519   1270.874    
         520   1244.927    
         521   1198.858    
         522   1204.683    
         523   1175.559    
         524   1160.732    
         525   1195.681    
         526   1121.546    
         527   1168.145    
         528   1074.948    
         529   1157.025    
         530   1104.072    
         531   1106.719    
         532   1116.781    
         533   1092.422    
         534   1096.658    
         535   1099.306    
         536   1087.127    
         537   1078.125    
         538   1144.316    
         539   1046.883    
         540   1090.304    
         541   1108.838    
         542   1014.052    
         543   1061.709    
         544   1040.528    
         545   1053.766    
         546   1050.060    
         547   1026.760    
         548   1103.013    
         549   1071.241    
         550   975.9254    
         551   1087.127    
         552   1028.879    
         553   1064.887    
         554   1080.773    
         555   1028.879    
         556   1108.838    
         557   1035.762    
         558   1066.475    
         559   1044.235    
         560   1040.528    
         561   1069.123    
         562   1003.991    
         563   1059.591    
         564   1009.815    
         565   1056.414    
         566   1068.064    
         567   1044.764    
         568   1021.995    
         569   1086.068    
         570   1024.113    
         571   1001.872    
         572   1090.834    
         573   1029.938    
         574   1096.658    
         575   1072.300    
         576   1062.239    
         577   1065.946    
         578   1081.832    
         579   1068.593    
         580   1107.779    
         581   1067.005    
         582   1038.410    
         583   1077.066    
         584   1014.581    
         585   1071.241    
         586   1018.288    
         587   1087.127    
         588   1072.300    
         589   1044.764    
         590   1073.889    
         591   1094.540    
         592   1037.880    
         593   1133.726    
         594   1038.940    
         595   1078.125    
         596   988.1046    
         597   1143.787    
         598   1023.054    
         599   1058.003    
         600   1060.121    
         601   970.6301    
         602   1046.883    
         603   997.1066    
         604   1030.997    
         605   1060.650    
         606   1079.714    
         607   1068.064    
         608   1058.003    
         609   1083.950    
         610   1097.718    
         611   1128.960    
         612   1094.011    
         613   1082.361    
         614   1087.127    
         615   1133.726    
         616   1087.127    
         617   1095.599    
         618   1079.714    
         619   1146.434    
         620   1035.762    
         621   1073.359    
         622   1129.489    
         623   1094.011    
         624   1078.654    
         625   1101.954    
         626   1043.176    
         627   1136.903    
         628   1041.587    
         629   1063.298    
         630   1083.950    
         631   1056.414    
         632   1039.999    
         633   1056.414    
         634   1051.119    
         635   1032.056    
         636   1086.068    
         637   1009.815    
         638   1091.893    
         639   1047.412    
         640   1078.125    
         641   1023.054    
         642   1038.940    
         643   1012.463    
         644   996.5771    
         645   946.8012    
         646   1014.052    
         647   912.9113    
         648   975.9254    
         649   904.9683    
         650   889.0823    
         651   853.0743    
         652   855.1924    
         653   780.5285    
         654   750.3453    
         655   733.4003    
         656   724.9278    
         657   674.0928    
         658   651.3230    
         659   656.6183    
         660   613.1968    
         661   605.7833    
         662   559.1846    
         663   543.8282    
         664   529.5309    
         665   519.4698    
         666   502.5248    
         667   455.3965    
         668   494.0523    
         669   449.0422    
         670   452.2194    
         671   441.6288    
         672   427.3314    
         673   437.9220    
         674   381.2622    
         675   389.7347    
         676   388.6757    
         677   381.2622    
         678   347.9018    
         679   355.3152    
         680   325.6615    
         681   352.1380    
         682   319.8366    
         683   306.5984    
         684   322.4843    
         685   312.4232    
         686   312.9528    
         687   284.8876    
         688   302.8917    
         689   289.1239    
         690   283.8286    
         691   282.7695    
         692   272.7084    
         693   285.9467    
         694   249.4090    
         695   275.8856    
         696   239.8775    
         697   254.7043    
         698   222.9325    
         699   227.6983    
         700   239.3480    
         701   239.8775    
         702   193.2788    
         703   205.4580    
         704   204.3989    
         705   203.3399    
         706   199.1036    
         707   189.0425    
         708   175.8043    
         709   176.8633    
         710   187.9835    
         711   186.3949    
         712   176.3338    
         713   142.4438    
         714   153.5640    
         715   151.9754    
         716   158.8593    
         717   139.2666    
         718   138.7371    
         719   131.8532    
         720   125.4988    
         721   112.7901    
         722   106.9652    
         723   77.84104    
         724   11.64968    
         725  0.0000000E+00
         726  0.0000000E+00
         727  0.0000000E+00
         728  0.0000000E+00
         729  0.0000000E+00
         730  0.0000000E+00
         731  0.0000000E+00
         732  0.0000000E+00
         733  0.0000000E+00
         734  0.0000000E+00
         735  0.0000000E+00
         736  0.0000000E+00
         737  0.0000000E+00
         738  0.0000000E+00
         739  0.0000000E+00
         740  0.0000000E+00
         741  0.0000000E+00
         742  0.0000000E+00
         743  0.0000000E+00
         744  0.0000000E+00
         745  0.0000000E+00
         746  0.0000000E+00
         747  0.0000000E+00
         748  0.0000000E+00
         749  0.0000000E+00
         750  0.0000000E+00
         751  0.0000000E+00
         752  0.0000000E+00
         753  0.0000000E+00
         754  0.0000000E+00
         755  0.0000000E+00
         756  0.0000000E+00
         757  0.0000000E+00
         758  0.0000000E+00
         759  0.0000000E+00
         760  0.0000000E+00
         761  0.0000000E+00
         762  0.0000000E+00
         763  0.0000000E+00
         764  0.0000000E+00
         765  0.0000000E+00
         766  0.0000000E+00
         767  0.0000000E+00
         768  0.0000000E+00
         769  0.0000000E+00
         770  0.0000000E+00
         771  0.0000000E+00
         772  0.0000000E+00
         773  0.0000000E+00
         774  0.0000000E+00
         775  0.0000000E+00
         776  0.0000000E+00
         777  0.0000000E+00
         778  0.0000000E+00
         779  0.0000000E+00
         780  0.0000000E+00
         781  0.0000000E+00
         782  0.0000000E+00
         783  0.0000000E+00
         784  0.0000000E+00
         785  0.0000000E+00
         786  0.0000000E+00
         787  0.0000000E+00
         788  0.0000000E+00
         789  0.0000000E+00
         790  0.0000000E+00
         791  0.0000000E+00
         792  0.0000000E+00
         793  0.0000000E+00
         794  0.0000000E+00
         795  0.0000000E+00
         796  0.0000000E+00
         797  0.0000000E+00
         798  0.0000000E+00
         799  0.0000000E+00
         800  0.0000000E+00
         801  0.0000000E+00
         802  0.0000000E+00
         803  0.0000000E+00
         804  0.0000000E+00
         805  0.0000000E+00
         806  0.0000000E+00
         807  0.0000000E+00
         808  0.0000000E+00
         809  0.0000000E+00
         810  0.0000000E+00
         811  0.0000000E+00
         812  0.0000000E+00
         813  0.0000000E+00
         814  0.0000000E+00
         815  0.0000000E+00
         816  0.0000000E+00
         817  0.0000000E+00
         818  0.0000000E+00
         819  0.0000000E+00
         820  0.0000000E+00
         821  0.0000000E+00
         822  0.0000000E+00
         823  0.0000000E+00
         824  0.0000000E+00
         825  0.0000000E+00
         826  0.0000000E+00
         827  0.0000000E+00
         828  0.0000000E+00
         829  0.0000000E+00
         830  0.0000000E+00
         831  0.0000000E+00
         832  0.0000000E+00
         833  0.0000000E+00
         834  0.0000000E+00
         835  0.0000000E+00
         836  0.0000000E+00
         837  0.0000000E+00
         838  0.0000000E+00
         839  0.0000000E+00
         840  0.0000000E+00
         841  0.0000000E+00
         842  0.0000000E+00
         843  0.0000000E+00
         844  0.0000000E+00
         845  0.0000000E+00
         846  0.0000000E+00
         847  0.0000000E+00
         848  0.0000000E+00
         849  0.0000000E+00
         850  0.0000000E+00
         851  0.0000000E+00
         852  0.0000000E+00
         853  0.0000000E+00
         854  0.0000000E+00
         855  0.0000000E+00
         856  0.0000000E+00
         857  0.0000000E+00
         858  0.0000000E+00
         859  0.0000000E+00
         860  0.0000000E+00
         861  0.0000000E+00
         862  0.0000000E+00
         863  0.0000000E+00
         864  0.0000000E+00
         865  0.0000000E+00
         866  0.0000000E+00
         867  0.0000000E+00
         868  0.0000000E+00
         869  0.0000000E+00
         870  0.0000000E+00
         871  0.0000000E+00
         872  0.0000000E+00
         873  0.0000000E+00
         874  0.0000000E+00
         875  0.0000000E+00
         876  0.0000000E+00
         877  0.0000000E+00
         878  0.0000000E+00
         879  0.0000000E+00
         880  0.0000000E+00
         881  0.0000000E+00
         882  0.0000000E+00
         883  0.0000000E+00
         884  0.0000000E+00
         885  0.0000000E+00
         886  0.0000000E+00
         887  0.0000000E+00
         888  0.0000000E+00
         889  0.0000000E+00
         890  0.0000000E+00
         891  0.0000000E+00
         892  0.0000000E+00
         893  0.0000000E+00
         894  0.0000000E+00
         895  0.0000000E+00
         896  0.0000000E+00
         897  0.0000000E+00
         898  0.0000000E+00
         899  0.0000000E+00
         900  0.0000000E+00
         901  0.0000000E+00
         902  0.0000000E+00
         903  0.0000000E+00
         904  0.0000000E+00
         905  0.0000000E+00
         906  0.0000000E+00
         907  0.0000000E+00
         908  0.0000000E+00
         909  0.0000000E+00
         910  0.0000000E+00
         911  0.0000000E+00
         912  0.0000000E+00
         913  0.0000000E+00
         914  0.0000000E+00
         915  0.0000000E+00
         916  0.0000000E+00
         917  0.0000000E+00
         918  0.0000000E+00
         919  0.0000000E+00
         920  0.0000000E+00
         921  0.0000000E+00
         922  0.0000000E+00
         923  0.0000000E+00
         924  0.0000000E+00
         925  0.0000000E+00
         926  0.0000000E+00
         927  0.0000000E+00
         928  0.0000000E+00
         929  0.0000000E+00
         930  0.0000000E+00
         931  0.0000000E+00
         932  0.0000000E+00
         933  0.0000000E+00
         934  0.0000000E+00
         935  0.0000000E+00
         936  0.0000000E+00
         937  0.0000000E+00
         938  0.0000000E+00
         939  0.0000000E+00
         940  0.0000000E+00
         941  0.0000000E+00
         942  0.0000000E+00
         943  0.0000000E+00
         944  0.0000000E+00
         945  0.0000000E+00
         946  0.0000000E+00
         947  0.0000000E+00
         948  0.0000000E+00
         949  0.0000000E+00
         950  0.0000000E+00
         951  0.0000000E+00
         952  0.0000000E+00
         953  0.0000000E+00
         954  0.0000000E+00
         955  0.0000000E+00
         956  0.0000000E+00
         957  0.0000000E+00
         958  0.0000000E+00
         959  0.0000000E+00
         960  0.0000000E+00
         961  0.0000000E+00
         962  0.0000000E+00
         963  0.0000000E+00
         964  0.0000000E+00
         965  0.0000000E+00
         966  0.0000000E+00
         967  0.0000000E+00
         968  0.0000000E+00
         969  0.0000000E+00
         970  0.0000000E+00
         971  0.0000000E+00
         972  0.0000000E+00
         973  0.0000000E+00
         974  0.0000000E+00
         975  0.0000000E+00
         976  0.0000000E+00
         977  0.0000000E+00
         978  0.0000000E+00
         979  0.0000000E+00
         980  0.0000000E+00
         981  0.0000000E+00
         982  0.0000000E+00
         983  0.0000000E+00
         984  0.0000000E+00
         985  0.0000000E+00
         986  0.0000000E+00
         987  0.0000000E+00
         988  0.0000000E+00
         989  0.0000000E+00
         990  0.0000000E+00
         991  0.0000000E+00
         992  0.0000000E+00
         993  0.0000000E+00
         994  0.0000000E+00
         995  0.0000000E+00
         996  0.0000000E+00
         997  0.0000000E+00
         998  0.0000000E+00
         999  0.0000000E+00
        1000  0.0000000E+00
        1001  0.0000000E+00
        1002  0.0000000E+00
        1003  0.0000000E+00
        1004  0.0000000E+00
        1005  0.0000000E+00
        1006  0.0000000E+00
        1007  0.0000000E+00
        1008  0.0000000E+00
        1009  0.0000000E+00
        1010  0.0000000E+00
        1011  0.0000000E+00
        1012  0.0000000E+00
        1013  0.0000000E+00
        1014  0.0000000E+00
        1015  0.0000000E+00
        1016  0.0000000E+00
        1017  0.0000000E+00
        1018  0.0000000E+00
        1019  0.0000000E+00
        1020  0.0000000E+00
        1021  0.0000000E+00
        1022  0.0000000E+00
        1023  0.0000000E+00
        1024  0.0000000E+00
