 #   Y    A
           1  0.0000000E+00
           2  0.0000000E+00
           3  0.0000000E+00
           4  0.0000000E+00
           5  0.0000000E+00
           6  0.0000000E+00
           7  0.0000000E+00
           8  0.0000000E+00
           9  0.0000000E+00
          10  0.0000000E+00
          11  0.0000000E+00
          12  0.0000000E+00
          13  0.0000000E+00
          14  0.0000000E+00
          15  0.0000000E+00
          16  0.0000000E+00
          17  0.0000000E+00
          18  0.0000000E+00
          19  0.0000000E+00
          20  0.0000000E+00
          21  0.0000000E+00
          22  0.0000000E+00
          23  0.0000000E+00
          24  0.0000000E+00
          25  0.0000000E+00
          26  0.0000000E+00
          27  0.0000000E+00
          28  0.0000000E+00
          29  0.0000000E+00
          30  0.0000000E+00
          31  0.0000000E+00
          32  0.0000000E+00
          33  0.0000000E+00
          34  0.0000000E+00
          35  0.0000000E+00
          36  0.0000000E+00
          37  0.0000000E+00
          38  0.0000000E+00
          39  0.0000000E+00
          40  0.0000000E+00
          41  0.0000000E+00
          42  0.0000000E+00
          43  0.0000000E+00
          44  0.0000000E+00
          45  0.0000000E+00
          46  0.0000000E+00
          47  0.0000000E+00
          48  0.0000000E+00
          49  0.0000000E+00
          50  0.0000000E+00
          51  0.0000000E+00
          52  0.0000000E+00
          53  0.0000000E+00
          54  0.0000000E+00
          55  0.0000000E+00
          56  0.0000000E+00
          57  0.0000000E+00
          58  0.0000000E+00
          59  0.0000000E+00
          60  0.0000000E+00
          61  0.0000000E+00
          62  0.0000000E+00
          63  0.0000000E+00
          64  0.0000000E+00
          65  0.0000000E+00
          66  0.0000000E+00
          67  0.0000000E+00
          68  0.0000000E+00
          69  0.0000000E+00
          70  0.0000000E+00
          71  0.0000000E+00
          72  0.0000000E+00
          73  0.0000000E+00
          74  0.0000000E+00
          75  0.0000000E+00
          76  0.0000000E+00
          77  0.0000000E+00
          78  0.0000000E+00
          79  0.0000000E+00
          80  0.0000000E+00
          81  0.0000000E+00
          82  0.0000000E+00
          83  0.0000000E+00
          84  0.0000000E+00
          85  0.0000000E+00
          86  0.0000000E+00
          87  0.0000000E+00
          88  0.0000000E+00
          89  0.0000000E+00
          90  0.0000000E+00
          91  0.0000000E+00
          92  0.0000000E+00
          93  0.0000000E+00
          94  0.0000000E+00
          95  0.0000000E+00
          96  0.0000000E+00
          97  0.0000000E+00
          98  0.0000000E+00
          99  0.0000000E+00
         100  0.0000000E+00
         101  0.0000000E+00
         102  0.0000000E+00
         103  0.0000000E+00
         104  0.0000000E+00
         105  0.0000000E+00
         106  0.0000000E+00
         107  0.0000000E+00
         108  0.0000000E+00
         109  0.0000000E+00
         110  0.0000000E+00
         111  0.0000000E+00
         112  0.0000000E+00
         113  0.0000000E+00
         114  0.0000000E+00
         115  0.0000000E+00
         116  0.0000000E+00
         117  0.0000000E+00
         118  0.0000000E+00
         119  0.0000000E+00
         120  0.0000000E+00
         121  0.0000000E+00
         122  0.0000000E+00
         123  0.0000000E+00
         124  0.0000000E+00
         125  0.0000000E+00
         126  0.0000000E+00
         127  0.0000000E+00
         128  0.0000000E+00
         129  0.0000000E+00
         130  0.0000000E+00
         131  0.0000000E+00
         132  0.0000000E+00
         133  0.0000000E+00
         134  0.0000000E+00
         135  0.0000000E+00
         136  0.0000000E+00
         137  0.0000000E+00
         138  0.0000000E+00
         139  0.0000000E+00
         140  0.0000000E+00
         141  0.0000000E+00
         142  0.0000000E+00
         143  0.0000000E+00
         144  0.0000000E+00
         145  0.0000000E+00
         146  0.0000000E+00
         147  0.0000000E+00
         148  0.0000000E+00
         149  0.0000000E+00
         150  0.0000000E+00
         151  0.0000000E+00
         152  0.0000000E+00
         153  0.0000000E+00
         154  0.0000000E+00
         155  0.0000000E+00
         156  0.0000000E+00
         157  0.0000000E+00
         158  0.0000000E+00
         159  0.0000000E+00
         160  0.0000000E+00
         161  0.0000000E+00
         162  0.0000000E+00
         163  0.0000000E+00
         164  0.0000000E+00
         165  0.0000000E+00
         166  0.0000000E+00
         167  0.0000000E+00
         168  0.0000000E+00
         169  0.0000000E+00
         170  0.0000000E+00
         171  0.0000000E+00
         172  0.0000000E+00
         173  0.0000000E+00
         174  0.0000000E+00
         175  0.0000000E+00
         176  0.0000000E+00
         177  0.0000000E+00
         178  0.0000000E+00
         179  0.0000000E+00
         180  0.0000000E+00
         181  0.0000000E+00
         182  0.0000000E+00
         183  0.0000000E+00
         184  0.0000000E+00
         185  0.0000000E+00
         186  0.0000000E+00
         187  0.0000000E+00
         188  0.0000000E+00
         189  0.0000000E+00
         190  0.0000000E+00
         191  0.0000000E+00
         192  0.0000000E+00
         193  0.0000000E+00
         194  0.0000000E+00
         195  0.0000000E+00
         196  0.0000000E+00
         197  0.0000000E+00
         198  0.0000000E+00
         199  0.0000000E+00
         200  0.0000000E+00
         201  0.0000000E+00
         202  0.0000000E+00
         203  0.0000000E+00
         204  0.0000000E+00
         205  0.0000000E+00
         206  0.0000000E+00
         207  0.0000000E+00
         208  0.0000000E+00
         209  0.0000000E+00
         210  0.0000000E+00
         211  0.0000000E+00
         212  0.0000000E+00
         213  0.0000000E+00
         214  0.0000000E+00
         215  0.0000000E+00
         216  0.0000000E+00
         217  0.0000000E+00
         218  0.0000000E+00
         219  0.0000000E+00
         220  0.0000000E+00
         221  0.0000000E+00
         222  0.0000000E+00
         223  0.0000000E+00
         224  0.0000000E+00
         225  0.0000000E+00
         226  0.0000000E+00
         227  0.0000000E+00
         228  0.0000000E+00
         229  0.0000000E+00
         230  0.0000000E+00
         231  0.0000000E+00
         232  0.0000000E+00
         233  0.0000000E+00
         234  0.0000000E+00
         235  0.0000000E+00
         236  0.0000000E+00
         237  0.0000000E+00
         238  0.0000000E+00
         239  0.0000000E+00
         240  0.0000000E+00
         241  0.0000000E+00
         242  0.0000000E+00
         243  0.0000000E+00
         244  0.0000000E+00
         245  0.0000000E+00
         246  0.0000000E+00
         247  0.0000000E+00
         248  0.0000000E+00
         249  0.0000000E+00
         250  0.0000000E+00
         251  0.0000000E+00
         252  0.0000000E+00
         253  0.0000000E+00
         254  0.0000000E+00
         255  0.0000000E+00
         256  0.0000000E+00
         257  0.0000000E+00
         258  0.0000000E+00
         259  0.0000000E+00
         260  0.0000000E+00
         261  0.0000000E+00
         262  0.0000000E+00
         263  0.0000000E+00
         264  0.0000000E+00
         265  0.0000000E+00
         266  0.0000000E+00
         267  0.0000000E+00
         268  0.0000000E+00
         269  0.0000000E+00
         270  0.0000000E+00
         271  0.0000000E+00
         272  0.0000000E+00
         273  0.0000000E+00
         274  0.0000000E+00
         275  0.0000000E+00
         276   2.118124    
         277   7.413432    
         278   13.76780    
         279   18.53358    
         280   20.12217    
         281   20.12217    
         282   22.24030    
         283   22.76983    
         284   24.88795    
         285   23.82889    
         286   25.41748    
         287   16.41546    
         288   25.94701    
         289   19.06311    
         290   23.29936    
         291   31.77185    
         292   35.47857    
         293   20.12217    
         294   26.47654    
         295   20.65170    
         296   24.35842    
         297   25.94701    
         298   25.94701    
         299   23.82889    
         300   31.77185    
         301   23.82889    
         302   27.53561    
         303   23.29936    
         304   27.00607    
         305   25.94701    
         306   33.36045    
         307   29.12420    
         308   33.88998    
         309   21.71077    
         310   28.59467    
         311   24.88795    
         312   39.18528    
         313   34.41951    
         314   28.06514    
         315   28.59467    
         316   34.41951    
         317   30.18326    
         318   24.35842    
         319   27.53561    
         320   30.71279    
         321   26.47654    
         322   27.53561    
         323   38.12622    
         324   31.77185    
         325   37.06716    
         326   34.94904    
         327   30.71279    
         328   32.30138    
         329   32.30138    
         330   38.65575    
         331   30.71279    
         332   39.18529    
         333   41.30341    
         334   43.95107    
         335   33.36045    
         336   31.77185    
         337   46.06919    
         338   32.83091    
         339   32.30138    
         340   34.41951    
         341   34.94904    
         342   59.30746    
         343   33.88998    
         344   40.24435    
         345   39.18529    
         346   36.53763    
         347   43.95107    
         348   59.30746    
         349   41.83294    
         350   58.24840    
         351   46.59872    
         352   42.89200    
         353   45.01012    
         354   54.01215    
         355   42.89200    
         356   51.89403    
         357   47.65778    
         358   58.77793    
         359   58.77793    
         360   49.77590    
         361   57.71887    
         362   49.24637    
         363   71.48667    
         364   64.60277    
         365   54.54168    
         366   88.96119    
         367   58.24840    
         368   73.60479    
         369   78.90010    
         370   81.01823    
         371   84.72495    
         372   84.19541    
         373   91.60884    
         374   101.6699    
         375   94.25650    
         376   101.6699    
         377   103.2585    
         378   114.9082    
         379   119.6740    
         380   129.2055    
         381   138.7371    
         382   136.0894    
         383   147.7391    
         384   175.8043    
         385   173.1566    
         386   183.7472    
         387   193.2788    
         388   196.4560    
         389   212.8714    
         390   212.8714    
         391   234.0526    
         392   251.5272    
         393   256.2929    
         394   267.4131    
         395   259.9997    
         396   254.1748    
         397   272.7084    
         398   281.7104    
         399   271.6494    
         400   292.8306    
         401   283.8286    
         402   270.0608    
         403   285.4171    
         404   294.9487    
         405   267.4131    
         406   285.9467    
         407   276.9446    
         408   298.1259    
         409   281.7104    
         410   290.1829    
         411   287.5353    
         412   296.5373    
         413   326.1910    
         414   308.7165    
         415   347.3723    
         416   354.7857    
         417   330.9568    
         418   367.4944    
         419   401.9139    
         420   402.9730    
         421   419.9180    
         422   436.3334    
         423   454.3375    
         424   513.6450    
         425   509.4087    
         426   522.6470    
         427   558.6551    
         428   577.7182    
         429   534.2966    
         430   552.3007    
         431   593.0746    
         432   601.0176    
         433   594.6632    
         434   633.3189    
         435   612.1377    
         436   660.8546    
         437   654.5002    
         438   660.3250    
         439   700.0399    
         440   730.2231    
         441   767.8198    
         442   736.0479    
         443   827.6568    
         444   797.4735    
         445   810.7118    
         446   837.7178    
         447   855.7219    
         448   839.8360    
         449   887.4938    
         450   842.4836    
         451   850.4266    
         452   817.0662    
         453   901.7911    
         454   861.5468    
         455   858.8991    
         456   855.7219    
         457   881.1394    
         458   833.4816    
         459   829.2454    
         460   874.7850    
         461   848.8380    
         462   856.7809    
         463   849.3676    
         464   856.7809    
         465   873.1964    
         466   888.0233    
         467   820.7729    
         468   933.5629    
         469   904.4387    
         470   882.7280    
         471   907.6159    
         472   931.4448    
         473   937.7992    
         474   955.2737    
         475   978.5731    
         476   971.1597    
         477   1050.589    
         478   968.5120    
         479   1032.056    
         480   1020.406    
         481   1046.883    
         482   1074.948    
         483   1026.231    
         484   1085.538    
         485   1026.231    
         486   1059.591    
         487   1062.239    
         488   1100.365    
         489   1052.178    
         490   1105.661    
         491   1052.178    
         492   1113.604    
         493   1100.365    
         494   1063.298    
         495   1106.190    
         496   1091.363    
         497   1109.367    
         498   1091.893    
         499   1159.673    
         500   1123.665    
         501   1130.019    
         502   1127.371    
         503   1151.200    
         504   1127.371    
         505   1167.086    
         506   1146.434    
         507   1160.732    
         508   1146.964    
         509   1182.972    
         510   1174.500    
         511   1179.265    
         512   1180.324    
         513   1153.848    
         514   1190.385    
         515   1216.332    
         516   1199.387    
         517   1240.691    
         518   1218.451    
         519   1230.100    
         520   1211.567    
         521   1244.927    
         522   1240.691    
         523   1268.226    
         524   1220.569    
         525   1257.636    
         526   1256.577    
         527   1289.408    
         528   1287.819    
         529   1297.880    
         530   1271.404    
         531   1328.593    
         532   1366.190    
         533   1346.068    
         534   1345.008    
         535   1366.190    
         536   1370.426    
         537   1356.658    
         538   1389.489    
         539   1378.369    
         540   1401.139    
         541   1387.371    
         542   1376.251    
         543   1389.489    
         544   1333.888    
         545   1346.597    
         546   1349.774    
         547   1321.709    
         548   1292.055    
         549   1319.061    
         550   1342.361    
         551   1336.536    
         552   1320.120    
         553   1349.774    
         554   1374.662    
         555   1356.658    
         556   1408.552    
         557   1361.424    
         558   1408.023    
         559   1438.206    
         560   1414.377    
         561   1420.202    
         562   1475.803    
         563   1503.868    
         564   1492.748    
         565   1548.878    
         566   1584.886    
         567   1569.000    
         568   1640.487    
         569   1591.770    
         570   1698.206    
         571   1716.739    
         572   1699.794    
         573   1730.507    
         574   1754.336    
         575   1806.230    
         576   1827.411    
         577   1843.827    
         578   1894.132    
         579   1951.851    
         580   2006.393    
         581   2103.826    
         582   2156.250    
         583   2204.967    
         584   2348.469    
         585   2475.557    
         586   2696.901    
         587   2982.847    
         588   3419.710    
         589   4090.096    
         590   4891.277    
         591   5505.003    
         592   6026.062    
         593   6149.972    
         594   5552.131    
         595   4499.424    
         596   3729.486    
         597   3132.175    
         598   2832.990    
         599   2517.390    
         600   2373.887    
         601   2245.740    
         602   2168.958    
         603   1994.743    
         604   1925.904    
         605   1796.698    
         606   1729.977    
         607   1687.615    
         608   1620.365    
         609   1564.234    
         610   1508.104    
         611   1433.440    
         612   1390.548    
         613   1372.015    
         614   1341.831    
         615   1335.477    
         616   1301.057    
         617   1240.691    
         618   1193.033    
         619   1158.614    
         620   1125.253    
         621   1107.249    
         622   1037.351    
         623   1065.416    
         624   987.5751    
         625   936.2106    
         626   948.3898    
         627   898.6139    
         628   868.4307    
         629   866.8420    
         630   854.6628    
         631   816.5366    
         632   820.2433    
         633   804.8870    
         634   782.1171    
         635   796.9440    
         636   774.7037    
         637   745.5795    
         638   751.4043    
         639   766.7607    
         640   736.0479    
         641   732.3412    
         642   706.3942    
         643   719.1030    
         644   699.5103    
         645   697.9217    
         646   682.5653    
         647   669.3270    
         648   671.4451    
         649   652.3821    
         650   653.4411    
         651   639.6733    
         652   636.4961    
         653   604.1947    
         654   627.4941    
         655   608.9605    
         656   618.4921    
         657   584.6021    
         658   593.6041    
         659   589.8974    
         660   567.6571    
         661   567.6571    
         662   563.9504    
         663   529.0013    
         664   536.4148    
         665   536.9443    
         666   505.7020    
         667   523.1765    
         668   535.8853    
         669   488.7570    
         670   501.9953    
         671   466.5167    
         672   497.2295    
         673   467.0462    
         674   480.2845    
         675   463.3395    
         676   461.2214    
         677   473.4006    
         678   455.9261    
         679   450.1013    
         680   450.6308    
         681   419.9180    
         682   450.6308    
         683   440.5697    
         684   441.6288    
         685   440.5697    
         686   423.6247    
         687   416.2113    
         688   420.9771    
         689   414.6227    
         690   407.7388    
         691   416.7408    
         692   398.2072    
         693   398.7368    
         694   397.6777    
         695   395.5596    
         696   389.2052    
         697   402.9730    
         698   391.3233    
         699   375.4374    
         700   392.9119    
         701   370.6716    
         702   392.9119    
         703   371.7307    
         704   375.4374    
         705   384.9690    
         706   377.5555    
         707   375.4374    
         708   372.7897    
         709   363.7877    
         710   400.3253    
         711   371.7307    
         712   369.6125    
         713   363.7877    
         714   393.4414    
         715   374.9079    
         716   368.0240    
         717   368.0240    
         718   378.0851    
         719   368.5535    
         720   364.3173    
         721   371.7307    
         722   370.1421    
         723   354.2562    
         724   368.5535    
         725   359.5515    
         726   364.3172    
         727   363.2582    
         728   366.4354    
         729   353.1971    
         730   359.0219    
         731   337.8407    
         732   355.8448    
         733   338.8997    
         734   324.0729    
         735   347.9018    
         736   322.4843    
         737   346.8427    
         738   314.5414    
         739   327.7796    
         740   306.5984    
         741   320.3662    
         742   299.7145    
         743   297.5963    
         744   300.7735    
         745   288.5943    
         746   284.3581    
         747   271.1198    
         748   292.3011    
         749   249.9386    
         750   274.2970    
         751   263.7064    
         752   234.0526    
         753   254.7043    
         754   245.7023    
         755   244.6433    
         756   229.8164    
         757   224.5211    
         758   223.4620    
         759   219.7553    
         760   210.7533    
         761   212.3419    
         762   204.9285    
         763   194.3378    
         764   208.1056    
         765   189.0425    
         766   202.8103    
         767   177.3929    
         768   190.6311    
         769   181.0996    
         770   172.0975    
         771   189.5721    
         772   168.3908    
         773   164.6841    
         774   162.5660    
         775   132.9122    
         776   128.6760    
         777   128.6760    
         778   121.7921    
         779   123.9102    
         780   115.4377    
         781   129.2055    
         782   118.0854    
         783   119.6740    
         784   118.6149    
         785   116.4968    
         786   112.2606    
         787   122.3216    
         788   106.9652    
         789   104.8471    
         790   116.4968    
         791   117.5559    
         792   93.19743    
         793   111.2015    
         794   119.1444    
         795   95.84509    
         796   93.72697    
         797   113.3196    
         798   100.0813    
         799   110.6720    
         800   94.78603    
         801   91.60884    
         802   104.8471    
         803   103.2585    
         804   99.55181    
         805   96.37462    
         806   95.84509    
         807   86.31354    
         808   93.19743    
         809   94.25650    
         810   96.37462    
         811   91.07932    
         812   93.72697    
         813   95.84509    
         814   87.37260    
         815   88.43166    
         816   82.07729    
         817   92.13837    
         818   87.90213    
         819   83.66588    
         820   81.01823    
         821   90.54978    
         822   78.37057    
         823   85.25447    
         824   81.01823    
         825   77.31151    
         826   85.25447    
         827   78.90010    
         828   77.84104    
         829   70.42760    
         830   71.48667    
         831   80.48869    
         832   75.72292    
         833   76.25245    
         834   72.54573    
         835   78.37057    
         836   67.77995    
         837   76.25245    
         838   61.95511    
         839   76.78198    
         840   67.25042    
         841   61.42558    
         842   70.42760    
         843   69.89808    
         844   68.30949    
         845   64.60277    
         846   68.83901    
         847   73.60480    
         848   59.30746    
         849   68.83901    
         850   67.25042    
         851   65.13230    
         852   63.01418    
         853   69.89808    
         854   65.13230    
         855   75.72292    
         856   72.54573    
         857   92.66791    
         858   119.1444    
         859   1.059062    
         860  0.0000000E+00
         861  0.0000000E+00
         862  0.0000000E+00
         863  0.0000000E+00
         864  0.0000000E+00
         865  0.0000000E+00
         866  0.0000000E+00
         867  0.0000000E+00
         868  0.0000000E+00
         869  0.0000000E+00
         870  0.0000000E+00
         871  0.0000000E+00
         872  0.0000000E+00
         873  0.0000000E+00
         874  0.0000000E+00
         875  0.0000000E+00
         876  0.0000000E+00
         877  0.0000000E+00
         878  0.0000000E+00
         879  0.0000000E+00
         880  0.0000000E+00
         881  0.0000000E+00
         882  0.0000000E+00
         883  0.0000000E+00
         884  0.0000000E+00
         885  0.0000000E+00
         886  0.0000000E+00
         887  0.0000000E+00
         888  0.0000000E+00
         889  0.0000000E+00
         890  0.0000000E+00
         891  0.0000000E+00
         892  0.0000000E+00
         893  0.0000000E+00
         894  0.0000000E+00
         895  0.0000000E+00
         896  0.0000000E+00
         897  0.0000000E+00
         898  0.0000000E+00
         899  0.0000000E+00
         900  0.0000000E+00
         901  0.0000000E+00
         902  0.0000000E+00
         903  0.0000000E+00
         904  0.0000000E+00
         905  0.0000000E+00
         906  0.0000000E+00
         907  0.0000000E+00
         908  0.0000000E+00
         909  0.0000000E+00
         910  0.0000000E+00
         911  0.0000000E+00
         912  0.0000000E+00
         913  0.0000000E+00
         914  0.0000000E+00
         915  0.0000000E+00
         916  0.0000000E+00
         917  0.0000000E+00
         918  0.0000000E+00
         919  0.0000000E+00
         920  0.0000000E+00
         921  0.0000000E+00
         922  0.0000000E+00
         923  0.0000000E+00
         924  0.0000000E+00
         925  0.0000000E+00
         926  0.0000000E+00
         927  0.0000000E+00
         928  0.0000000E+00
         929  0.0000000E+00
         930  0.0000000E+00
         931  0.0000000E+00
         932  0.0000000E+00
         933  0.0000000E+00
         934  0.0000000E+00
         935  0.0000000E+00
         936  0.0000000E+00
         937  0.0000000E+00
         938  0.0000000E+00
         939  0.0000000E+00
         940  0.0000000E+00
         941  0.0000000E+00
         942  0.0000000E+00
         943  0.0000000E+00
         944  0.0000000E+00
         945  0.0000000E+00
         946  0.0000000E+00
         947  0.0000000E+00
         948  0.0000000E+00
         949  0.0000000E+00
         950  0.0000000E+00
         951  0.0000000E+00
         952  0.0000000E+00
         953  0.0000000E+00
         954  0.0000000E+00
         955  0.0000000E+00
         956  0.0000000E+00
         957  0.0000000E+00
         958  0.0000000E+00
         959  0.0000000E+00
         960  0.0000000E+00
         961  0.0000000E+00
         962  0.0000000E+00
         963  0.0000000E+00
         964  0.0000000E+00
         965  0.0000000E+00
         966  0.0000000E+00
         967  0.0000000E+00
         968  0.0000000E+00
         969  0.0000000E+00
         970  0.0000000E+00
         971  0.0000000E+00
         972  0.0000000E+00
         973  0.0000000E+00
         974  0.0000000E+00
         975  0.0000000E+00
         976  0.0000000E+00
         977  0.0000000E+00
         978  0.0000000E+00
         979  0.0000000E+00
         980  0.0000000E+00
         981  0.0000000E+00
         982  0.0000000E+00
         983  0.0000000E+00
         984  0.0000000E+00
         985  0.0000000E+00
         986  0.0000000E+00
         987  0.0000000E+00
         988  0.0000000E+00
         989  0.0000000E+00
         990  0.0000000E+00
         991  0.0000000E+00
         992  0.0000000E+00
         993  0.0000000E+00
         994  0.0000000E+00
         995  0.0000000E+00
         996  0.0000000E+00
         997  0.0000000E+00
         998  0.0000000E+00
         999  0.0000000E+00
        1000  0.0000000E+00
        1001  0.0000000E+00
        1002  0.0000000E+00
        1003  0.0000000E+00
        1004  0.0000000E+00
        1005  0.0000000E+00
        1006  0.0000000E+00
        1007  0.0000000E+00
        1008  0.0000000E+00
        1009  0.0000000E+00
        1010  0.0000000E+00
        1011  0.0000000E+00
        1012  0.0000000E+00
        1013  0.0000000E+00
        1014  0.0000000E+00
        1015  0.0000000E+00
        1016  0.0000000E+00
        1017  0.0000000E+00
        1018  0.0000000E+00
        1019  0.0000000E+00
        1020  0.0000000E+00
        1021  0.0000000E+00
        1022  0.0000000E+00
        1023  0.0000000E+00
        1024  0.0000000E+00
