 #   Y    A
           1   3204.721    
           2  0.0000000E+00
           3  0.0000000E+00
           4  0.0000000E+00
           5  0.0000000E+00
           6  0.0000000E+00
           7  0.0000000E+00
           8  0.0000000E+00
           9  0.0000000E+00
          10  0.0000000E+00
          11  0.0000000E+00
          12  0.0000000E+00
          13  0.0000000E+00
          14  0.0000000E+00
          15  0.0000000E+00
          16  0.0000000E+00
          17  0.0000000E+00
          18  0.0000000E+00
          19  0.0000000E+00
          20  0.0000000E+00
          21  0.0000000E+00
          22  0.0000000E+00
          23  0.0000000E+00
          24  0.0000000E+00
          25  0.0000000E+00
          26  0.0000000E+00
          27  0.0000000E+00
          28  0.0000000E+00
          29  0.0000000E+00
          30  0.0000000E+00
          31  0.0000000E+00
          32  0.0000000E+00
          33  0.0000000E+00
          34  0.0000000E+00
          35  0.0000000E+00
          36  0.0000000E+00
          37  0.0000000E+00
          38  0.0000000E+00
          39  0.0000000E+00
          40  0.0000000E+00
          41  0.0000000E+00
          42  0.0000000E+00
          43  0.0000000E+00
          44  0.0000000E+00
          45  0.0000000E+00
          46  0.0000000E+00
          47  0.0000000E+00
          48  0.0000000E+00
          49  0.0000000E+00
          50  0.0000000E+00
          51  0.0000000E+00
          52  0.0000000E+00
          53  0.0000000E+00
          54  0.0000000E+00
          55  0.0000000E+00
          56  0.0000000E+00
          57  0.0000000E+00
          58  0.0000000E+00
          59  0.0000000E+00
          60  0.0000000E+00
          61  0.0000000E+00
          62  0.0000000E+00
          63  0.0000000E+00
          64  0.0000000E+00
          65  0.0000000E+00
          66  0.0000000E+00
          67  0.0000000E+00
          68  0.0000000E+00
          69  0.0000000E+00
          70  0.0000000E+00
          71  0.0000000E+00
          72  0.0000000E+00
          73  0.0000000E+00
          74  0.0000000E+00
          75  0.0000000E+00
          76  0.0000000E+00
          77  0.0000000E+00
          78  0.0000000E+00
          79  0.0000000E+00
          80  0.0000000E+00
          81  0.0000000E+00
          82  0.0000000E+00
          83  0.0000000E+00
          84  0.0000000E+00
          85  0.0000000E+00
          86  0.0000000E+00
          87  0.0000000E+00
          88  0.0000000E+00
          89  0.0000000E+00
          90  0.0000000E+00
          91  0.0000000E+00
          92  0.0000000E+00
          93  0.0000000E+00
          94  0.0000000E+00
          95  0.0000000E+00
          96  0.0000000E+00
          97  0.0000000E+00
          98  0.0000000E+00
          99  0.0000000E+00
         100  0.0000000E+00
         101  0.0000000E+00
         102  0.0000000E+00
         103  0.0000000E+00
         104  0.0000000E+00
         105  0.0000000E+00
         106  0.0000000E+00
         107  0.0000000E+00
         108  0.0000000E+00
         109  0.0000000E+00
         110  0.0000000E+00
         111  0.0000000E+00
         112  0.0000000E+00
         113  0.0000000E+00
         114  0.0000000E+00
         115  0.0000000E+00
         116  0.0000000E+00
         117  0.0000000E+00
         118  0.0000000E+00
         119  0.0000000E+00
         120  0.0000000E+00
         121  0.0000000E+00
         122  0.0000000E+00
         123  0.0000000E+00
         124  0.0000000E+00
         125  0.0000000E+00
         126  0.0000000E+00
         127  0.0000000E+00
         128  0.0000000E+00
         129  0.0000000E+00
         130  0.0000000E+00
         131  0.0000000E+00
         132  0.0000000E+00
         133  0.0000000E+00
         134  0.0000000E+00
         135  0.0000000E+00
         136  0.0000000E+00
         137  0.0000000E+00
         138  0.0000000E+00
         139  0.0000000E+00
         140  0.0000000E+00
         141  0.0000000E+00
         142  0.0000000E+00
         143  0.0000000E+00
         144  0.0000000E+00
         145  0.0000000E+00
         146  0.0000000E+00
         147  0.0000000E+00
         148  0.0000000E+00
         149  0.0000000E+00
         150  0.0000000E+00
         151  0.0000000E+00
         152  0.0000000E+00
         153  0.0000000E+00
         154  0.0000000E+00
         155  0.0000000E+00
         156  0.0000000E+00
         157  0.0000000E+00
         158  0.0000000E+00
         159  0.0000000E+00
         160  0.0000000E+00
         161   1.059062    
         162   2.118124    
         163   6.883902    
         164   12.70874    
         165   15.35640    
         166   15.88593    
         167   15.88593    
         168   16.41546    
         169   17.47452    
         170   19.06311    
         171   17.47452    
         172   19.06311    
         173   20.12217    
         174   18.00405    
         175   17.47452    
         176   14.29733    
         177   15.35640    
         178   19.06311    
         179   11.12015    
         180   19.59264    
         181   21.71077    
         182   28.06514    
         183   20.12217    
         184   15.35640    
         185   16.94499    
         186   21.18124    
         187   15.88593    
         188   16.41546    
         189   21.71077    
         190   20.12217    
         191   19.06311    
         192   20.12217    
         193   23.82889    
         194   25.94701    
         195   15.35640    
         196   20.65170    
         197   24.88795    
         198   18.53358    
         199   20.65170    
         200   21.18123    
         201   24.88795    
         202   22.76983    
         203   23.82889    
         204   23.82889    
         205   22.24030    
         206   23.29936    
         207   19.59264    
         208   20.65170    
         209   24.35842    
         210   32.30138    
         211   26.47654    
         212   22.76983    
         213   23.29936    
         214   25.41748    
         215   26.47654    
         216   29.12420    
         217   27.53561    
         218   19.59264    
         219   26.47654    
         220   25.41748    
         221   29.12420    
         222   24.35842    
         223   33.88998    
         224   28.06514    
         225   25.41748    
         226   30.18326    
         227   29.65373    
         228   33.88998    
         229   29.65373    
         230   29.12420    
         231   30.18326    
         232   35.47857    
         233   36.53763    
         234   30.18326    
         235   32.83091    
         236   37.59669    
         237   36.00810    
         238   40.24435    
         239   31.24232    
         240   34.41951    
         241   36.00810    
         242   34.41951    
         243   33.36045    
         244   45.53966    
         245   42.36247    
         246   38.65575    
         247   37.06716    
         248   45.01012    
         249   55.60074    
         250   50.83496    
         251   44.48059    
         252   64.07323    
         253   47.12825    
         254   45.53966    
         255   57.18933    
         256   64.07323    
         257   62.48465    
         258   56.65981    
         259   83.66588    
         260   69.36855    
         261   63.01418    
         262   83.13635    
         263   82.60682    
         264   96.37462    
         265   87.90213    
         266   109.0834    
         267   106.4357    
         268   108.0243    
         269   152.5049    
         270   117.5559    
         271   144.5619    
         272   135.0304    
         273   169.4499    
         274   151.9754    
         275   153.0344    
         276   162.5660    
         277   164.6841    
         278   152.5049    
         279   157.8002    
         280   180.0405    
         281   155.1525    
         282   167.8613    
         283   157.2707    
         284   149.3277    
         285   146.6801    
         286   148.2686    
         287   144.0324    
         288   146.1505    
         289   132.9122    
         290   157.8002    
         291   134.5008    
         292   140.8552    
         293   147.7391    
         294   142.4438    
         295   126.0284    
         296   143.5029    
         297   148.2686    
         298   141.3848    
         299   142.4438    
         300   143.5029    
         301   154.6230    
         302   143.5029    
         303   156.2116    
         304   142.9733    
         305   156.2116    
         306   141.3848    
         307   160.9774    
         308   153.0344    
         309   149.3277    
         310   162.0365    
         311   164.6841    
         312   150.3868    
         313   165.7432    
         314   174.2157    
         315   172.6271    
         316   173.1566    
         317   172.0975    
         318   188.5130    
         319   180.0405    
         320   190.1016    
         321   203.8694    
         322   193.2788    
         323   209.6942    
         324   205.9875    
         325   202.8103    
         326   210.2238    
         327   203.8694    
         328   226.6392    
         329   219.7553    
         330   204.9285    
         331   227.1687    
         332   226.1097    
         333   222.9325    
         334   221.8734    
         335   239.8775    
         336   233.5231    
         337   235.6413    
         338   223.9916    
         339   238.8184    
         340   232.9936    
         341   244.1137    
         342   236.1708    
         343   229.2869    
         344   230.8755    
         345   235.1117    
         346   222.4030    
         347   228.2278    
         348   219.7553    
         349   222.9325    
         350   223.9916    
         351   205.4580    
         352   210.2238    
         353   222.9325    
         354   206.5170    
         355   212.3419    
         356   209.6942    
         357   225.0506    
         358   194.8674    
         359   226.6392    
         360   198.0446    
         361   214.4600    
         362   211.8123    
         363   202.8103    
         364   218.1667    
         365   198.0446    
         366   217.1077    
         367   207.0466    
         368   210.2238    
         369   217.1077    
         370   199.6331    
         371   220.2849    
         372   218.6963    
         373   217.6372    
         374   230.8755    
         375   204.9285    
         376   228.2278    
         377   220.2849    
         378   225.0506    
         379   221.8734    
         380   213.9305    
         381   229.2869    
         382   229.8164    
         383   217.6372    
         384   225.5802    
         385   216.0486    
         386   232.9936    
         387   218.1667    
         388   216.5781    
         389   228.7573    
         390   228.7573    
         391   245.1728    
         392   238.2889    
         393   228.2278    
         394   237.7594    
         395   236.1708    
         396   239.8775    
         397   230.8755    
         398   249.9386    
         399   242.5251    
         400   241.9956    
         401   251.5272    
         402   246.7614    
         403   254.7044    
         404   263.1768    
         405   239.8775    
         406   264.7654    
         407   261.0587    
         408   265.8245    
         409   266.8836    
         410   262.1178    
         411   270.0608    
         412   276.4151    
         413   279.5923    
         414   277.4742    
         415   281.1809    
         416   290.1829    
         417   289.1239    
         418   289.1239    
         419   292.3011    
         420   314.5414    
         421   310.8346    
         422   336.2521    
         423   318.2480    
         424   315.0709    
         425   319.8366    
         426   322.4843    
         427   340.4883    
         428   342.6065    
         429   342.6065    
         430   369.0830    
         431   348.4313    
         432   370.6716    
         433   380.7327    
         434   355.3152    
         435   393.4414    
         436   394.5005    
         437   417.2703    
         438   400.3253    
         439   403.5025    
         440   406.1502    
         441   414.0931    
         442   413.5636    
         443   416.2113    
         444   418.8589    
         445   423.0952    
         446   405.0911    
         447   442.1583    
         448   408.7979    
         449   425.7428    
         450   418.8589    
         451   426.8019    
         452   412.5045    
         453   447.4536    
         454   439.5106    
         455   443.7469    
         456   427.8610    
         457   446.9241    
         458   445.8650    
         459   468.6348    
         460   451.6898    
         461   468.6348    
         462   474.4597    
         463   474.9892    
         464   504.6429    
         465   500.4067    
         466   508.3496    
         467   499.8772    
         468   550.1826    
         469   505.7020    
         470   514.7040    
         471   521.0584    
         472   527.4128    
         473   551.2416    
         474   540.1215    
         475   556.0074    
         476   563.9504    
         477   564.4799    
         478   556.0074    
         479   602.0766    
         480   549.1235    
         481   593.6041    
         482   613.7263    
         483   574.5410    
         484   592.0155    
         485   624.8464    
         486   587.7793    
         487   590.4269    
         488   614.7853    
         489   603.1357    
         490   637.0256    
         491   634.9075    
         492   607.3719    
         493   623.7874    
         494   652.9116    
         495   646.0276    
         496   613.1968    
         497   686.8016    
         498   658.7364    
         499   667.7385    
         500   702.1580    
         501   661.9136    
         502   704.8056    
         503   683.0948    
         504   697.9217    
         505   683.6244    
         506   654.5002    
         507   704.8056    
         508   749.2862    
         509   705.3351    
         510   682.0358    
         511   700.5693    
         512   723.8687    
         513   675.1519    
         514   736.0479    
         515   702.6875    
         516   725.4573    
         517   729.6935    
         518   745.5795    
         519   679.9177    
         520   716.9848    
         521   740.2842    
         522   716.9848    
         523   709.0419    
         524   733.9298    
         525   769.9379    
         526   678.3290    
         527   747.1681    
         528   729.1640    
         529   733.4003    
         530   703.7465    
         531   750.3453    
         532   752.9929    
         533   780.5285    
         534   710.1009    
         535   760.9359    
         536   722.8096    
         537   770.9969    
         538   758.8177    
         539   755.1110    
         540   733.4003    
         541   784.7648    
         542   750.8748    
         543   767.8198    
         544   800.1212    
         545   811.2413    
         546   812.8299    
         547   787.4124    
         548   780.5285    
         549   800.1212    
         550   842.4836    
         551   816.0071    
         552   809.1232    
         553   852.0152    
         554   864.1944    
         555   902.8502    
         556   860.4877    
         557   887.4938    
         558   867.3716    
         559   887.4938    
         560   888.0233    
         561   891.2005    
         562   881.1394    
         563   861.5468    
         564   909.2045    
         565   880.6099    
         566   876.9031    
         567   878.4917    
         568   899.1434    
         569   909.7341    
         570   890.6710    
         571   873.7260    
         572   875.8441    
         573   863.6649    
         574   885.9052    
         575   874.7850    
         576   874.2555    
         577   864.7239    
         578   876.9031    
         579   887.4938    
         580   886.4347    
         581   877.9622    
         582   889.0823    
         583   859.9581    
         584   881.1394    
         585   866.3125    
         586   868.9602    
         587   853.0743    
         588   866.8420    
         589   855.1924    
         590   856.7809    
         591   844.0722    
         592   867.3716    
         593   819.1843    
         594   869.4897    
         595   847.2494    
         596   856.2515    
         597   874.2555    
         598   873.1964    
         599   848.8380    
         600   866.3125    
         601   864.1944    
         602   860.4877    
         603   860.4877    
         604   853.0742    
         605   852.0152    
         606   867.3716    
         607   838.7769    
         608   866.3125    
         609   852.5447    
         610   844.6017    
         611   844.0722    
         612   847.2494    
         613   845.6608    
         614   839.8360    
         615   847.2494    
         616   839.3065    
         617   858.3696    
         618   852.0152    
         619   818.6547    
         620   864.7239    
         621   856.7809    
         622   843.5427    
         623   851.4857    
         624   841.9541    
         625   844.0722    
         626   822.3615    
         627   859.9581    
         628   832.9521    
         629   839.3065    
         630   839.3065    
         631   847.2494    
         632   845.6608    
         633   812.3004    
         634   836.1293    
         635   811.7709    
         636   845.6608    
         637   807.0051    
         638   823.4205    
         639   812.8299    
         640   835.0702    
         641   779.9990    
         642   821.8319    
         643   798.0031    
         644   828.7158    
         645   792.7078    
         646   816.5366    
         647   776.2923    
         648   792.7077    
         649   800.1212    
         650   764.1130    
         651   790.5896    
         652   770.9969    
         653   773.6447    
         654   767.8198    
         655   754.0520    
         656   772.5856    
         657   756.1701    
         658   764.1130    
         659   750.8748    
         660   725.4573    
         661   763.5836    
         662   741.3433    
         663   758.2882    
         664   761.4654    
         665   731.8117    
         666   737.6365    
         667   731.2822    
         668   733.4003    
         669   749.2862    
         670   742.4023    
         671   756.6996    
         672   719.1030    
         673   727.0459    
         674   757.2292    
         675   709.0419    
         676   761.9949    
         677   738.1661    
         678   728.1050    
         679   759.8768    
         680   724.3983    
         681   747.1681    
         682   746.1090    
         683   736.0479    
         684   716.9848    
         685   741.3433    
         686   742.9318    
         687   720.1620    
         688   740.8137    
         689   743.9909    
         690   757.2292    
         691   746.1090    
         692   732.3412    
         693   755.6406    
         694   760.4064    
         695   768.3493    
         696   754.5815    
         697   779.9990    
         698   801.1802    
         699   779.4695    
         700   793.2372    
         701   817.5957    
         702   801.7098    
         703   829.7749    
         704   822.8910    
         705   841.9541    
         706   875.3146    
         707   864.1944    
         708   874.7850    
         709   933.0334    
         710   943.0945    
         711   962.6871    
         712   961.6281    
         713   1036.292    
         714   1037.351    
         715   1098.247    
         716   1122.076    
         717   1163.379    
         718   1272.463    
         719   1341.831    
         720   1411.200    
         721   1499.102    
         722   1593.358    
         723   1725.741    
         724   1907.370    
         725   2057.757    
         726   2497.268    
         727   2673.601    
         728   2322.522    
         729   1881.953    
         730   1491.159    
         731   1330.711    
         732   1131.078    
         733   1020.936    
         734   897.5549    
         735   823.4205    
         736   774.1741    
         737   722.2802    
         738   666.1498    
         739   653.9706    
         740   595.1927    
         741   570.8343    
         742   543.2987    
         743   531.1194    
         744   504.1134    
         745   492.9933    
         746   489.2865    
         747   459.6328    
         748   457.5147    
         749   442.6878    
         750   425.7428    
         751   424.6838    
         752   420.4475    
         753   407.7388    
         754   396.6186    
         755   401.3844    
         756   380.7327    
         757   373.8488    
         758   365.3763    
         759   358.4924    
         760   353.7266    
         761   368.5535    
         762   340.4883    
         763   349.4904    
         764   336.7816    
         765   341.5474    
         766   333.6045    
         767   341.0179    
         768   324.6024    
         769   311.3642    
         770   327.2501    
         771   325.6615    
         772   327.7796    
         773   308.1870    
         774   310.3051    
         775   306.0688    
         776   313.4823    
         777   310.8346    
         778   305.0098    
         779   292.3011    
         780   310.8346    
         781   296.5373    
         782   298.6554    
         783   297.5963    
         784   298.1259    
         785   298.6554    
         786   290.7125    
         787   300.7735    
         788   299.1849    
         789   282.2400    
         790   283.8286    
         791   283.8286    
         792   274.2970    
         793   261.5883    
         794   291.7715    
         795   269.5312    
         796   265.8245    
         797   266.3540    
         798   276.4151    
         799   248.3500    
         800   265.2950    
         801   261.0587    
         802   245.7023    
         803   255.2339    
         804   253.1158    
         805   249.4090    
         806   244.1137    
         807   235.6412    
         808   243.5842    
         809   234.5822    
         810   239.3480    
         811   237.7594    
         812   245.7023    
         813   221.3439    
         814   218.6963    
         815   228.2278    
         816   229.8164    
         817   205.9875    
         818   230.3459    
         819   204.3989    
         820   201.2217    
         821   202.2808    
         822   192.7492    
         823   202.2808    
         824   187.9835    
         825   199.1036    
         826   169.9794    
         827   199.6331    
         828   177.3929    
         829   178.4519    
         830   187.9835    
         831   163.0955    
         832   173.6861    
         833   174.7452    
         834   158.3297    
         835   163.0955    
         836   158.3297    
         837   158.3297    
         838   148.7982    
         839   155.1526    
         840   151.4458    
         841   148.2686    
         842   138.7371    
         843   146.6801    
         844   131.3237    
         845   130.7941    
         846   144.5619    
         847   130.2646    
         848   135.5599    
         849   112.2606    
         850   130.7941    
         851   110.6720    
         852   119.1444    
         853   113.3196    
         854   114.9082    
         855   108.0243    
         856   113.3196    
         857   103.2585    
         858   109.0834    
         859   106.4357    
         860   102.7290    
         861   106.9652    
         862   101.6699    
         863   91.60884    
         864   106.9652    
         865   98.49274    
         866   92.66791    
         867   96.37462    
         868   104.3176    
         869   91.07932    
         870   89.49072    
         871   103.2585    
         872   95.31556    
         873   94.25650    
         874   92.66791    
         875   86.31354    
         876   99.02228    
         877   87.37260    
         878   87.37260    
         879   93.72697    
         880   87.90213    
         881   86.84306    
         882   88.96119    
         883   94.78603    
         884   88.96119    
         885   93.72697    
         886   95.31556    
         887   85.78400    
         888   98.49274    
         889   80.48869    
         890   91.07932    
         891   90.02025    
         892   92.13837    
         893   87.37260    
         894   86.84306    
         895   81.54776    
         896   86.31354    
         897   90.02025    
         898   81.01823    
         899   82.60682    
         900   84.72495    
         901   92.66791    
         902   77.84104    
         903   89.49072    
         904   75.19338    
         905   85.78400    
         906   85.25447    
         907   79.95917    
         908   67.77995    
         909   83.66588    
         910   78.90010    
         911   82.07729    
         912   76.25245    
         913   78.90010    
         914   78.37057    
         915   82.07729    
         916   79.95917    
         917   73.60479    
         918   74.13432    
         919   78.90010    
         920   78.90010    
         921   70.95714    
         922   75.72292    
         923   83.66588    
         924   66.72089    
         925   69.36855    
         926   72.01620    
         927   74.66386    
         928   76.25245    
         929   68.30949    
         930   72.54573    
         931   73.60479    
         932   73.60479    
         933   72.54573    
         934   81.01823    
         935   72.54573    
         936   69.89808    
         937   67.25042    
         938   74.13432    
         939   72.01620    
         940   72.54573    
         941   76.25245    
         942   65.13230    
         943   69.89808    
         944   78.90010    
         945   68.83901    
         946   79.95916    
         947   65.66183    
         948   80.48869    
         949   65.13230    
         950   76.25245    
         951   81.54776    
         952   70.95714    
         953   79.42963    
         954   78.90010    
         955   79.95916    
         956   74.66386    
         957   83.66588    
         958   76.78197    
         959   69.36855    
         960   84.19541    
         961   82.07729    
         962   78.90010    
         963   78.37057    
         964   80.48869    
         965   77.31151    
         966   91.07932    
         967   79.95917    
         968   78.37057    
         969   82.60682    
         970   86.31354    
         971   88.43166    
         972   94.78603    
         973   83.13635    
         974   89.49072    
         975   86.84306    
         976   97.96321    
         977   94.25650    
         978   85.25447    
         979   91.60884    
         980   107.4948    
         981   96.90415    
         982   92.66791    
         983   87.90213    
         984   103.2585    
         985   93.19743    
         986   93.19743    
         987   92.66791    
         988   99.02228    
         989   95.31556    
         990   92.13837    
         991   95.84509    
         992   92.13837    
         993   84.72495    
         994   101.1404    
         995   96.37462    
         996   97.43369    
         997   86.84306    
         998   91.60884    
         999   102.7290    
        1000   87.37260    
        1001   96.37462    
        1002   91.07932    
        1003   94.25650    
        1004   94.25650    
        1005   93.19743    
        1006   100.0813    
        1007   95.84509    
        1008   83.66588    
        1009   105.9062    
        1010   87.90213    
        1011   92.66791    
        1012   85.25447    
        1013   90.54978    
        1014   86.84306    
        1015   87.90213    
        1016   87.37260    
        1017   96.90415    
        1018   86.31354    
        1019   87.90213    
        1020   81.54775    
        1021   94.25650    
        1022   78.37057    
        1023   87.90213    
        1024   80.48869    
