 #   Y    A
           1  0.0000000E+00
           2  0.0000000E+00
           3  0.0000000E+00
           4  0.0000000E+00
           5  0.0000000E+00
           6  0.0000000E+00
           7  0.0000000E+00
           8  0.0000000E+00
           9  0.0000000E+00
          10  0.0000000E+00
          11  0.0000000E+00
          12  0.0000000E+00
          13  0.0000000E+00
          14  0.0000000E+00
          15  0.0000000E+00
          16  0.0000000E+00
          17  0.0000000E+00
          18  0.0000000E+00
          19  0.0000000E+00
          20  0.0000000E+00
          21  0.0000000E+00
          22  0.0000000E+00
          23  0.0000000E+00
          24  0.0000000E+00
          25  0.0000000E+00
          26  0.0000000E+00
          27  0.0000000E+00
          28  0.0000000E+00
          29  0.0000000E+00
          30  0.0000000E+00
          31  0.0000000E+00
          32  0.0000000E+00
          33  0.0000000E+00
          34  0.0000000E+00
          35  0.0000000E+00
          36  0.0000000E+00
          37  0.0000000E+00
          38  0.0000000E+00
          39  0.0000000E+00
          40  0.0000000E+00
          41  0.0000000E+00
          42  0.0000000E+00
          43  0.0000000E+00
          44  0.0000000E+00
          45  0.0000000E+00
          46  0.0000000E+00
          47  0.0000000E+00
          48  0.0000000E+00
          49  0.0000000E+00
          50  0.0000000E+00
          51  0.0000000E+00
          52  0.0000000E+00
          53  0.0000000E+00
          54  0.0000000E+00
          55  0.0000000E+00
          56  0.0000000E+00
          57  0.0000000E+00
          58  0.0000000E+00
          59  0.0000000E+00
          60  0.0000000E+00
          61  0.0000000E+00
          62  0.0000000E+00
          63  0.0000000E+00
          64  0.0000000E+00
          65  0.0000000E+00
          66  0.0000000E+00
          67  0.0000000E+00
          68  0.0000000E+00
          69  0.0000000E+00
          70  0.0000000E+00
          71  0.0000000E+00
          72  0.0000000E+00
          73  0.0000000E+00
          74  0.0000000E+00
          75  0.0000000E+00
          76  0.0000000E+00
          77  0.0000000E+00
          78  0.0000000E+00
          79  0.0000000E+00
          80  0.0000000E+00
          81  0.0000000E+00
          82  0.0000000E+00
          83  0.0000000E+00
          84  0.0000000E+00
          85  0.0000000E+00
          86  0.0000000E+00
          87  0.0000000E+00
          88  0.0000000E+00
          89  0.0000000E+00
          90  0.0000000E+00
          91  0.0000000E+00
          92  0.0000000E+00
          93  0.0000000E+00
          94  0.0000000E+00
          95  0.0000000E+00
          96  0.0000000E+00
          97  0.0000000E+00
          98  0.0000000E+00
          99  0.0000000E+00
         100  0.0000000E+00
         101  0.0000000E+00
         102  0.0000000E+00
         103  0.0000000E+00
         104  0.0000000E+00
         105  0.0000000E+00
         106  0.0000000E+00
         107  0.0000000E+00
         108  0.0000000E+00
         109  0.0000000E+00
         110  0.0000000E+00
         111  0.0000000E+00
         112  0.0000000E+00
         113  0.0000000E+00
         114  0.0000000E+00
         115  0.0000000E+00
         116  0.0000000E+00
         117  0.0000000E+00
         118  0.0000000E+00
         119  0.0000000E+00
         120  0.0000000E+00
         121  0.0000000E+00
         122  0.0000000E+00
         123  0.0000000E+00
         124  0.0000000E+00
         125  0.0000000E+00
         126  0.0000000E+00
         127  0.0000000E+00
         128  0.0000000E+00
         129  0.0000000E+00
         130  0.0000000E+00
         131  0.0000000E+00
         132  0.0000000E+00
         133  0.0000000E+00
         134  0.0000000E+00
         135  0.0000000E+00
         136  0.0000000E+00
         137  0.0000000E+00
         138  0.0000000E+00
         139  0.0000000E+00
         140  0.0000000E+00
         141  0.0000000E+00
         142  0.0000000E+00
         143  0.0000000E+00
         144  0.0000000E+00
         145  0.0000000E+00
         146  0.0000000E+00
         147  0.0000000E+00
         148  0.0000000E+00
         149  0.0000000E+00
         150  0.0000000E+00
         151  0.0000000E+00
         152  0.0000000E+00
         153  0.0000000E+00
         154  0.0000000E+00
         155  0.0000000E+00
         156  0.0000000E+00
         157  0.0000000E+00
         158  0.0000000E+00
         159  0.0000000E+00
         160  0.0000000E+00
         161  0.0000000E+00
         162  0.0000000E+00
         163  0.0000000E+00
         164  0.0000000E+00
         165  0.0000000E+00
         166  0.0000000E+00
         167  0.0000000E+00
         168  0.0000000E+00
         169  0.0000000E+00
         170  0.0000000E+00
         171  0.0000000E+00
         172  0.0000000E+00
         173  0.0000000E+00
         174  0.0000000E+00
         175  0.0000000E+00
         176  0.0000000E+00
         177  0.0000000E+00
         178  0.0000000E+00
         179  0.0000000E+00
         180  0.0000000E+00
         181  0.0000000E+00
         182  0.0000000E+00
         183  0.0000000E+00
         184  0.0000000E+00
         185  0.0000000E+00
         186  0.0000000E+00
         187  0.0000000E+00
         188  0.0000000E+00
         189  0.0000000E+00
         190  0.0000000E+00
         191  0.0000000E+00
         192  0.0000000E+00
         193  0.0000000E+00
         194  0.0000000E+00
         195  0.0000000E+00
         196  0.0000000E+00
         197  0.0000000E+00
         198  0.0000000E+00
         199  0.0000000E+00
         200  0.0000000E+00
         201  0.0000000E+00
         202  0.0000000E+00
         203  0.0000000E+00
         204  0.0000000E+00
         205  0.0000000E+00
         206  0.0000000E+00
         207  0.0000000E+00
         208  0.0000000E+00
         209  0.0000000E+00
         210  0.0000000E+00
         211  0.0000000E+00
         212  0.0000000E+00
         213  0.0000000E+00
         214  0.0000000E+00
         215  0.0000000E+00
         216  0.0000000E+00
         217  0.0000000E+00
         218  0.0000000E+00
         219  0.0000000E+00
         220  0.0000000E+00
         221  0.0000000E+00
         222  0.0000000E+00
         223  0.0000000E+00
         224  0.0000000E+00
         225  0.0000000E+00
         226  0.0000000E+00
         227  0.0000000E+00
         228  0.0000000E+00
         229  0.0000000E+00
         230  0.0000000E+00
         231  0.0000000E+00
         232  0.0000000E+00
         233  0.0000000E+00
         234  0.0000000E+00
         235  0.0000000E+00
         236  0.0000000E+00
         237  0.0000000E+00
         238  0.0000000E+00
         239  0.0000000E+00
         240  0.0000000E+00
         241  0.0000000E+00
         242  0.0000000E+00
         243  0.0000000E+00
         244  0.0000000E+00
         245  0.0000000E+00
         246  0.0000000E+00
         247  0.0000000E+00
         248  0.0000000E+00
         249  0.0000000E+00
         250  0.0000000E+00
         251  0.0000000E+00
         252  0.0000000E+00
         253  0.0000000E+00
         254  0.0000000E+00
         255  0.0000000E+00
         256  0.0000000E+00
         257  0.0000000E+00
         258  0.0000000E+00
         259  0.0000000E+00
         260  0.0000000E+00
         261  0.0000000E+00
         262  0.0000000E+00
         263  0.0000000E+00
         264  0.0000000E+00
         265  0.0000000E+00
         266  0.0000000E+00
         267  0.0000000E+00
         268  0.0000000E+00
         269  0.0000000E+00
         270  0.0000000E+00
         271  0.0000000E+00
         272  0.0000000E+00
         273  0.0000000E+00
         274  0.0000000E+00
         275  0.0000000E+00
         276  0.0000000E+00
         277  0.0000000E+00
         278  0.0000000E+00
         279  0.0000000E+00
         280  0.0000000E+00
         281  0.0000000E+00
         282  0.0000000E+00
         283  0.0000000E+00
         284  0.0000000E+00
         285  0.0000000E+00
         286   1.059062    
         287   7.413432    
         288   12.17921    
         289   16.94499    
         290   21.18124    
         291   19.59264    
         292   21.18124    
         293   25.41748    
         294   23.29936    
         295   27.00607    
         296   27.53561    
         297   15.88593    
         298   28.06514    
         299   18.00405    
         300   25.94701    
         301   38.12622    
         302   25.94701    
         303   21.18124    
         304   29.65373    
         305   19.06311    
         306   29.12420    
         307   25.41748    
         308   25.94701    
         309   30.18326    
         310   29.65373    
         311   21.71077    
         312   27.53561    
         313   26.47654    
         314   29.12420    
         315   31.77185    
         316   30.18326    
         317   33.36045    
         318   25.41748    
         319   28.06514    
         320   26.47654    
         321   39.71482    
         322   36.53763    
         323   29.12420    
         324   30.71279    
         325   34.41951    
         326   30.71279    
         327   25.41748    
         328   29.65373    
         329   30.71279    
         330   29.65373    
         331   33.36045    
         332   29.12420    
         333   42.36247    
         334   38.65575    
         335   30.18326    
         336   36.00810    
         337   29.12420    
         338   33.88998    
         339   30.71279    
         340   43.42153    
         341   36.53763    
         342   41.83294    
         343   41.83294    
         344   32.83091    
         345   39.18528    
         346   39.71482    
         347   31.77185    
         348   36.00810    
         349   37.06716    
         350   55.60074    
         351   37.06716    
         352   42.89200    
         353   39.71482    
         354   37.59669    
         355   43.95107    
         356   57.71887    
         357   45.53966    
         358   58.24840    
         359   47.65778    
         360   41.83294    
         361   42.89200    
         362   56.13027    
         363   49.24637    
         364   47.65778    
         365   52.42356    
         366   60.36652    
         367   60.89605    
         368   48.71684    
         369   59.83699    
         370   54.01215    
         371   61.95511    
         372   61.42558    
         373   66.19136    
         374   79.42963    
         375   63.01418    
         376   73.60479    
         377   78.37057    
         378   77.31151    
         379   77.31151    
         380   82.60682    
         381   91.60884    
         382   100.6109    
         383   92.13837    
         384   99.55180    
         385   102.1995    
         386   106.9652    
         387   115.9673    
         388   124.9693    
         389   131.8532    
         390   131.8532    
         391   146.1505    
         392   157.2707    
         393   176.3338    
         394   179.5110    
         395   181.0996    
         396   202.8103    
         397   212.3419    
         398   210.7533    
         399   227.6983    
         400   254.7044    
         401   263.1768    
         402   278.0037    
         403   278.0037    
         404   274.8265    
         405   291.2420    
         406   301.8326    
         407   311.3642    
         408   288.5943    
         409   317.7185    
         410   298.1259    
         411   324.6024    
         412   306.0688    
         413   310.8346    
         414   303.9507    
         415   330.9568    
         416   296.5373    
         417   310.3051    
         418   304.4803    
         419   321.9548    
         420   338.3702    
         421   332.0159    
         422   371.7307    
         423   342.6065    
         424   363.2582    
         425   375.9669    
         426   401.3844    
         427   419.9180    
         428   423.0952    
         429   450.1013    
         430   508.8792    
         431   533.7672    
         432   541.1805    
         433   599.4290    
         434   597.3109    
         435   568.1866    
         436   605.2538    
         437   632.7894    
         438   633.3189    
         439   656.0887    
         440   662.4431    
         441   695.8036    
         442   688.9197    
         443   694.2150    
         444   745.0499    
         445   790.0601    
         446   800.6507    
         447   864.1944    
         448   874.2555    
         449   855.7219    
         450   920.3247    
         451   884.3166    
         452   957.3918    
         453   942.0355    
         454   962.6871    
         455   915.5589    
         456   982.8093    
         457   970.1006    
         458   944.6831    
         459   957.9214    
         460   957.9214    
         461   894.3777    
         462   959.5099    
         463   938.8583    
         464   912.9113    
         465   922.4428    
         466   899.1434    
         467   930.9153    
         468   885.9052    
         469   965.3348    
         470   938.8583    
         471   943.6240    
         472   936.7401    
         473   955.2737    
         474   956.3328    
         475   965.8643    
         476   989.1637    
         477   983.3389    
         478   1035.233    
         479   1001.343    
         480   1034.174    
         481   1044.764    
         482   1094.011    
         483   1051.648    
         484   1085.009    
         485   1077.066    
         486   1111.485    
         487   1082.361    
         488   1117.840    
         489   1074.948    
         490   1116.251    
         491   1114.662    
         492   1100.895    
         493   1133.726    
         494   1091.893    
         495   1139.021    
         496   1115.722    
         497   1135.314    
         498   1137.962    
         499   1148.023    
         500   1113.074    
         501   1144.846    
         502   1148.552    
         503   1161.261    
         504   1184.561    
         505   1151.730    
         506   1206.271    
         507   1162.320    
         508   1198.328    
         509   1186.679    
         510   1196.740    
         511   1227.982    
         512   1181.383    
         513   1216.862    
         514   1200.976    
         515   1207.330    
         516   1243.868    
         517   1226.923    
         518   1233.807    
         519   1223.216    
         520   1227.453    
         521   1243.339    
         522   1244.927    
         523   1253.400    
         524   1249.693    
         525   1262.402    
         526   1299.469    
         527   1274.581    
         528   1321.709    
         529   1331.770    
         530   1359.306    
         531   1358.776    
         532   1383.664    
         533   1439.794    
         534   1413.318    
         535   1420.731    
         536   1429.733    
         537   1440.324    
         538   1457.269    
         539   1495.395    
         540   1473.155    
         541   1527.167    
         542   1476.862    
         543   1460.446    
         544   1497.513    
         545   1454.621    
         546   1475.803    
         547   1453.562    
         548   1460.446    
         549   1449.856    
         550   1478.980    
         551   1484.805    
         552   1492.218    
         553   1476.332    
         554   1503.338    
         555   1582.768    
         556   1539.876    
         557   1562.646    
         558   1618.776    
         559   1637.309    
         560   1654.784    
         561   1718.857    
         562   1744.804    
         563   1805.700    
         564   1819.998    
         565   1957.676    
         566   2031.810    
         567   2072.054    
         568   2219.793    
         569   2258.449    
         570   2435.842    
         571   2470.791    
         572   2782.685    
         573   2924.070    
         574   3130.587    
         575   3422.888    
         576   3943.417    
         577   4374.984    
         578   5342.437    
         579   6209.809    
         580   6431.152    
         581   6151.560    
         582   5020.482    
         583   4201.828    
         584   3462.603    
         585   2918.245    
         586   2794.864    
         587   2497.797    
         588   2232.502    
         589   2093.236    
         590   2012.747    
         591   1883.012    
         592   1816.291    
         593   1745.863    
         594   1672.259    
         595   1621.424    
         596   1570.059    
         597   1499.102    
         598   1507.574    
         599   1425.497    
         600   1365.660    
         601   1290.996    
         602   1310.589    
         603   1272.463    
         604   1218.451    
         605   1216.332    
         606   1176.088    
         607   1159.673    
         608   1108.308    
         609   1130.548    
         610   1103.013    
         611   1113.074    
         612   1128.960    
         613   1047.942    
         614   1041.058    
         615   1009.286    
         616   982.8093    
         617   975.9254    
         618   969.0415    
         619   940.9764    
         620   929.8563    
         621   899.1434    
         622   880.6099    
         623   863.6649    
         624   861.0172    
         625   857.3105    
         626   861.0172    
         627   819.1843    
         628   838.7769    
         629   840.3655    
         630   787.4124    
         631   804.8870    
         632   812.8299    
         633   764.6426    
         634   810.1823    
         635   822.8910    
         636   745.5795    
         637   736.0479    
         638   759.8768    
         639   748.2271    
         640   727.0459    
         641   723.3392    
         642   707.4532    
         643   722.8096    
         644   680.9767    
         645   693.6854    
         646   677.7995    
         647   673.0338    
         648   653.4411    
         649   637.0256    
         650   682.5653    
         651   638.0847    
         652   647.0867    
         653   625.9055    
         654   633.3189    
         655   619.0216    
         656   621.6693    
         657   585.1316    
         658   598.8994    
         659   564.4799    
         660   588.8383    
         661   575.0706    
         662   578.2477    
         663   554.4188    
         664   536.4148    
         665   538.0034    
         666   533.7672    
         667   535.8853    
         668   527.4128    
         669   521.0584    
         670   526.3537    
         671   515.2335    
         672   507.2906    
         673   509.9382    
         674   497.7590    
         675   503.5839    
         676   498.2885    
         677   510.4678    
         678   470.7530    
         679   497.2295    
         680   476.0483    
         681   473.9301    
         682   470.2234    
         683   473.9301    
         684   485.0503    
         685   455.9261    
         686   460.1623    
         687   462.2805    
         688   476.0482    
         689   456.9851    
         690   448.5127    
         691   466.5167    
         692   442.1583    
         693   458.0442    
         694   456.4556    
         695   433.1562    
         696   467.0462    
         697   449.0422    
         698   449.5717    
         699   422.0361    
         700   441.6288    
         701   468.1053    
         702   421.5066    
         703   421.5066    
         704   443.2173    
         705   415.6817    
         706   419.9180    
         707   424.6838    
         708   417.2703    
         709   401.3844    
         710   407.7388    
         711   398.7368    
         712   400.8549    
         713   370.6716    
         714   391.3233    
         715   382.8508    
         716   349.4904    
         717   384.4394    
         718   346.3132    
         719   359.5515    
         720   341.0179    
         721   335.7226    
         722   308.1870    
         723   326.1910    
         724   306.0688    
         725   310.3051    
         726   310.8346    
         727   284.3581    
         728   287.5353    
         729   292.8306    
         730   265.2950    
         731   266.3540    
         732   278.0037    
         733   252.5862    
         734   263.7064    
         735   247.2909    
         736   268.4722    
         737   227.6983    
         738   239.8775    
         739   243.0547    
         740   231.4050    
         741   227.6983    
         742   219.2258    
         743   214.9895    
         744   197.5150    
         745   176.3338    
         746   172.0975    
         747   171.0385    
         748   174.7452    
         749   163.6250    
         750   164.6841    
         751   166.8022    
         752   150.3868    
         753   171.0385    
         754   140.3257    
         755   157.2707    
         756   149.3277    
         757   146.1505    
         758   146.1505    
         759   136.0894    
         760   152.5049    
         761   137.6780    
         762   141.9143    
         763   140.8552    
         764   127.0874    
         765   133.9713    
         766   132.9122    
         767   136.6190    
         768   126.5579    
         769   126.0284    
         770   134.5008    
         771   119.1444    
         772   128.1465    
         773   128.6760    
         774   108.0243    
         775   129.2055    
         776   122.8512    
         777   104.3176    
         778   116.4968    
         779   132.3827    
         780   96.37462    
         781   117.5559    
         782   109.6129    
         783   119.1444    
         784   107.4948    
         785   101.1404    
         786   114.3787    
         787   112.7901    
         788   105.9062    
         789   106.9652    
         790   96.90415    
         791   101.1404    
         792   106.9652    
         793   101.1404    
         794   100.0813    
         795   94.78603    
         796   111.7310    
         797   96.37462    
         798   96.37462    
         799   88.43166    
         800   96.90415    
         801   94.78603    
         802   86.84306    
         803   95.84509    
         804   94.25650    
         805   87.37260    
         806   93.19743    
         807   84.72495    
         808   91.60884    
         809   87.90213    
         810   82.60682    
         811   78.90010    
         812   80.48869    
         813   88.43166    
         814   75.19338    
         815   83.13635    
         816   87.90213    
         817   73.60479    
         818   79.95917    
         819   76.25245    
         820   80.48869    
         821   72.54573    
         822   69.89808    
         823   74.66386    
         824   74.66386    
         825   75.72292    
         826   71.48667    
         827   77.84104    
         828   75.19338    
         829   65.13230    
         830   69.89808    
         831   72.54573    
         832   69.36855    
         833   77.31151    
         834   73.60479    
         835   78.37057    
         836   73.60479    
         837   104.8471    
         838   108.0243    
         839  0.0000000E+00
         840  0.0000000E+00
         841  0.0000000E+00
         842  0.0000000E+00
         843  0.0000000E+00
         844  0.0000000E+00
         845  0.0000000E+00
         846  0.0000000E+00
         847  0.0000000E+00
         848  0.0000000E+00
         849  0.0000000E+00
         850  0.0000000E+00
         851  0.0000000E+00
         852  0.0000000E+00
         853  0.0000000E+00
         854  0.0000000E+00
         855  0.0000000E+00
         856  0.0000000E+00
         857  0.0000000E+00
         858  0.0000000E+00
         859  0.0000000E+00
         860  0.0000000E+00
         861  0.0000000E+00
         862  0.0000000E+00
         863  0.0000000E+00
         864  0.0000000E+00
         865  0.0000000E+00
         866  0.0000000E+00
         867  0.0000000E+00
         868  0.0000000E+00
         869  0.0000000E+00
         870  0.0000000E+00
         871  0.0000000E+00
         872  0.0000000E+00
         873  0.0000000E+00
         874  0.0000000E+00
         875  0.0000000E+00
         876  0.0000000E+00
         877  0.0000000E+00
         878  0.0000000E+00
         879  0.0000000E+00
         880  0.0000000E+00
         881  0.0000000E+00
         882  0.0000000E+00
         883  0.0000000E+00
         884  0.0000000E+00
         885  0.0000000E+00
         886  0.0000000E+00
         887  0.0000000E+00
         888  0.0000000E+00
         889  0.0000000E+00
         890  0.0000000E+00
         891  0.0000000E+00
         892  0.0000000E+00
         893  0.0000000E+00
         894  0.0000000E+00
         895  0.0000000E+00
         896  0.0000000E+00
         897  0.0000000E+00
         898  0.0000000E+00
         899  0.0000000E+00
         900  0.0000000E+00
         901  0.0000000E+00
         902  0.0000000E+00
         903  0.0000000E+00
         904  0.0000000E+00
         905  0.0000000E+00
         906  0.0000000E+00
         907  0.0000000E+00
         908  0.0000000E+00
         909  0.0000000E+00
         910  0.0000000E+00
         911  0.0000000E+00
         912  0.0000000E+00
         913  0.0000000E+00
         914  0.0000000E+00
         915  0.0000000E+00
         916  0.0000000E+00
         917  0.0000000E+00
         918  0.0000000E+00
         919  0.0000000E+00
         920  0.0000000E+00
         921  0.0000000E+00
         922  0.0000000E+00
         923  0.0000000E+00
         924  0.0000000E+00
         925  0.0000000E+00
         926  0.0000000E+00
         927  0.0000000E+00
         928  0.0000000E+00
         929  0.0000000E+00
         930  0.0000000E+00
         931  0.0000000E+00
         932  0.0000000E+00
         933  0.0000000E+00
         934  0.0000000E+00
         935  0.0000000E+00
         936  0.0000000E+00
         937  0.0000000E+00
         938  0.0000000E+00
         939  0.0000000E+00
         940  0.0000000E+00
         941  0.0000000E+00
         942  0.0000000E+00
         943  0.0000000E+00
         944  0.0000000E+00
         945  0.0000000E+00
         946  0.0000000E+00
         947  0.0000000E+00
         948  0.0000000E+00
         949  0.0000000E+00
         950  0.0000000E+00
         951  0.0000000E+00
         952  0.0000000E+00
         953  0.0000000E+00
         954  0.0000000E+00
         955  0.0000000E+00
         956  0.0000000E+00
         957  0.0000000E+00
         958  0.0000000E+00
         959  0.0000000E+00
         960  0.0000000E+00
         961  0.0000000E+00
         962  0.0000000E+00
         963  0.0000000E+00
         964  0.0000000E+00
         965  0.0000000E+00
         966  0.0000000E+00
         967  0.0000000E+00
         968  0.0000000E+00
         969  0.0000000E+00
         970  0.0000000E+00
         971  0.0000000E+00
         972  0.0000000E+00
         973  0.0000000E+00
         974  0.0000000E+00
         975  0.0000000E+00
         976  0.0000000E+00
         977  0.0000000E+00
         978  0.0000000E+00
         979  0.0000000E+00
         980  0.0000000E+00
         981  0.0000000E+00
         982  0.0000000E+00
         983  0.0000000E+00
         984  0.0000000E+00
         985  0.0000000E+00
         986  0.0000000E+00
         987  0.0000000E+00
         988  0.0000000E+00
         989  0.0000000E+00
         990  0.0000000E+00
         991  0.0000000E+00
         992  0.0000000E+00
         993  0.0000000E+00
         994  0.0000000E+00
         995  0.0000000E+00
         996  0.0000000E+00
         997  0.0000000E+00
         998  0.0000000E+00
         999  0.0000000E+00
        1000  0.0000000E+00
        1001  0.0000000E+00
        1002  0.0000000E+00
        1003  0.0000000E+00
        1004  0.0000000E+00
        1005  0.0000000E+00
        1006  0.0000000E+00
        1007  0.0000000E+00
        1008  0.0000000E+00
        1009  0.0000000E+00
        1010  0.0000000E+00
        1011  0.0000000E+00
        1012  0.0000000E+00
        1013  0.0000000E+00
        1014  0.0000000E+00
        1015  0.0000000E+00
        1016  0.0000000E+00
        1017  0.0000000E+00
        1018  0.0000000E+00
        1019  0.0000000E+00
        1020  0.0000000E+00
        1021  0.0000000E+00
        1022  0.0000000E+00
        1023  0.0000000E+00
        1024  0.0000000E+00
