 #   Y    A
           1  0.0000000E+00
           2  0.0000000E+00
           3  0.0000000E+00
           4  0.0000000E+00
           5  0.0000000E+00
           6  0.0000000E+00
           7  0.0000000E+00
           8  0.0000000E+00
           9  0.0000000E+00
          10  0.0000000E+00
          11  0.0000000E+00
          12  0.0000000E+00
          13  0.0000000E+00
          14  0.0000000E+00
          15  0.0000000E+00
          16  0.0000000E+00
          17  0.0000000E+00
          18  0.0000000E+00
          19  0.0000000E+00
          20  0.0000000E+00
          21  0.0000000E+00
          22  0.0000000E+00
          23  0.0000000E+00
          24  0.0000000E+00
          25  0.0000000E+00
          26  0.0000000E+00
          27  0.0000000E+00
          28  0.0000000E+00
          29  0.0000000E+00
          30  0.0000000E+00
          31  0.0000000E+00
          32  0.0000000E+00
          33  0.0000000E+00
          34  0.0000000E+00
          35  0.0000000E+00
          36  0.0000000E+00
          37  0.0000000E+00
          38  0.0000000E+00
          39  0.0000000E+00
          40  0.0000000E+00
          41  0.0000000E+00
          42  0.0000000E+00
          43  0.0000000E+00
          44  0.0000000E+00
          45  0.0000000E+00
          46  0.0000000E+00
          47  0.0000000E+00
          48  0.0000000E+00
          49  0.0000000E+00
          50  0.0000000E+00
          51  0.0000000E+00
          52  0.0000000E+00
          53  0.0000000E+00
          54  0.0000000E+00
          55  0.0000000E+00
          56  0.0000000E+00
          57  0.0000000E+00
          58  0.0000000E+00
          59  0.0000000E+00
          60  0.0000000E+00
          61  0.0000000E+00
          62  0.0000000E+00
          63  0.0000000E+00
          64  0.0000000E+00
          65  0.0000000E+00
          66  0.0000000E+00
          67  0.0000000E+00
          68  0.0000000E+00
          69  0.0000000E+00
          70  0.0000000E+00
          71  0.0000000E+00
          72  0.0000000E+00
          73  0.0000000E+00
          74  0.0000000E+00
          75  0.0000000E+00
          76  0.0000000E+00
          77  0.0000000E+00
          78  0.0000000E+00
          79  0.0000000E+00
          80  0.0000000E+00
          81  0.0000000E+00
          82  0.0000000E+00
          83  0.0000000E+00
          84  0.0000000E+00
          85  0.0000000E+00
          86  0.0000000E+00
          87  0.0000000E+00
          88  0.0000000E+00
          89  0.0000000E+00
          90  0.0000000E+00
          91  0.0000000E+00
          92  0.0000000E+00
          93  0.0000000E+00
          94  0.0000000E+00
          95  0.0000000E+00
          96  0.0000000E+00
          97  0.0000000E+00
          98  0.0000000E+00
          99  0.0000000E+00
         100  0.0000000E+00
         101  0.0000000E+00
         102  0.0000000E+00
         103  0.0000000E+00
         104  0.0000000E+00
         105  0.0000000E+00
         106  0.0000000E+00
         107  0.0000000E+00
         108  0.0000000E+00
         109  0.0000000E+00
         110  0.0000000E+00
         111  0.0000000E+00
         112  0.0000000E+00
         113  0.0000000E+00
         114  0.0000000E+00
         115  0.0000000E+00
         116  0.0000000E+00
         117  0.0000000E+00
         118  0.0000000E+00
         119  0.0000000E+00
         120  0.0000000E+00
         121  0.0000000E+00
         122  0.0000000E+00
         123  0.0000000E+00
         124  0.0000000E+00
         125  0.0000000E+00
         126  0.0000000E+00
         127  0.0000000E+00
         128  0.0000000E+00
         129  0.0000000E+00
         130  0.0000000E+00
         131  0.0000000E+00
         132  0.0000000E+00
         133  0.0000000E+00
         134  0.0000000E+00
         135  0.0000000E+00
         136  0.0000000E+00
         137  0.0000000E+00
         138  0.0000000E+00
         139  0.0000000E+00
         140  0.0000000E+00
         141  0.0000000E+00
         142  0.0000000E+00
         143  0.0000000E+00
         144  0.0000000E+00
         145  0.0000000E+00
         146  0.0000000E+00
         147  0.0000000E+00
         148  0.0000000E+00
         149  0.0000000E+00
         150  0.0000000E+00
         151  0.0000000E+00
         152  0.0000000E+00
         153  0.0000000E+00
         154  0.0000000E+00
         155  0.0000000E+00
         156  0.0000000E+00
         157  0.0000000E+00
         158  0.0000000E+00
         159  0.0000000E+00
         160  0.0000000E+00
         161  0.0000000E+00
         162  0.0000000E+00
         163  0.0000000E+00
         164  0.0000000E+00
         165  0.0000000E+00
         166  0.0000000E+00
         167  0.0000000E+00
         168  0.0000000E+00
         169  0.0000000E+00
         170  0.0000000E+00
         171  0.0000000E+00
         172  0.0000000E+00
         173  0.0000000E+00
         174  0.0000000E+00
         175  0.0000000E+00
         176  0.0000000E+00
         177  0.0000000E+00
         178  0.0000000E+00
         179  0.0000000E+00
         180  0.0000000E+00
         181  0.0000000E+00
         182  0.0000000E+00
         183  0.0000000E+00
         184  0.0000000E+00
         185  0.0000000E+00
         186  0.0000000E+00
         187  0.0000000E+00
         188  0.0000000E+00
         189  0.0000000E+00
         190  0.0000000E+00
         191  0.0000000E+00
         192  0.0000000E+00
         193  0.0000000E+00
         194  0.0000000E+00
         195  0.0000000E+00
         196  0.0000000E+00
         197  0.0000000E+00
         198  0.0000000E+00
         199  0.0000000E+00
         200  0.0000000E+00
         201  0.0000000E+00
         202  0.0000000E+00
         203  0.0000000E+00
         204  0.0000000E+00
         205  0.0000000E+00
         206  0.0000000E+00
         207  0.0000000E+00
         208  0.0000000E+00
         209  0.0000000E+00
         210  0.0000000E+00
         211  0.0000000E+00
         212  0.0000000E+00
         213  0.0000000E+00
         214  0.0000000E+00
         215  0.0000000E+00
         216  0.0000000E+00
         217  0.0000000E+00
         218  0.0000000E+00
         219  0.0000000E+00
         220  0.0000000E+00
         221  0.0000000E+00
         222  0.0000000E+00
         223  0.0000000E+00
         224  0.0000000E+00
         225  0.0000000E+00
         226  0.0000000E+00
         227  0.0000000E+00
         228  0.0000000E+00
         229  0.0000000E+00
         230  0.0000000E+00
         231  0.0000000E+00
         232  0.0000000E+00
         233  0.0000000E+00
         234  0.0000000E+00
         235  0.0000000E+00
         236  0.0000000E+00
         237  0.0000000E+00
         238  0.0000000E+00
         239  0.0000000E+00
         240  0.0000000E+00
         241  0.0000000E+00
         242  0.0000000E+00
         243  0.0000000E+00
         244  0.0000000E+00
         245  0.0000000E+00
         246  0.0000000E+00
         247  0.0000000E+00
         248  0.0000000E+00
         249  0.0000000E+00
         250  0.0000000E+00
         251  0.0000000E+00
         252  0.0000000E+00
         253  0.0000000E+00
         254  0.0000000E+00
         255  0.0000000E+00
         256   1.059062    
         257   6.883902    
         258   12.17921    
         259   15.88593    
         260   17.47452    
         261   19.06311    
         262   20.65170    
         263   23.82889    
         264   21.71077    
         265   23.29936    
         266   21.71077    
         267   22.24030    
         268   14.29733    
         269   26.47654    
         270   17.47452    
         271   20.65170    
         272   29.12420    
         273   34.94904    
         274   22.76983    
         275   21.18124    
         276   23.82889    
         277   17.47452    
         278   27.53561    
         279   23.29936    
         280   23.29936    
         281   25.41748    
         282   30.18326    
         283   19.59264    
         284   27.00607    
         285   22.76983    
         286   25.94701    
         287   23.82889    
         288   29.65373    
         289   28.59467    
         290   28.06514    
         291   25.94701    
         292   22.24030    
         293   25.41748    
         294   28.06514    
         295   38.65575    
         296   30.18326    
         297   27.00607    
         298   31.77185    
         299   30.18326    
         300   29.12420    
         301   26.47654    
         302   25.41748    
         303   27.53561    
         304   27.53561    
         305   27.53561    
         306   35.47857    
         307   32.83091    
         308   33.88998    
         309   35.47857    
         310   30.71279    
         311   34.94904    
         312   28.59467    
         313   29.12420    
         314   36.53763    
         315   38.65575    
         316   32.30138    
         317   42.89200    
         318   43.95107    
         319   31.24232    
         320   34.94904    
         321   38.12622    
         322   33.88998    
         323   32.83091    
         324   32.83091    
         325   35.47857    
         326   55.07121    
         327   38.12622    
         328   38.65575    
         329   36.53763    
         330   35.47857    
         331   43.95107    
         332   58.24840    
         333   45.01012    
         334   56.13028    
         335   49.77590    
         336   38.65575    
         337   44.48059    
         338   49.77590    
         339   40.77388    
         340   54.01215    
         341   46.06919    
         342   61.95511    
         343   59.30746    
         344   56.13027    
         345   48.71684    
         346   50.83496    
         347   72.54573    
         348   65.13230    
         349   59.83699    
         350   89.49072    
         351   63.54370    
         352   72.01620    
         353   89.49072    
         354   87.37260    
         355   89.49072    
         356   92.66791    
         357   108.0243    
         358   100.0813    
         359   112.7901    
         360   106.4357    
         361   119.1444    
         362   135.5599    
         363   132.9122    
         364   143.5029    
         365   150.3868    
         366   154.0935    
         367   182.6882    
         368   189.0425    
         369   187.9835    
         370   200.1627    
         371   193.8083    
         372   203.8694    
         373   210.7533    
         374   231.4050    
         375   228.7573    
         376   227.6983    
         377   250.9976    
         378   241.4661    
         379   218.6963    
         380   233.5231    
         381   256.2929    
         382   227.1687    
         383   239.3480    
         384   241.4661    
         385   246.7614    
         386   239.3480    
         387   248.8795    
         388   252.0567    
         389   249.4090    
         390   238.2889    
         391   247.2909    
         392   256.8225    
         393   250.4681    
         394   259.9997    
         395   274.2970    
         396   279.5923    
         397   277.4742    
         398   299.7145    
         399   299.7145    
         400   329.3682    
         401   332.5454    
         402   343.1360    
         403   352.1380    
         404   342.6065    
         405   392.3824    
         406   379.6736    
         407   398.2072    
         408   433.1562    
         409   419.3885    
         410   444.2764    
         411   488.7570    
         412   455.9261    
         413   437.3925    
         414   468.6348    
         415   489.8161    
         416   481.8731    
         417   465.4576    
         418   490.3456    
         419   483.9912    
         420   525.8242    
         421   509.4087    
         422   523.7061    
         423   559.7142    
         424   547.5349    
         425   544.8873    
         426   580.3658    
         427   580.3658    
         428   589.8974    
         429   612.6672    
         430   595.7222    
         431   650.2639    
         432   675.6814    
         433   635.4371    
         434   686.8016    
         435   679.9177    
         436   670.3861    
         437   688.9197    
         438   690.5083    
         439   694.7445    
         440   698.9808    
         441   680.4472    
         442   704.2761    
         443   696.3331    
         444   700.0398    
         445   676.7405    
         446   700.0399    
         447   706.3942    
         448   705.8647    
         449   697.3922    
         450   676.7405    
         451   713.2781    
         452   718.5734    
         453   719.6324    
         454   698.4512    
         455   720.1620    
         456   722.8096    
         457   728.6345    
         458   742.4023    
         459   713.8076    
         460   740.8137    
         461   748.7567    
         462   782.6467    
         463   772.0560    
         464   751.4043    
         465   814.4185    
         466   817.5957    
         467   830.3044    
         468   823.4205    
         469   874.2555    
         470   877.4327    
         471   897.0253    
         472   917.1475    
         473   955.2737    
         474   899.6730    
         475   940.4468    
         476   893.8481    
         477   975.9254    
         478   955.8032    
         479   934.6220    
         480   976.9845    
         481   944.1536    
         482   976.9845    
         483   948.9194    
         484   1001.872    
         485   930.9153    
         486   1008.756    
         487   988.6342    
         488   921.9133    
         489   1003.991    
         490   999.2248    
         491   987.0455    
         492   975.9254    
         493   976.9845    
         494   1005.050    
         495   997.6362    
         496   997.6362    
         497   1034.703    
         498   1027.819    
         499   1068.064    
         500   1053.237    
         501   1043.705    
         502   1036.821    
         503   1072.830    
         504   1077.066    
         505   1078.125    
         506   1119.958    
         507   1088.715    
         508   1081.302    
         509   1085.009    
         510   1104.601    
         511   1112.544    
         512   1088.186    
         513   1117.840    
         514   1099.306    
         515   1163.379    
         516   1156.495    
         517   1178.206    
         518   1175.559    
         519   1195.151    
         520   1203.094    
         521   1203.094    
         522   1214.744    
         523   1195.681    
         524   1205.212    
         525   1235.925    
         526   1226.923    
         527   1246.516    
         528   1255.518    
         529   1258.165    
         530   1242.809    
         531   1257.106    
         532   1255.518    
         533   1283.583    
         534   1285.701    
         535   1269.286    
         536   1247.045    
         537   1282.524    
         538   1266.638    
         539   1250.222    
         540   1309.000    
         541   1245.457    
         542   1257.106    
         543   1277.229    
         544   1214.744    
         545   1223.216    
         546   1207.860    
         547   1198.858    
         548   1168.675    
         549   1177.677    
         550   1164.968    
         551   1158.084    
         552   1182.443    
         553   1225.334    
         554   1184.031    
         555   1244.927    
         556   1240.161    
         557   1216.862    
         558   1262.402    
         559   1259.224    
         560   1280.935    
         561   1321.180    
         562   1270.345    
         563   1318.002    
         564   1292.585    
         565   1336.536    
         566   1314.296    
         567   1313.237    
         568   1370.426    
         569   1369.896    
         570   1382.605    
         571   1399.021    
         572   1430.263    
         573   1421.790    
         574   1432.381    
         575   1447.737    
         576   1444.031    
         577   1464.682    
         578   1387.900    
         579   1444.560    
         580   1411.729    
         581   1424.438    
         582   1404.845    
         583   1430.263    
         584   1423.379    
         585   1436.617    
         586   1462.564    
         587   1451.974    
         588   1473.155    
         589   1408.023    
         590   1507.574    
         591   1447.737    
         592   1471.566    
         593   1501.220    
         594   1472.625    
         595   1564.764    
         596   1530.874    
         597   1550.466    
         598   1564.764    
         599   1643.134    
         600   1619.305    
         601   1656.902    
         602   1726.800    
         603   1777.635    
         604   1831.647    
         605   1873.480    
         606   2010.629    
         607   2076.291    
         608   2213.969    
         609   2442.197    
         610   2577.756    
         611   2898.123    
         612   3296.859    
         613   3678.122    
         614   4291.318    
         615   4878.039    
         616   5345.085    
         617   4853.150    
         618   4547.611    
         619   3857.632    
         620   3238.611    
         621   2875.882    
         622   2623.296    
         623   2325.700    
         624   2059.346    
         625   1859.712    
         626   1814.173    
         627   1741.627    
         628   1642.075    
         629   1531.933    
         630   1421.790    
         631   1391.607    
         632   1345.008    
         633   1314.825    
         634   1290.996    
         635   1224.805    
         636   1167.086    
         637   1154.907    
         638   1133.726    
         639   1076.536    
         640   1059.062    
         641   1015.111    
         642   987.5751    
         643   978.0435    
         644   967.4529    
         645   904.9683    
         646   909.2045    
         647   881.6689    
         648   844.6017    
         649   864.7239    
         650   849.3676    
         651   805.9460    
         652   822.8910    
         653   805.9460    
         654   785.2943    
         655   757.7587    
         656   758.8177    
         657   742.9318    
         658   713.8076    
         659   722.2802    
         660   683.0948    
         661   696.3331    
         662   657.1478    
         663   676.7405    
         664   634.3780    
         665   628.0236    
         666   606.8424    
         667   602.0766    
         668   581.4249    
         669   553.8893    
         670   554.4188    
         671   541.1805    
         672   524.2356    
         673   514.7040    
         674   511.5268    
         675   488.2275    
         676   490.3456    
         677   498.8181    
         678   455.9261    
         679   469.1644    
         680   470.2234    
         681   474.4597    
         682   423.0952    
         683   451.6898    
         684   415.6817    
         685   428.9200    
         686   415.6817    
         687   424.6838    
         688   403.5025    
         689   409.8569    
         690   401.9139    
         691   403.5025    
         692   391.8528    
         693   378.6146    
         694   384.9689    
         695   373.8488    
         696   379.6736    
         697   364.3173    
         698   377.5555    
         699   371.2011    
         700   356.3743    
         701   356.9038    
         702   338.3702    
         703   348.9608    
         704   338.3702    
         705   336.2521    
         706   322.4843    
         707   324.6024    
         708   326.1910    
         709   326.7206    
         710   316.1299    
         711   318.2480    
         712   322.4843    
         713   325.6615    
         714   316.1299    
         715   306.0688    
         716   305.5393    
         717   313.4823    
         718   293.3601    
         719   309.7756    
         720   299.7145    
         721   305.5393    
         722   296.5373    
         723   296.0078    
         724   295.4782    
         725   290.1829    
         726   297.0668    
         727   269.0017    
         728   299.1849    
         729   301.8326    
         730   276.9446    
         731   294.9487    
         732   275.3560    
         733   297.5963    
         734   267.4131    
         735   296.0078    
         736   274.2970    
         737   282.2400    
         738   274.2970    
         739   277.4742    
         740   271.6494    
         741   261.0587    
         742   283.8286    
         743   272.7084    
         744   264.7654    
         745   274.8265    
         746   266.8836    
         747   257.3520    
         748   279.5923    
         749   261.0587    
         750   259.9997    
         751   267.4131    
         752   270.0608    
         753   263.1768    
         754   257.8815    
         755   257.3520    
         756   274.8265    
         757   260.5292    
         758   269.5312    
         759   268.4722    
         760   247.8204    
         761   258.4111    
         762   256.2929    
         763   261.0587    
         764   258.4111    
         765   250.9976    
         766   256.2929    
         767   260.5292    
         768   251.5272    
         769   251.5272    
         770   263.7064    
         771   253.1158    
         772   239.8775    
         773   261.0587    
         774   262.6473    
         775   237.7594    
         776   263.7064    
         777   250.4681    
         778   240.9366    
         779   252.0567    
         780   249.4090    
         781   230.8755    
         782   243.0547    
         783   230.8755    
         784   242.5251    
         785   228.2278    
         786   244.6433    
         787   230.3459    
         788   234.5822    
         789   221.8734    
         790   231.4050    
         791   228.2278    
         792   220.8144    
         793   219.7553    
         794   213.9305    
         795   212.8714    
         796   208.1056    
         797   215.5191    
         798   195.3969    
         799   204.3989    
         800   202.8103    
         801   196.4560    
         802   194.8674    
         803   199.6331    
         804   174.2157    
         805   196.4560    
         806   181.0996    
         807   178.4519    
         808   187.4539    
         809   172.6271    
         810   172.0975    
         811   167.8613    
         812   177.9224    
         813   159.3888    
         814   164.1546    
         815   157.2707    
         816   155.6821    
         817   149.3277    
         818   164.6841    
         819   151.9754    
         820   136.0894    
         821   150.9163    
         822   136.6190    
         823   154.6230    
         824   116.4968    
         825   135.0304    
         826   134.5008    
         827   127.6169    
         828   128.1465    
         829   114.9082    
         830   92.13837    
         831   84.72495    
         832   91.07932    
         833   83.66588    
         834   92.13837    
         835   81.54776    
         836   81.54776    
         837   83.13635    
         838   79.95917    
         839   84.72495    
         840   79.42963    
         841   79.42963    
         842   81.01823    
         843   76.78198    
         844   84.72495    
         845   74.13432    
         846   85.25447    
         847   66.72089    
         848   76.25245    
         849   78.37057    
         850   75.72292    
         851   75.72292    
         852   66.72089    
         853   76.78198    
         854   69.89808    
         855   67.77995    
         856   77.31151    
         857   69.89808    
         858   63.01418    
         859   74.13432    
         860   68.30949    
         861   64.60277    
         862   67.77995    
         863   64.60277    
         864   66.72089    
         865   67.25042    
         866   60.36652    
         867   69.36855    
         868   56.65981    
         869   67.25042    
         870   59.30746    
         871   62.48465    
         872   60.36652    
         873   55.07121    
         874   67.77995    
         875   59.83699    
         876   57.71887    
         877   55.60074    
         878   60.36652    
         879   58.77793    
         880   60.36652    
         881   56.65981    
         882   58.77793    
         883   65.66183    
         884   53.48262    
         885   49.77590    
         886   59.30746    
         887   56.65981    
         888   64.07323    
         889   51.36449    
         890   63.54371    
         891   55.07121    
         892   60.89605    
         893   63.01418    
         894   63.54370    
         895   106.9652    
         896   73.07526    
         897  0.0000000E+00
         898  0.0000000E+00
         899  0.0000000E+00
         900  0.0000000E+00
         901  0.0000000E+00
         902  0.0000000E+00
         903  0.0000000E+00
         904  0.0000000E+00
         905  0.0000000E+00
         906  0.0000000E+00
         907  0.0000000E+00
         908  0.0000000E+00
         909  0.0000000E+00
         910  0.0000000E+00
         911  0.0000000E+00
         912  0.0000000E+00
         913  0.0000000E+00
         914  0.0000000E+00
         915  0.0000000E+00
         916  0.0000000E+00
         917  0.0000000E+00
         918  0.0000000E+00
         919  0.0000000E+00
         920  0.0000000E+00
         921  0.0000000E+00
         922  0.0000000E+00
         923  0.0000000E+00
         924  0.0000000E+00
         925  0.0000000E+00
         926  0.0000000E+00
         927  0.0000000E+00
         928  0.0000000E+00
         929  0.0000000E+00
         930  0.0000000E+00
         931  0.0000000E+00
         932  0.0000000E+00
         933  0.0000000E+00
         934  0.0000000E+00
         935  0.0000000E+00
         936  0.0000000E+00
         937  0.0000000E+00
         938  0.0000000E+00
         939  0.0000000E+00
         940  0.0000000E+00
         941  0.0000000E+00
         942  0.0000000E+00
         943  0.0000000E+00
         944  0.0000000E+00
         945  0.0000000E+00
         946  0.0000000E+00
         947  0.0000000E+00
         948  0.0000000E+00
         949  0.0000000E+00
         950  0.0000000E+00
         951  0.0000000E+00
         952  0.0000000E+00
         953  0.0000000E+00
         954  0.0000000E+00
         955  0.0000000E+00
         956  0.0000000E+00
         957  0.0000000E+00
         958  0.0000000E+00
         959  0.0000000E+00
         960  0.0000000E+00
         961  0.0000000E+00
         962  0.0000000E+00
         963  0.0000000E+00
         964  0.0000000E+00
         965  0.0000000E+00
         966  0.0000000E+00
         967  0.0000000E+00
         968  0.0000000E+00
         969  0.0000000E+00
         970  0.0000000E+00
         971  0.0000000E+00
         972  0.0000000E+00
         973  0.0000000E+00
         974  0.0000000E+00
         975  0.0000000E+00
         976  0.0000000E+00
         977  0.0000000E+00
         978  0.0000000E+00
         979  0.0000000E+00
         980  0.0000000E+00
         981  0.0000000E+00
         982  0.0000000E+00
         983  0.0000000E+00
         984  0.0000000E+00
         985  0.0000000E+00
         986  0.0000000E+00
         987  0.0000000E+00
         988  0.0000000E+00
         989  0.0000000E+00
         990  0.0000000E+00
         991  0.0000000E+00
         992  0.0000000E+00
         993  0.0000000E+00
         994  0.0000000E+00
         995  0.0000000E+00
         996  0.0000000E+00
         997  0.0000000E+00
         998  0.0000000E+00
         999  0.0000000E+00
        1000  0.0000000E+00
        1001  0.0000000E+00
        1002  0.0000000E+00
        1003  0.0000000E+00
        1004  0.0000000E+00
        1005  0.0000000E+00
        1006  0.0000000E+00
        1007  0.0000000E+00
        1008  0.0000000E+00
        1009  0.0000000E+00
        1010  0.0000000E+00
        1011  0.0000000E+00
        1012  0.0000000E+00
        1013  0.0000000E+00
        1014  0.0000000E+00
        1015  0.0000000E+00
        1016  0.0000000E+00
        1017  0.0000000E+00
        1018  0.0000000E+00
        1019  0.0000000E+00
        1020  0.0000000E+00
        1021  0.0000000E+00
        1022  0.0000000E+00
        1023  0.0000000E+00
        1024  0.0000000E+00
