 #   Y    A
           1  0.0000000E+00
           2  0.0000000E+00
           3  0.0000000E+00
           4  0.0000000E+00
           5  0.0000000E+00
           6  0.0000000E+00
           7  0.0000000E+00
           8  0.0000000E+00
           9  0.0000000E+00
          10  0.0000000E+00
          11  0.0000000E+00
          12  0.0000000E+00
          13  0.0000000E+00
          14  0.0000000E+00
          15  0.0000000E+00
          16  0.0000000E+00
          17  0.0000000E+00
          18  0.0000000E+00
          19  0.0000000E+00
          20  0.0000000E+00
          21  0.0000000E+00
          22  0.0000000E+00
          23  0.0000000E+00
          24  0.0000000E+00
          25  0.0000000E+00
          26  0.0000000E+00
          27  0.0000000E+00
          28  0.0000000E+00
          29  0.0000000E+00
          30  0.0000000E+00
          31  0.0000000E+00
          32  0.0000000E+00
          33  0.0000000E+00
          34  0.0000000E+00
          35  0.0000000E+00
          36  0.0000000E+00
          37  0.0000000E+00
          38  0.0000000E+00
          39  0.0000000E+00
          40  0.0000000E+00
          41  0.0000000E+00
          42  0.0000000E+00
          43  0.0000000E+00
          44  0.0000000E+00
          45  0.0000000E+00
          46  0.0000000E+00
          47  0.0000000E+00
          48  0.0000000E+00
          49  0.0000000E+00
          50  0.0000000E+00
          51  0.0000000E+00
          52  0.0000000E+00
          53  0.0000000E+00
          54  0.0000000E+00
          55  0.0000000E+00
          56  0.0000000E+00
          57  0.0000000E+00
          58  0.0000000E+00
          59  0.0000000E+00
          60  0.0000000E+00
          61  0.0000000E+00
          62  0.0000000E+00
          63  0.0000000E+00
          64  0.0000000E+00
          65  0.0000000E+00
          66  0.0000000E+00
          67  0.0000000E+00
          68  0.0000000E+00
          69  0.0000000E+00
          70  0.0000000E+00
          71  0.0000000E+00
          72  0.0000000E+00
          73  0.0000000E+00
          74  0.0000000E+00
          75  0.0000000E+00
          76  0.0000000E+00
          77  0.0000000E+00
          78  0.0000000E+00
          79  0.0000000E+00
          80  0.0000000E+00
          81  0.0000000E+00
          82  0.0000000E+00
          83  0.0000000E+00
          84  0.0000000E+00
          85  0.0000000E+00
          86  0.0000000E+00
          87  0.0000000E+00
          88  0.0000000E+00
          89  0.0000000E+00
          90  0.0000000E+00
          91  0.0000000E+00
          92  0.0000000E+00
          93  0.0000000E+00
          94  0.0000000E+00
          95  0.0000000E+00
          96  0.0000000E+00
          97  0.0000000E+00
          98  0.0000000E+00
          99  0.0000000E+00
         100  0.0000000E+00
         101  0.0000000E+00
         102  0.0000000E+00
         103  0.0000000E+00
         104  0.0000000E+00
         105  0.0000000E+00
         106  0.0000000E+00
         107  0.0000000E+00
         108  0.0000000E+00
         109  0.0000000E+00
         110  0.0000000E+00
         111  0.0000000E+00
         112  0.0000000E+00
         113  0.0000000E+00
         114  0.0000000E+00
         115  0.0000000E+00
         116  0.0000000E+00
         117  0.0000000E+00
         118  0.0000000E+00
         119  0.0000000E+00
         120  0.0000000E+00
         121  0.0000000E+00
         122  0.0000000E+00
         123  0.0000000E+00
         124  0.0000000E+00
         125  0.0000000E+00
         126  0.0000000E+00
         127  0.0000000E+00
         128  0.0000000E+00
         129  0.0000000E+00
         130  0.0000000E+00
         131  0.0000000E+00
         132  0.0000000E+00
         133  0.0000000E+00
         134  0.0000000E+00
         135  0.0000000E+00
         136  0.0000000E+00
         137  0.0000000E+00
         138  0.0000000E+00
         139  0.0000000E+00
         140  0.0000000E+00
         141  0.0000000E+00
         142  0.0000000E+00
         143  0.0000000E+00
         144  0.0000000E+00
         145  0.0000000E+00
         146  0.0000000E+00
         147  0.0000000E+00
         148  0.0000000E+00
         149  0.0000000E+00
         150  0.0000000E+00
         151  0.0000000E+00
         152  0.0000000E+00
         153  0.0000000E+00
         154  0.0000000E+00
         155  0.0000000E+00
         156  0.0000000E+00
         157  0.0000000E+00
         158  0.0000000E+00
         159  0.0000000E+00
         160  0.0000000E+00
         161  0.0000000E+00
         162  0.0000000E+00
         163  0.0000000E+00
         164  0.0000000E+00
         165  0.0000000E+00
         166  0.0000000E+00
         167  0.0000000E+00
         168  0.0000000E+00
         169  0.0000000E+00
         170  0.0000000E+00
         171  0.0000000E+00
         172  0.0000000E+00
         173  0.0000000E+00
         174  0.0000000E+00
         175  0.0000000E+00
         176  0.0000000E+00
         177  0.0000000E+00
         178  0.0000000E+00
         179  0.0000000E+00
         180  0.0000000E+00
         181  0.0000000E+00
         182  0.0000000E+00
         183  0.0000000E+00
         184  0.0000000E+00
         185  0.0000000E+00
         186  0.0000000E+00
         187  0.0000000E+00
         188  0.0000000E+00
         189  0.0000000E+00
         190  0.0000000E+00
         191  0.0000000E+00
         192  0.0000000E+00
         193  0.0000000E+00
         194  0.0000000E+00
         195  0.0000000E+00
         196  0.0000000E+00
         197  0.0000000E+00
         198  0.0000000E+00
         199  0.0000000E+00
         200  0.0000000E+00
         201  0.0000000E+00
         202  0.0000000E+00
         203  0.0000000E+00
         204  0.0000000E+00
         205  0.0000000E+00
         206  0.0000000E+00
         207  0.0000000E+00
         208  0.0000000E+00
         209  0.0000000E+00
         210  0.0000000E+00
         211  0.0000000E+00
         212  0.0000000E+00
         213  0.0000000E+00
         214  0.0000000E+00
         215  0.0000000E+00
         216  0.0000000E+00
         217  0.0000000E+00
         218  0.0000000E+00
         219  0.0000000E+00
         220  0.0000000E+00
         221  0.0000000E+00
         222  0.0000000E+00
         223  0.0000000E+00
         224  0.0000000E+00
         225  0.0000000E+00
         226  0.0000000E+00
         227  0.0000000E+00
         228  0.0000000E+00
         229  0.0000000E+00
         230  0.0000000E+00
         231  0.0000000E+00
         232  0.0000000E+00
         233  0.0000000E+00
         234  0.0000000E+00
         235  0.0000000E+00
         236  0.0000000E+00
         237  0.0000000E+00
         238  0.0000000E+00
         239  0.0000000E+00
         240  0.0000000E+00
         241  0.0000000E+00
         242  0.0000000E+00
         243  0.0000000E+00
         244  0.0000000E+00
         245  0.0000000E+00
         246  0.0000000E+00
         247  0.0000000E+00
         248  0.0000000E+00
         249  0.0000000E+00
         250  0.0000000E+00
         251  0.0000000E+00
         252  0.0000000E+00
         253  0.0000000E+00
         254  0.0000000E+00
         255  0.0000000E+00
         256  0.0000000E+00
         257  0.0000000E+00
         258  0.0000000E+00
         259  0.0000000E+00
         260  0.0000000E+00
         261  0.0000000E+00
         262  0.0000000E+00
         263  0.0000000E+00
         264  0.0000000E+00
         265  0.0000000E+00
         266  0.0000000E+00
         267  0.0000000E+00
         268  0.0000000E+00
         269  0.0000000E+00
         270  0.0000000E+00
         271  0.0000000E+00
         272  0.0000000E+00
         273  0.0000000E+00
         274  0.0000000E+00
         275  0.0000000E+00
         276  0.0000000E+00
         277  0.0000000E+00
         278  0.0000000E+00
         279  0.0000000E+00
         280  0.0000000E+00
         281  0.0000000E+00
         282  0.0000000E+00
         283  0.0000000E+00
         284  0.0000000E+00
         285   3.706716    
         286   9.531556    
         287   15.35640    
         288   17.47452    
         289   20.12217    
         290   24.35842    
         291   24.35842    
         292   23.82889    
         293   25.94701    
         294   23.82889    
         295   22.24030    
         296   21.18124    
         297   25.41748    
         298   15.88593    
         299   32.30138    
         300   38.65575    
         301   22.76983    
         302   23.82889    
         303   24.88795    
         304   20.65170    
         305   30.71279    
         306   24.35842    
         307   24.88795    
         308   32.30138    
         309   25.94701    
         310   24.88795    
         311   24.88795    
         312   28.06514    
         313   28.59467    
         314   33.36045    
         315   33.88998    
         316   27.53561    
         317   23.82889    
         318   28.06514    
         319   29.65373    
         320   41.83294    
         321   31.77185    
         322   30.18326    
         323   34.94904    
         324   32.30138    
         325   30.18326    
         326   23.29936    
         327   31.77185    
         328   30.71279    
         329   26.47654    
         330   37.06716    
         331   31.24232    
         332   39.71482    
         333   36.53763    
         334   29.12420    
         335   33.36045    
         336   33.36045    
         337   33.88998    
         338   32.83091    
         339   40.24435    
         340   42.89200    
         341   43.42153    
         342   33.36045    
         343   33.36045    
         344   45.01012    
         345   33.88998    
         346   34.41951    
         347   37.06716    
         348   41.83294    
         349   55.07121    
         350   31.77185    
         351   42.36247    
         352   38.12622    
         353   38.12622    
         354   45.01012    
         355   59.30746    
         356   47.65778    
         357   55.60074    
         358   48.71684    
         359   41.83294    
         360   40.24435    
         361   58.24840    
         362   48.71684    
         363   50.83496    
         364   49.24637    
         365   64.07323    
         366   59.83699    
         367   46.59872    
         368   60.36652    
         369   56.65981    
         370   62.48465    
         371   59.83699    
         372   69.36855    
         373   75.19338    
         374   63.01418    
         375   73.60479    
         376   83.13635    
         377   78.90010    
         378   70.95714    
         379   88.43166    
         380   92.66791    
         381   97.43369    
         382   99.02228    
         383   97.96321    
         384   103.2585    
         385   112.2606    
         386   118.6149    
         387   123.3807    
         388   136.0894    
         389   131.3237    
         390   146.1505    
         391   169.4499    
         392   174.2157    
         393   177.9224    
         394   191.1606    
         395   195.3969    
         396   216.5781    
         397   208.6352    
         398   239.3480    
         399   252.0567    
         400   265.8245    
         401   279.5923    
         402   272.1789    
         403   274.2970    
         404   296.0078    
         405   285.9467    
         406   308.7165    
         407   290.7125    
         408   309.7756    
         409   298.6554    
         410   316.6595    
         411   299.7145    
         412   307.1279    
         413   297.0668    
         414   326.7206    
         415   287.0057    
         416   314.5414    
         417   297.5963    
         418   320.8957    
         419   336.2521    
         420   331.4863    
         421   370.6716    
         422   334.1340    
         423   360.0810    
         424   382.3213    
         425   398.2072    
         426   413.5636    
         427   424.6838    
         428   450.6308    
         429   498.8181    
         430   524.2356    
         431   535.3557    
         432   594.1337    
         433   594.6632    
         434   578.7773    
         435   592.5450    
         436   622.1988    
         437   612.1377    
         438   642.3210    
         439   664.5613    
         440   688.9197    
         441   674.0928    
         442   704.2761    
         443   697.9217    
         444   795.8849    
         445   798.5326    
         446   803.2983    
         447   863.6649    
         448   854.6628    
         449   874.7850    
         450   906.5569    
         451   915.5589    
         452   969.5710    
         453   918.7361    
         454   931.9744    
         455   929.8563    
         456   954.2147    
         457   948.3898    
         458   931.4448    
         459   961.6281    
         460   889.6119    
         461   918.2065    
         462   944.1536    
         463   921.9133    
         464   906.0273    
         465   892.2595    
         466   911.8522    
         467   917.1475    
         468   888.0233    
         469   958.4509    
         470   934.0925    
         471   927.2086    
         472   947.3307    
         473   937.2697    
         474   957.3918    
         475   964.8052    
         476   1003.461    
         477   982.8093    
         478   1027.290    
         479   1006.638    
         480   1036.821    
         481   1049.530    
         482   1091.893    
         483   1043.705    
         484   1092.952    
         485   1065.946    
         486   1110.426    
         487   1075.477    
         488   1107.779    
         489   1080.243    
         490   1122.076    
         491   1088.186    
         492   1119.428    
         493   1121.546    
         494   1090.304    
         495   1126.842    
         496   1121.546    
         497   1122.076    
         498   1151.200    
         499   1128.430    
         500   1128.430    
         501   1144.846    
         502   1145.375    
         503   1163.909    
         504   1179.795    
         505   1155.966    
         506   1186.149    
         507   1175.559    
         508   1184.031    
         509   1189.326    
         510   1196.210    
         511   1214.744    
         512   1172.911    
         513   1217.921    
         514   1194.622    
         515   1224.275    
         516   1231.159    
         517   1235.925    
         518   1224.805    
         519   1193.033    
         520   1261.872    
         521   1215.803    
         522   1269.815    
         523   1237.514    
         524   1267.697    
         525   1251.811    
         526   1282.524    
         527   1305.823    
         528   1311.648    
         529   1293.644    
         530   1351.892    
         531   1370.955    
         532   1387.901    
         533   1392.137    
         534   1410.141    
         535   1413.318    
         536   1408.023    
         537   1422.849    
         538   1445.619    
         539   1489.041    
         540   1472.625    
         541   1490.629    
         542   1451.974    
         543   1439.794    
         544   1458.328    
         545   1457.799    
         546   1438.735    
         547   1456.740    
         548   1405.375    
         549   1433.970    
         550   1442.972    
         551   1450.385    
         552   1451.444    
         553   1498.572    
         554   1449.326    
         555   1499.102    
         556   1534.051    
         557   1522.931    
         558   1529.815    
         559   1622.483    
         560   1611.892    
         561   1654.784    
         562   1678.083    
         563   1707.208    
         564   1785.578    
         565   1785.049    
         566   1907.370    
         567   1962.441    
         568   2012.217    
         569   2113.887    
         570   2168.958    
         571   2305.048    
         572   2336.290    
         573   2510.506    
         574   2708.021    
         575   2908.713    
         576   3091.401    
         577   3406.472    
         578   3861.339    
         579   4523.782    
         580   5446.755    
         581   6275.471    
         582   6447.039    
         583   5924.921    
         584   4971.766    
         585   4145.168    
         586   3325.454    
         587   3051.157    
         588   2681.015    
         589   2422.074    
         590   2257.920    
         591   2147.777    
         592   1952.380    
         593   1901.016    
         594   1840.649    
         595   1734.743    
         596   1677.554    
         597   1616.658    
         598   1592.829    
         599   1534.580    
         600   1504.927    
         601   1394.255    
         602   1399.021    
         603   1336.006    
         604   1300.528    
         605   1286.760    
         606   1224.275    
         607   1222.157    
         608   1131.078    
         609   1141.669    
         610   1139.021    
         611   1124.194    
         612   1126.842    
         613   1107.249    
         614   1043.705    
         615   1019.876    
         616   1032.585    
         617   976.9845    
         618   964.2758    
         619   974.3369    
         620   938.3287    
         621   907.0864    
         622   904.4388    
         623   871.0783    
         624   858.3696    
         625   842.4836    
         626   872.6669    
         627   840.8950    
         628   827.1273    
         629   829.7749    
         630   800.1212    
         631   832.9521    
         632   794.8259    
         633   782.6467    
         634   774.7037    
         635   789.5305    
         636   784.2352    
         637   740.8137    
         638   762.5245    
         639   735.5184    
         640   733.9298    
         641   709.5714    
         642   718.5734    
         643   705.3351    
         644   704.8056    
         645   691.5673    
         646   678.8586    
         647   669.3270    
         648   649.7344    
         649   659.2659    
         650   630.6713    
         651   660.8546    
         652   627.4941    
         653   630.6713    
         654   631.7303    
         655   612.1377    
         656   622.7283    
         657   597.8404    
         658   576.6591    
         659   590.9565    
         660   558.1255    
         661   577.7182    
         662   556.5369    
         663   562.3618    
         664   543.8282    
         665   541.7101    
         666   524.2356    
         667   521.5879    
         668   524.7651    
         669   516.8221    
         670   506.2315    
         671   518.9402    
         672   506.7610    
         673   505.7020    
         674   498.2886    
         675   483.9912    
         676   486.6389    
         677   489.8161    
         678   498.8181    
         679   472.8711    
         680   476.5778    
         681   477.1073    
         682   459.6328    
         683   458.0442    
         684   459.6328    
         685   460.6919    
         686   445.3355    
         687   458.5737    
         688   440.0402    
         689   451.6898    
         690   450.6308    
         691   447.9831    
         692   449.0422    
         693   441.0992    
         694   431.5677    
         695   437.9220    
         696   443.7469    
         697   436.3334    
         698   449.0422    
         699   436.8630    
         700   448.5127    
         701   424.1542    
         702   443.7469    
         703   426.2724    
         704   426.2724    
         705   420.9771    
         706   434.7448    
         707   393.4414    
         708   431.0381    
         709   402.4435    
         710   408.7979    
         711   388.6757    
         712   418.3294    
         713   384.4394    
         714   398.7368    
         715   388.1461    
         716   378.0851    
         717   386.0280    
         718   365.9059    
         719   377.0260    
         720   350.5494    
         721   358.4924    
         722   339.9588    
         723   338.8997    
         724   339.9588    
         725   327.7796    
         726   313.4823    
         727   309.2460    
         728   310.8346    
         729   281.7104    
         730   291.7715    
         731   287.5353    
         732   275.3560    
         733   265.8245    
         734   270.0608    
         735   256.8225    
         736   253.6453    
         737   259.4701    
         738   256.2929    
         739   230.3459    
         740   247.2909    
         741   238.2889    
         742   225.5802    
         743   236.1708    
         744   224.5211    
         745   221.3439    
         746   214.4600    
         747   218.1667    
         748   197.5150    
         749   176.3338    
         750   167.8613    
         751   164.1546    
         752   164.1546    
         753   165.2136    
         754   147.2096    
         755   169.4499    
         756   139.2666    
         757   153.0344    
         758   150.3868    
         759   144.0324    
         760   145.6210    
         761   132.3827    
         762   153.5640    
         763   130.2646    
         764   144.5619    
         765   138.2076    
         766   129.2055    
         767   131.3237    
         768   127.6169    
         769   138.7371    
         770   123.9102    
         771   127.6169    
         772   128.6760    
         773   120.7330    
         774   129.7351    
         775   120.7330    
         776   110.6720    
         777   127.6169    
         778   121.2626    
         779   102.1995    
         780   117.5559    
         781   126.5579    
         782   104.8471    
         783   103.2585    
         784   117.5559    
         785   113.3196    
         786   109.0834    
         787   103.7881    
         788   105.9062    
         789   110.1424    
         790   104.3176    
         791   110.1424    
         792   101.1404    
         793   98.49274    
         794   98.49274    
         795   100.0813    
         796   103.2585    
         797   102.1995    
         798   102.1995    
         799   96.37462    
         800   96.90415    
         801   94.25650    
         802   90.54978    
         803   93.19743    
         804   93.19743    
         805   88.43166    
         806   95.84509    
         807   86.31354    
         808   91.60884    
         809   84.19541    
         810   85.25447    
         811   91.60884    
         812   82.60682    
         813   86.31354    
         814   77.31151    
         815   82.07729    
         816   81.54775    
         817   75.19338    
         818   82.07729    
         819   84.72495    
         820   73.07526    
         821   83.66588    
         822   71.48667    
         823   81.01823    
         824   69.89808    
         825   64.60277    
         826   75.72292    
         827   75.72292    
         828   76.25245    
         829   68.30949    
         830   80.48869    
         831   69.89808    
         832   65.66183    
         833   68.83901    
         834   72.01620    
         835   67.77995    
         836   76.78197    
         837   71.48667    
         838   77.84104    
         839   74.66386    
         840   100.0813    
         841   113.8491    
         842  0.0000000E+00
         843  0.0000000E+00
         844  0.0000000E+00
         845  0.0000000E+00
         846  0.0000000E+00
         847  0.0000000E+00
         848  0.0000000E+00
         849  0.0000000E+00
         850  0.0000000E+00
         851  0.0000000E+00
         852  0.0000000E+00
         853  0.0000000E+00
         854  0.0000000E+00
         855  0.0000000E+00
         856  0.0000000E+00
         857  0.0000000E+00
         858  0.0000000E+00
         859  0.0000000E+00
         860  0.0000000E+00
         861  0.0000000E+00
         862  0.0000000E+00
         863  0.0000000E+00
         864  0.0000000E+00
         865  0.0000000E+00
         866  0.0000000E+00
         867  0.0000000E+00
         868  0.0000000E+00
         869  0.0000000E+00
         870  0.0000000E+00
         871  0.0000000E+00
         872  0.0000000E+00
         873  0.0000000E+00
         874  0.0000000E+00
         875  0.0000000E+00
         876  0.0000000E+00
         877  0.0000000E+00
         878  0.0000000E+00
         879  0.0000000E+00
         880  0.0000000E+00
         881  0.0000000E+00
         882  0.0000000E+00
         883  0.0000000E+00
         884  0.0000000E+00
         885  0.0000000E+00
         886  0.0000000E+00
         887  0.0000000E+00
         888  0.0000000E+00
         889  0.0000000E+00
         890  0.0000000E+00
         891  0.0000000E+00
         892  0.0000000E+00
         893  0.0000000E+00
         894  0.0000000E+00
         895  0.0000000E+00
         896  0.0000000E+00
         897  0.0000000E+00
         898  0.0000000E+00
         899  0.0000000E+00
         900  0.0000000E+00
         901  0.0000000E+00
         902  0.0000000E+00
         903  0.0000000E+00
         904  0.0000000E+00
         905  0.0000000E+00
         906  0.0000000E+00
         907  0.0000000E+00
         908  0.0000000E+00
         909  0.0000000E+00
         910  0.0000000E+00
         911  0.0000000E+00
         912  0.0000000E+00
         913  0.0000000E+00
         914  0.0000000E+00
         915  0.0000000E+00
         916  0.0000000E+00
         917  0.0000000E+00
         918  0.0000000E+00
         919  0.0000000E+00
         920  0.0000000E+00
         921  0.0000000E+00
         922  0.0000000E+00
         923  0.0000000E+00
         924  0.0000000E+00
         925  0.0000000E+00
         926  0.0000000E+00
         927  0.0000000E+00
         928  0.0000000E+00
         929  0.0000000E+00
         930  0.0000000E+00
         931  0.0000000E+00
         932  0.0000000E+00
         933  0.0000000E+00
         934  0.0000000E+00
         935  0.0000000E+00
         936  0.0000000E+00
         937  0.0000000E+00
         938  0.0000000E+00
         939  0.0000000E+00
         940  0.0000000E+00
         941  0.0000000E+00
         942  0.0000000E+00
         943  0.0000000E+00
         944  0.0000000E+00
         945  0.0000000E+00
         946  0.0000000E+00
         947  0.0000000E+00
         948  0.0000000E+00
         949  0.0000000E+00
         950  0.0000000E+00
         951  0.0000000E+00
         952  0.0000000E+00
         953  0.0000000E+00
         954  0.0000000E+00
         955  0.0000000E+00
         956  0.0000000E+00
         957  0.0000000E+00
         958  0.0000000E+00
         959  0.0000000E+00
         960  0.0000000E+00
         961  0.0000000E+00
         962  0.0000000E+00
         963  0.0000000E+00
         964  0.0000000E+00
         965  0.0000000E+00
         966  0.0000000E+00
         967  0.0000000E+00
         968  0.0000000E+00
         969  0.0000000E+00
         970  0.0000000E+00
         971  0.0000000E+00
         972  0.0000000E+00
         973  0.0000000E+00
         974  0.0000000E+00
         975  0.0000000E+00
         976  0.0000000E+00
         977  0.0000000E+00
         978  0.0000000E+00
         979  0.0000000E+00
         980  0.0000000E+00
         981  0.0000000E+00
         982  0.0000000E+00
         983  0.0000000E+00
         984  0.0000000E+00
         985  0.0000000E+00
         986  0.0000000E+00
         987  0.0000000E+00
         988  0.0000000E+00
         989  0.0000000E+00
         990  0.0000000E+00
         991  0.0000000E+00
         992  0.0000000E+00
         993  0.0000000E+00
         994  0.0000000E+00
         995  0.0000000E+00
         996  0.0000000E+00
         997  0.0000000E+00
         998  0.0000000E+00
         999  0.0000000E+00
        1000  0.0000000E+00
        1001  0.0000000E+00
        1002  0.0000000E+00
        1003  0.0000000E+00
        1004  0.0000000E+00
        1005  0.0000000E+00
        1006  0.0000000E+00
        1007  0.0000000E+00
        1008  0.0000000E+00
        1009  0.0000000E+00
        1010  0.0000000E+00
        1011  0.0000000E+00
        1012  0.0000000E+00
        1013  0.0000000E+00
        1014  0.0000000E+00
        1015  0.0000000E+00
        1016  0.0000000E+00
        1017  0.0000000E+00
        1018  0.0000000E+00
        1019  0.0000000E+00
        1020  0.0000000E+00
        1021  0.0000000E+00
        1022  0.0000000E+00
        1023  0.0000000E+00
        1024  0.0000000E+00
