 #   Y    A
           1   11964.22    
           2  0.0000000E+00
           3  0.0000000E+00
           4  0.0000000E+00
           5  0.0000000E+00
           6  0.0000000E+00
           7  0.0000000E+00
           8  0.0000000E+00
           9  0.0000000E+00
          10  0.0000000E+00
          11  0.0000000E+00
          12  0.0000000E+00
          13  0.0000000E+00
          14  0.0000000E+00
          15  0.0000000E+00
          16  0.0000000E+00
          17  0.0000000E+00
          18  0.0000000E+00
          19  0.0000000E+00
          20  0.0000000E+00
          21  0.0000000E+00
          22  0.0000000E+00
          23  0.0000000E+00
          24  0.0000000E+00
          25  0.0000000E+00
          26  0.0000000E+00
          27  0.0000000E+00
          28  0.0000000E+00
          29  0.0000000E+00
          30  0.0000000E+00
          31  0.0000000E+00
          32  0.0000000E+00
          33  0.0000000E+00
          34  0.0000000E+00
          35  0.0000000E+00
          36  0.0000000E+00
          37  0.0000000E+00
          38  0.0000000E+00
          39  0.0000000E+00
          40  0.0000000E+00
          41  0.0000000E+00
          42  0.0000000E+00
          43  0.0000000E+00
          44  0.0000000E+00
          45  0.0000000E+00
          46  0.0000000E+00
          47  0.0000000E+00
          48  0.0000000E+00
          49  0.0000000E+00
          50  0.0000000E+00
          51  0.0000000E+00
          52  0.0000000E+00
          53  0.0000000E+00
          54  0.0000000E+00
          55  0.0000000E+00
          56  0.0000000E+00
          57  0.0000000E+00
          58  0.0000000E+00
          59   2.118124    
          60   2.647655    
          61   5.824840    
          62   9.531556    
          63   12.70874    
          64   13.76780    
          65   15.35640    
          66   13.76780    
          67   14.29733    
          68   15.88593    
          69   13.23827    
          70   18.00405    
          71   14.82686    
          72   13.76780    
          73   16.41546    
          74   15.88593    
          75   14.82686    
          76   14.82686    
          77   11.64968    
          78   13.76780    
          79   17.47452    
          80   12.17921    
          81   12.70874    
          82   16.41546    
          83   20.65170    
          84   20.12217    
          85   15.88593    
          86   16.94499    
          87   12.70874    
          88   14.82686    
          89   17.47452    
          90   15.88593    
          91   11.64968    
          92   18.53358    
          93   20.12217    
          94   16.94499    
          95   13.23827    
          96   21.71077    
          97   19.06311    
          98   18.53358    
          99   19.59264    
         100   14.82686    
         101   21.71077    
         102   20.12217    
         103   15.35640    
         104   22.24030    
         105   19.59264    
         106   15.88593    
         107   21.18124    
         108   22.24030    
         109   20.65170    
         110   21.18124    
         111   17.47452    
         112   17.47452    
         113   21.18124    
         114   18.53358    
         115   16.94499    
         116   20.12217    
         117   24.35842    
         118   29.12420    
         119   18.53358    
         120   24.35842    
         121   19.59264    
         122   20.12217    
         123   25.41748    
         124   26.47654    
         125   23.29936    
         126   23.82889    
         127   22.76983    
         128   23.82889    
         129   23.82889    
         130   28.06514    
         131   29.65373    
         132   27.00607    
         133   24.88795    
         134   24.88795    
         135   28.59467    
         136   36.00810    
         137   27.53561    
         138   31.24232    
         139   32.30138    
         140   29.65373    
         141   37.59669    
         142   34.94904    
         143   27.53561    
         144   33.36045    
         145   38.12622    
         146   38.65575    
         147   44.48059    
         148   27.53561    
         149   34.94904    
         150   41.83294    
         151   38.65575    
         152   39.71482    
         153   39.71482    
         154   45.53966    
         155   42.36247    
         156   57.71886    
         157   57.71887    
         158   54.54168    
         159   52.95309    
         160   50.30544    
         161   64.07323    
         162   66.72089    
         163   83.13634    
         164   76.78197    
         165   78.90010    
         166   90.54978    
         167   101.6699    
         168   89.49072    
         169   105.9062    
         170   112.7901    
         171   110.1424    
         172   114.3787    
         173   127.0874    
         174   137.1485    
         175   112.7901    
         176   122.8512    
         177   121.7921    
         178   118.6149    
         179   114.3787    
         180   111.7310    
         181   116.4968    
         182   111.2015    
         183   117.5559    
         184   97.43369    
         185   96.37462    
         186   103.7881    
         187   100.6109    
         188   96.37462    
         189   94.78603    
         190   83.13635    
         191   102.1995    
         192   92.13837    
         193   84.72495    
         194   86.31354    
         195   94.78603    
         196   95.31556    
         197   87.37260    
         198   86.84306    
         199   94.78603    
         200   91.60884    
         201   85.25447    
         202   85.25447    
         203   95.31556    
         204   84.19541    
         205   84.19541    
         206   83.13634    
         207   90.02025    
         208   86.84306    
         209   86.31354    
         210   92.13837    
         211   88.43166    
         212   87.90213    
         213   88.96119    
         214   99.55180    
         215   93.19743    
         216   85.78400    
         217   93.72697    
         218   94.25650    
         219   97.43369    
         220   98.49274    
         221   90.02025    
         222   99.55180    
         223   99.02228    
         224   89.49072    
         225   103.2585    
         226   99.02228    
         227   103.2585    
         228   97.43369    
         229   102.1995    
         230   97.96321    
         231   99.02228    
         232   101.6699    
         233   108.0243    
         234   101.6699    
         235   105.9062    
         236   101.1404    
         237   113.3196    
         238   110.1424    
         239   106.9652    
         240   113.3196    
         241   114.9082    
         242   114.3787    
         243   117.5559    
         244   112.2606    
         245   114.9082    
         246   119.1444    
         247   121.7921    
         248   120.7330    
         249   121.7921    
         250   115.4377    
         251   135.0304    
         252   101.1404    
         253   124.9693    
         254   109.0834    
         255   117.0263    
         256   118.0854    
         257   112.7901    
         258   115.4377    
         259   112.2606    
         260   111.2015    
         261   113.3196    
         262   108.0243    
         263   117.0263    
         264   111.2015    
         265   119.6740    
         266   114.3787    
         267   113.8491    
         268   101.1404    
         269   119.1444    
         270   114.9082    
         271   96.37462    
         272   104.8471    
         273   111.2015    
         274   111.2015    
         275   101.6699    
         276   109.0834    
         277   108.0243    
         278   107.4948    
         279   97.96321    
         280   94.78603    
         281   108.0243    
         282   102.1995    
         283   102.7290    
         284   111.2015    
         285   105.3766    
         286   105.3766    
         287   113.8491    
         288   100.6109    
         289   94.25650    
         290   106.9652    
         291   107.4948    
         292   110.1424    
         293   105.9062    
         294   109.6129    
         295   117.0263    
         296   105.3766    
         297   104.3176    
         298   106.4357    
         299   114.9082    
         300   104.3176    
         301   111.7310    
         302   117.0263    
         303   110.6720    
         304   111.2015    
         305   113.8491    
         306   122.8512    
         307   110.6720    
         308   110.6720    
         309   114.9082    
         310   117.5559    
         311   108.5538    
         312   118.6149    
         313   113.3196    
         314   114.9082    
         315   121.7921    
         316   107.4948    
         317   126.0284    
         318   118.0854    
         319   118.6149    
         320   112.7901    
         321   123.9102    
         322   116.4968    
         323   117.5559    
         324   125.4988    
         325   109.6129    
         326   117.0263    
         327   114.3787    
         328   117.0263    
         329   119.1444    
         330   110.6720    
         331   110.1424    
         332   122.8512    
         333   119.6740    
         334   119.6740    
         335   121.2626    
         336   118.0854    
         337   122.8512    
         338   124.9693    
         339   112.2606    
         340   130.7941    
         341   112.7901    
         342   122.8512    
         343   124.9693    
         344   123.9102    
         345   126.0284    
         346   138.7371    
         347   113.8491    
         348   142.4438    
         349   123.9102    
         350   129.2055    
         351   136.0894    
         352   133.4418    
         353   139.7962    
         354   135.0304    
         355   139.7962    
         356   144.0324    
         357   141.9143    
         358   144.5619    
         359   153.5639    
         360   145.0915    
         361   147.2096    
         362   162.0365    
         363   147.2096    
         364   160.4479    
         365   157.8002    
         366   156.7411    
         367   172.0975    
         368   174.7452    
         369   162.5660    
         370   186.9244    
         371   162.0365    
         372   180.5700    
         373   173.1566    
         374   186.3949    
         375   196.9855    
         376   188.5130    
         377   197.5150    
         378   201.2217    
         379   192.2197    
         380   198.0446    
         381   198.0446    
         382   192.2197    
         383   210.7533    
         384   218.6963    
         385   215.5191    
         386   219.2258    
         387   218.6963    
         388   211.8123    
         389   226.1097    
         390   217.6372    
         391   226.6392    
         392   239.8775    
         393   243.5842    
         394   241.4661    
         395   235.1117    
         396   244.6433    
         397   247.8204    
         398   244.1137    
         399   237.2298    
         400   251.5272    
         401   237.7594    
         402   256.8225    
         403   258.4111    
         404   265.8245    
         405   254.1748    
         406   261.5883    
         407   242.5251    
         408   269.0017    
         409   241.9956    
         410   270.0608    
         411   250.4681    
         412   265.8245    
         413   251.5272    
         414   265.8245    
         415   261.0587    
         416   257.8815    
         417   270.5903    
         418   252.0567    
         419   284.3581    
         420   266.8836    
         421   268.4722    
         422   279.0628    
         423   283.2990    
         424   291.7715    
         425   276.9446    
         426   281.1809    
         427   287.5353    
         428   289.1239    
         429   301.3031    
         430   286.4762    
         431   294.4192    
         432   310.3051    
         433   310.8346    
         434   329.8977    
         435   315.0709    
         436   305.5393    
         437   316.1299    
         438   336.2521    
         439   338.8997    
         440   333.0749    
         441   347.9018    
         442   342.0769    
         443   354.2562    
         444   346.8427    
         445   343.1360    
         446   362.7287    
         447   343.6656    
         448   351.6085    
         449   342.6065    
         450   370.6716    
         451   366.4354    
         452   380.7327    
         453   376.4965    
         454   366.4354    
         455   386.0280    
         456   396.6186    
         457   373.8488    
         458   375.4374    
         459   390.2643    
         460   399.7958    
         461   413.5636    
         462   372.7897    
         463   411.4455    
         464   390.2643    
         465   392.9119    
         466   396.6186    
         467   405.6207    
         468   406.1502    
         469   408.2683    
         470   410.3864    
         471   410.9160    
         472   400.3253    
         473   411.9750    
         474   401.9139    
         475   416.7408    
         476   412.5045    
         477   418.8589    
         478   402.9730    
         479   442.6878    
         480   398.2072    
         481   415.1522    
         482   417.7999    
         483   415.6817    
         484   436.8630    
         485   442.6878    
         486   437.3925    
         487   428.3905    
         488   441.0992    
         489   442.1583    
         490   456.4556    
         491   434.2153    
         492   460.1623    
         493   425.2133    
         494   448.5127    
         495   464.3986    
         496   433.6858    
         497   437.3925    
         498   436.8630    
         499   478.1664    
         500   463.8690    
         501   452.7489    
         502   458.0442    
         503   453.2784    
         504   471.2825    
         505   468.6348    
         506   443.2173    
         507   450.6308    
         508   469.1644    
         509   464.3986    
         510   461.2214    
         511   462.8100    
         512   446.3945    
         513   454.3375    
         514   472.8711    
         515   478.6959    
         516   501.4658    
         517   482.4026    
         518   460.6919    
         519   472.3416    
         520   499.3476    
         521   522.6470    
         522   475.5187    
         523   460.1623    
         524   494.0523    
         525   519.9993    
         526   465.4576    
         527   493.5228    
         528   513.1154    
         529   494.0523    
         530   531.1195    
         531   507.8201    
         532   516.2926    
         533   522.6470    
         534   536.4148    
         535   559.1846    
         536   521.0584    
         537   539.0624    
         538   543.2987    
         539   563.4208    
         540   520.5289    
         541   608.9605    
         542   563.9504    
         543   542.7692    
         544   530.5900    
         545   567.6571    
         546   594.1337    
         547   542.2396    
         548   547.5349    
         549   564.4799    
         550   559.7142    
         551   640.7324    
         552   582.4839    
         553   600.4880    
         554   554.4188    
         555   581.4249    
         556   564.4799    
         557   574.5410    
         558   553.3598    
         559   557.5960    
         560   559.1846    
         561   533.7672    
         562   597.8404    
         563   542.7692    
         564   560.7732    
         565   550.7121    
         566   555.4779    
         567   558.1255    
         568   552.8303    
         569   576.6591    
         570   544.8873    
         571   557.5960    
         572   574.0115    
         573   574.5410    
         574   565.0095    
         575   580.8954    
         576   552.3007    
         577   549.6531    
         578   560.7732    
         579   564.4799    
         580   572.4229    
         581   568.1866    
         582   559.7142    
         583   558.6551    
         584   572.4229    
         585   561.8323    
         586   566.0685    
         587   582.4839    
         588   570.8343    
         589   555.4779    
         590   568.7162    
         591   582.4839    
         592   581.4249    
         593   576.1296    
         594   561.3027    
         595   583.5430    
         596   566.5980    
         597   571.8934    
         598   557.5960    
         599   590.4269    
         600   563.9504    
         601   571.3638    
         602   591.4860    
         603   576.6591    
         604   574.0115    
         605   604.7243    
         606   585.1317    
         607   586.1907    
         608   579.3068    
         609   574.5410    
         610   594.1337    
         611   581.4249    
         612   587.2498    
         613   566.0685    
         614   587.2498    
         615   584.0726    
         616   570.3047    
         617   581.9545    
         618   567.1276    
         619   579.8363    
         620   574.0115    
         621   596.2518    
         622   569.7752    
         623   552.8303    
         624   594.1337    
         625   572.4229    
         626   591.4860    
         627   592.0155    
         628   589.3679    
         629   569.2457    
         630   600.4880    
         631   573.4819    
         632   590.4269    
         633   578.2477    
         634   605.7833    
         635   589.3679    
         636   590.4269    
         637   587.7793    
         638   601.0176    
         639   593.6041    
         640   589.8974    
         641   583.5430    
         642   595.1927    
         643   614.7853    
         644   600.4880    
         645   612.6672    
         646   606.8424    
         647   624.3169    
         648   597.3109    
         649   616.9035    
         650   608.4310    
         651   643.3800    
         652   617.4330    
         653   621.1397    
         654   635.4371    
         655   633.8484    
         656   626.4351    
         657   624.3169    
         658   648.1458    
         659   637.5552    
         660   632.2599    
         661   628.5532    
         662   642.8505    
         663   625.3760    
         664   635.4371    
         665   643.3800    
         666   637.5552    
         667   626.4351    
         668   631.7303    
         669   647.6163    
         670   640.2028    
         671   642.3210    
         672   641.7914    
         673   649.7344    
         674   621.1397    
         675   660.8546    
         676   621.1397    
         677   652.9116    
         678   618.4921    
         679   648.1458    
         680   623.7874    
         681   632.2599    
         682   646.0276    
         683   637.5552    
         684   628.0236    
         685   630.1417    
         686   646.0276    
         687   631.7303    
         688   631.2008    
         689   626.9645    
         690   614.2558    
         691   630.6713    
         692   637.0256    
         693   626.9645    
         694   631.7303    
         695   628.5532    
         696   635.4371    
         697   613.1968    
         698   625.3760    
         699   619.5511    
         700   604.7242    
         701   616.3740    
         702   603.1357    
         703   633.8484    
         704   596.2518    
         705   598.8994    
         706   604.7242    
         707   597.3109    
         708   601.0176    
         709   597.3109    
         710   581.4249    
         711   598.3699    
         712   592.5450    
         713   576.6591    
         714   581.9544    
         715   581.4249    
         716   581.9545    
         717   557.0665    
         718   562.8914    
         719   587.2498    
         720   539.0624    
         721   584.6021    
         722   557.5960    
         723   543.8282    
         724   576.1296    
         725   552.8303    
         726   549.6531    
         727   553.8893    
         728   556.5370    
         729   540.6510    
         730   546.4759    
         731   570.3047    
         732   530.5900    
         733   568.1866    
         734   535.8853    
         735   541.1805    
         736   534.8262    
         737   552.8303    
         738   550.1826    
         739   545.9464    
         740   543.8282    
         741   532.1785    
         742   556.5369    
         743   531.6490    
         744   554.9484    
         745   527.4128    
         746   580.8954    
         747   504.6429    
         748   548.5940    
         749   559.7141    
         750   521.5879    
         751   510.9973    
         752   560.2437    
         753   538.0034    
         754   550.1826    
         755   521.0584    
         756   540.1215    
         757   548.5940    
         758   520.5289    
         759   533.7672    
         760   533.7672    
         761   527.9423    
         762   539.5920    
         763   526.8832    
         764   536.9443    
         765   535.3557    
         766   523.7061    
         767   536.4148    
         768   548.5940    
         769   516.2926    
         770   553.3597    
         771   512.0563    
         772   538.5329    
         773   520.5289    
         774   529.0013    
         775   514.1745    
         776   528.4718    
         777   533.7672    
         778   511.5268    
         779   529.0013    
         780   523.7061    
         781   509.9382    
         782   527.9423    
         783   532.1785    
         784   513.1154    
         785   539.5920    
         786   530.0604    
         787   501.9953    
         788   531.6490    
         789   534.8262    
         790   523.7061    
         791   523.7061    
         792   533.7672    
         793   510.4678    
         794   530.5900    
         795   529.5309    
         796   523.1765    
         797   536.9443    
         798   526.8832    
         799   537.4739    
         800   523.1765    
         801   560.7732    
         802   524.2356    
         803   552.3007    
         804   528.4718    
         805   553.3597    
         806   553.3597    
         807   554.9484    
         808   550.7121    
         809   563.9504    
         810   547.0054    
         811   588.3088    
         812   556.5369    
         813   566.0685    
         814   586.7202    
         815   552.8303    
         816   589.3679    
         817   577.7182    
         818   593.0746    
         819   587.2498    
         820   615.3149    
         821   601.5471    
         822   638.6143    
         823   630.1418    
         824   661.3841    
         825   648.6754    
         826   676.2109    
         827   729.6935    
         828   741.3433    
         829   801.1802    
         830   786.3534    
         831   852.5447    
         832   907.6160    
         833   1005.050    
         834   1017.758    
         835   1182.972    
         836   1279.876    
         837   1477.391    
         838   1668.552    
         839   1950.792    
         840   2042.930    
         841   1770.751    
         842   1278.288    
         843   957.9214    
         844   811.7709    
         845   691.5673    
         846   603.6652    
         847   574.0115    
         848   491.4047    
         849   446.9241    
         850   421.5066    
         851   410.9160    
         852   376.4965    
         853   347.3723    
         854   329.8977    
         855   316.1299    
         856   320.3662    
         857   290.7125    
         858   290.7125    
         859   278.0037    
         860   267.9426    
         861   255.2339    
         862   250.9976    
         863   240.4070    
         864   241.9956    
         865   237.2298    
         866   223.9916    
         867   212.3419    
         868   226.1097    
         869   207.5761    
         870   195.3969    
         871   206.5170    
         872   198.5741    
         873   189.0425    
         874   191.6902    
         875   184.8063    
         876   186.9244    
         877   185.8653    
         878   178.4519    
         879   184.2767    
         880   166.8022    
         881   172.0975    
         882   171.0385    
         883   167.3318    
         884   160.9774    
         885   173.6861    
         886   161.5069    
         887   166.2727    
         888   160.9774    
         889   149.8572    
         890   162.5660    
         891   162.5660    
         892   154.6230    
         893   162.0365    
         894   159.9183    
         895   144.0324    
         896   161.5069    
         897   159.3888    
         898   148.7982    
         899   163.6250    
         900   152.5049    
         901   148.7982    
         902   155.6821    
         903   156.7411    
         904   154.0935    
         905   165.2136    
         906   139.7962    
         907   155.6821    
         908   151.4458    
         909   155.1525    
         910   148.2686    
         911   151.4458    
         912   142.9733    
         913   156.7411    
         914   140.8552    
         915   162.5660    
         916   139.2666    
         917   144.0324    
         918   144.0324    
         919   154.0935    
         920   130.7941    
         921   141.9143    
         922   144.5619    
         923   142.9733    
         924   143.5029    
         925   138.2076    
         926   139.7962    
         927   131.3237    
         928   137.6780    
         929   121.2626    
         930   127.0874    
         931   121.7921    
         932   129.7351    
         933   127.0874    
         934   130.2646    
         935   126.0284    
         936   118.6149    
         937   118.6149    
         938   112.7901    
         939   117.5559    
         940   108.5538    
         941   115.4377    
         942   118.6149    
         943   112.7901    
         944   111.7310    
         945   110.1424    
         946   104.8471    
         947   109.0834    
         948   101.1404    
         949   108.0243    
         950   105.9062    
         951   99.55180    
         952   108.0243    
         953   103.7881    
         954   90.02025    
         955   105.3766    
         956   93.19743    
         957   94.25650    
         958   100.0813    
         959   87.90213    
         960   91.07932    
         961   94.25650    
         962   95.31556    
         963   91.60884    
         964   87.90213    
         965   85.25447    
         966   99.02228    
         967   81.54775    
         968   87.37260    
         969   93.72697    
         970   77.84104    
         971   86.84306    
         972   80.48869    
         973   77.31151    
         974   88.43166    
         975   69.89808    
         976   77.84104    
         977   83.66588    
         978   79.42963    
         979   76.25245    
         980   77.31151    
         981   74.66386    
         982   79.42963    
         983   65.66183    
         984   69.36855    
         985   75.72292    
         986   65.13230    
         987   66.19136    
         988   68.30949    
         989   64.07323    
         990   64.07323    
         991   66.72089    
         992   61.42558    
         993   64.60277    
         994   61.42558    
         995   61.42558    
         996   58.24840    
         997   57.71887    
         998   55.60074    
         999   55.07121    
        1000   55.07121    
        1001   58.24840    
        1002   54.54168    
        1003   55.07121    
        1004   49.77590    
        1005   46.06919    
        1006   54.01215    
        1007   49.77590    
        1008   51.89403    
        1009   46.06919    
        1010   48.71684    
        1011   41.30341    
        1012   49.24637    
        1013   47.65778    
        1014   43.95107    
        1015   44.48059    
        1016   44.48059    
        1017   43.42153    
        1018   40.77388    
        1019   46.06919    
        1020   43.42153    
        1021   44.48059    
        1022   40.24435    
        1023   44.48059    
        1024   47.12825    
