 #   Y    A
           1  0.0000000E+00
           2  0.0000000E+00
           3  0.0000000E+00
           4  0.0000000E+00
           5  0.0000000E+00
           6  0.0000000E+00
           7  0.0000000E+00
           8  0.0000000E+00
           9  0.0000000E+00
          10  0.0000000E+00
          11  0.0000000E+00
          12  0.0000000E+00
          13  0.0000000E+00
          14  0.0000000E+00
          15  0.0000000E+00
          16  0.0000000E+00
          17  0.0000000E+00
          18  0.0000000E+00
          19  0.0000000E+00
          20  0.0000000E+00
          21  0.0000000E+00
          22  0.0000000E+00
          23  0.0000000E+00
          24  0.0000000E+00
          25  0.0000000E+00
          26  0.0000000E+00
          27  0.0000000E+00
          28  0.0000000E+00
          29  0.0000000E+00
          30  0.0000000E+00
          31  0.0000000E+00
          32  0.0000000E+00
          33  0.0000000E+00
          34  0.0000000E+00
          35  0.0000000E+00
          36  0.0000000E+00
          37  0.0000000E+00
          38  0.0000000E+00
          39  0.0000000E+00
          40  0.0000000E+00
          41  0.0000000E+00
          42  0.0000000E+00
          43  0.0000000E+00
          44  0.0000000E+00
          45  0.0000000E+00
          46  0.0000000E+00
          47  0.0000000E+00
          48  0.0000000E+00
          49  0.0000000E+00
          50  0.0000000E+00
          51  0.0000000E+00
          52  0.0000000E+00
          53  0.0000000E+00
          54  0.0000000E+00
          55  0.0000000E+00
          56  0.0000000E+00
          57  0.0000000E+00
          58  0.0000000E+00
          59  0.0000000E+00
          60  0.0000000E+00
          61  0.0000000E+00
          62  0.0000000E+00
          63  0.0000000E+00
          64  0.0000000E+00
          65  0.0000000E+00
          66  0.0000000E+00
          67  0.0000000E+00
          68  0.0000000E+00
          69  0.0000000E+00
          70  0.0000000E+00
          71  0.0000000E+00
          72  0.0000000E+00
          73  0.0000000E+00
          74  0.0000000E+00
          75  0.0000000E+00
          76  0.0000000E+00
          77  0.0000000E+00
          78  0.0000000E+00
          79  0.0000000E+00
          80  0.0000000E+00
          81  0.0000000E+00
          82  0.0000000E+00
          83  0.0000000E+00
          84  0.0000000E+00
          85  0.0000000E+00
          86  0.0000000E+00
          87  0.0000000E+00
          88  0.0000000E+00
          89  0.0000000E+00
          90  0.0000000E+00
          91  0.0000000E+00
          92  0.0000000E+00
          93  0.0000000E+00
          94  0.0000000E+00
          95  0.0000000E+00
          96  0.0000000E+00
          97  0.0000000E+00
          98  0.0000000E+00
          99  0.0000000E+00
         100  0.0000000E+00
         101  0.0000000E+00
         102  0.0000000E+00
         103  0.0000000E+00
         104  0.0000000E+00
         105  0.0000000E+00
         106  0.0000000E+00
         107  0.0000000E+00
         108  0.0000000E+00
         109  0.0000000E+00
         110  0.0000000E+00
         111  0.0000000E+00
         112  0.0000000E+00
         113  0.0000000E+00
         114  0.0000000E+00
         115  0.0000000E+00
         116  0.0000000E+00
         117  0.0000000E+00
         118  0.0000000E+00
         119  0.0000000E+00
         120  0.0000000E+00
         121  0.0000000E+00
         122  0.0000000E+00
         123  0.0000000E+00
         124  0.0000000E+00
         125  0.0000000E+00
         126  0.0000000E+00
         127  0.0000000E+00
         128  0.0000000E+00
         129  0.0000000E+00
         130  0.0000000E+00
         131  0.0000000E+00
         132  0.0000000E+00
         133  0.0000000E+00
         134  0.0000000E+00
         135  0.0000000E+00
         136  0.0000000E+00
         137  0.0000000E+00
         138  0.0000000E+00
         139  0.0000000E+00
         140  0.0000000E+00
         141  0.0000000E+00
         142  0.0000000E+00
         143  0.0000000E+00
         144  0.0000000E+00
         145  0.0000000E+00
         146  0.0000000E+00
         147  0.0000000E+00
         148  0.0000000E+00
         149  0.0000000E+00
         150  0.0000000E+00
         151  0.0000000E+00
         152  0.0000000E+00
         153  0.0000000E+00
         154  0.0000000E+00
         155  0.0000000E+00
         156  0.0000000E+00
         157  0.0000000E+00
         158  0.0000000E+00
         159  0.0000000E+00
         160  0.0000000E+00
         161  0.0000000E+00
         162  0.0000000E+00
         163  0.0000000E+00
         164  0.0000000E+00
         165  0.0000000E+00
         166  0.0000000E+00
         167  0.0000000E+00
         168  0.0000000E+00
         169  0.0000000E+00
         170  0.0000000E+00
         171  0.0000000E+00
         172  0.0000000E+00
         173  0.0000000E+00
         174  0.0000000E+00
         175  0.0000000E+00
         176  0.0000000E+00
         177  0.0000000E+00
         178  0.0000000E+00
         179  0.0000000E+00
         180  0.0000000E+00
         181  0.0000000E+00
         182  0.0000000E+00
         183  0.0000000E+00
         184  0.0000000E+00
         185  0.0000000E+00
         186  0.0000000E+00
         187  0.0000000E+00
         188  0.0000000E+00
         189  0.0000000E+00
         190  0.0000000E+00
         191  0.0000000E+00
         192  0.0000000E+00
         193  0.0000000E+00
         194  0.0000000E+00
         195  0.0000000E+00
         196  0.0000000E+00
         197  0.0000000E+00
         198  0.0000000E+00
         199  0.0000000E+00
         200  0.0000000E+00
         201  0.0000000E+00
         202  0.0000000E+00
         203  0.0000000E+00
         204  0.0000000E+00
         205  0.0000000E+00
         206  0.0000000E+00
         207  0.0000000E+00
         208  0.0000000E+00
         209  0.0000000E+00
         210  0.0000000E+00
         211  0.0000000E+00
         212  0.0000000E+00
         213  0.0000000E+00
         214  0.0000000E+00
         215  0.0000000E+00
         216  0.0000000E+00
         217  0.0000000E+00
         218  0.0000000E+00
         219  0.0000000E+00
         220  0.0000000E+00
         221  0.0000000E+00
         222  0.0000000E+00
         223  0.0000000E+00
         224  0.0000000E+00
         225  0.0000000E+00
         226  0.0000000E+00
         227  0.0000000E+00
         228  0.0000000E+00
         229  0.0000000E+00
         230  0.0000000E+00
         231  0.0000000E+00
         232  0.0000000E+00
         233  0.0000000E+00
         234  0.0000000E+00
         235  0.0000000E+00
         236  0.0000000E+00
         237  0.0000000E+00
         238  0.0000000E+00
         239  0.0000000E+00
         240  0.0000000E+00
         241  0.0000000E+00
         242  0.0000000E+00
         243  0.0000000E+00
         244  0.0000000E+00
         245  0.0000000E+00
         246  0.0000000E+00
         247  0.0000000E+00
         248  0.0000000E+00
         249  0.0000000E+00
         250  0.0000000E+00
         251  0.0000000E+00
         252  0.0000000E+00
         253  0.0000000E+00
         254  0.0000000E+00
         255  0.0000000E+00
         256  0.0000000E+00
         257  0.0000000E+00
         258  0.0000000E+00
         259  0.0000000E+00
         260  0.0000000E+00
         261  0.0000000E+00
         262  0.0000000E+00
         263  0.0000000E+00
         264  0.0000000E+00
         265  0.0000000E+00
         266  0.0000000E+00
         267  0.0000000E+00
         268  0.0000000E+00
         269  0.0000000E+00
         270  0.0000000E+00
         271  0.0000000E+00
         272  0.0000000E+00
         273  0.0000000E+00
         274  0.0000000E+00
         275  0.0000000E+00
         276  0.0000000E+00
         277  0.0000000E+00
         278  0.0000000E+00
         279  0.0000000E+00
         280  0.0000000E+00
         281  0.0000000E+00
         282  0.0000000E+00
         283  0.0000000E+00
         284  0.0000000E+00
         285  0.0000000E+00
         286  0.0000000E+00
         287  0.0000000E+00
         288  0.0000000E+00
         289  0.0000000E+00
         290  0.0000000E+00
         291  0.0000000E+00
         292  0.0000000E+00
         293  0.0000000E+00
         294  0.0000000E+00
         295  0.0000000E+00
         296  0.0000000E+00
         297  0.0000000E+00
         298  0.0000000E+00
         299  0.0000000E+00
         300  0.0000000E+00
         301  0.0000000E+00
         302  0.0000000E+00
         303  0.0000000E+00
         304  0.0000000E+00
         305  0.0000000E+00
         306  0.0000000E+00
         307  0.0000000E+00
         308  0.0000000E+00
         309  0.0000000E+00
         310  0.0000000E+00
         311  0.0000000E+00
         312  0.0000000E+00
         313  0.0000000E+00
         314  0.0000000E+00
         315  0.0000000E+00
         316  0.0000000E+00
         317  0.0000000E+00
         318  0.0000000E+00
         319  0.0000000E+00
         320  0.0000000E+00
         321  0.0000000E+00
         322  0.0000000E+00
         323  0.0000000E+00
         324  0.0000000E+00
         325  0.0000000E+00
         326  0.0000000E+00
         327  0.0000000E+00
         328  0.0000000E+00
         329  0.0000000E+00
         330  0.0000000E+00
         331   1.588593    
         332   10.59062    
         333   16.41546    
         334   23.29936    
         335   25.41748    
         336   27.53561    
         337   28.06514    
         338   31.24232    
         339   31.77185    
         340   23.82889    
         341   30.18326    
         342   30.18326    
         343   55.07121    
         344   23.82889    
         345   36.53763    
         346   25.94701    
         347   33.88998    
         348   31.77185    
         349   38.12622    
         350   34.94904    
         351   32.83091    
         352   37.06716    
         353   44.48059    
         354   38.12622    
         355   42.89200    
         356   37.59669    
         357   39.71482    
         358   47.12825    
         359   50.30544    
         360   47.12825    
         361   38.12622    
         362   40.77388    
         363   42.89200    
         364   39.18529    
         365   42.36247    
         366   42.89200    
         367   55.60074    
         368   39.18528    
         369   47.12825    
         370   37.06716    
         371   39.71482    
         372   52.95309    
         373   51.36449    
         374   41.83294    
         375   50.83496    
         376   54.54168    
         377   47.12825    
         378   50.30544    
         379   62.48465    
         380   57.71887    
         381   49.77590    
         382   53.48262    
         383   58.77793    
         384   68.83901    
         385   60.36652    
         386   55.07121    
         387   55.60074    
         388   76.25245    
         389   59.30746    
         390   60.89605    
         391   78.37057    
         392   72.54573    
         393   70.95714    
         394   73.60479    
         395   69.36855    
         396   91.60884    
         397   82.07729    
         398   82.07729    
         399   83.13635    
         400   91.07932    
         401   90.02025    
         402   85.25447    
         403   107.4948    
         404   112.2605    
         405   99.55180    
         406   110.6720    
         407   113.8491    
         408   124.9693    
         409   131.8532    
         410   148.2686    
         411   140.8552    
         412   154.0935    
         413   173.1566    
         414   172.0975    
         415   184.8063    
         416   207.0466    
         417   223.9916    
         418   244.6433    
         419   256.8225    
         420   292.8306    
         421   312.4232    
         422   339.9588    
         423   375.9669    
         424   409.3274    
         425   456.4556    
         426   506.7610    
         427   594.6631    
         428   664.0317    
         429   677.2700    
         430   693.6855    
         431   677.2700    
         432   675.1519    
         433   674.6223    
         434   686.2720    
         435   705.3351    
         436   662.4431    
         437   697.3922    
         438   671.9747    
         439   708.5123    
         440   669.3270    
         441   698.9808    
         442   668.2679    
         443   701.0989    
         444   680.4472    
         445   702.6875    
         446   673.5633    
         447   719.6324    
         448   713.2781    
         449   722.2802    
         450   756.1701    
         451   733.9298    
         452   775.7628    
         453   784.2352    
         454   800.1212    
         455   839.8360    
         456   856.2514    
         457   904.9683    
         458   943.6240    
         459   975.9254    
         460   1032.056    
         461   1059.062    
         462   1083.950    
         463   1176.088    
         464   1155.966    
         465   1185.620    
         466   1188.797    
         467   1205.212    
         468   1188.267    
         469   1181.383    
         470   1191.444    
         471   1170.793    
         472   1197.799    
         473   1180.324    
         474   1199.917    
         475   1229.571    
         476   1226.394    
         477   1284.642    
         478   1313.766    
         479   1340.243    
         480   1363.542    
         481   1415.436    
         482   1478.980    
         483   1495.395    
         484   1536.699    
         485   1602.360    
         486   1609.774    
         487   1697.146    
         488   1688.674    
         489   1818.409    
         490   1899.957    
         491   2038.694    
         492   2261.626    
         493   2447.492    
         494   2772.624    
         495   3144.354    
         496   3441.951    
         497   3904.231    
         498   4083.742    
         499   4433.232    
         500   4581.501    
         501   4331.562    
         502   4092.215    
         503   4050.911    
         504   4068.386    
         505   3652.704    
         506   3252.908    
         507   2895.475    
         508   2548.632    
         509   2395.598    
         510   2490.384    
         511   2214.498    
         512   2019.101    
         513   1764.926    
         514   1704.560    
         515   1612.951    
         516   1639.957    
         517   1569.530    
         518   1485.334    
         519   1472.625    
         520   1397.432    
         521   1399.550    
         522   1346.068    
         523   1352.951    
         524   1304.234    
         525   1269.286    
         526   1281.994    
         527   1205.212    
         528   1225.334    
         529   1191.974    
         530   1203.624    
         531   1148.552    
         532   1164.438    
         533   1148.023    
         534   1163.379    
         535   1121.546    
         536   1135.844    
         537   1157.025    
         538   1116.781    
         539   1136.903    
         540   1148.552    
         541   1088.186    
         542   1107.249    
         543   1122.605    
         544   1070.182    
         545   1139.021    
         546   1110.956    
         547   1130.019    
         548   1103.542    
         549   1168.675    
         550   1171.322    
         551   1130.019    
         552   1106.719    
         553   1162.850    
         554   1150.671    
         555   1160.202    
         556   1174.500    
         557   1188.797    
         558   1142.198    
         559   1131.078    
         560   1177.147    
         561   1092.952    
         562   1146.964    
         563   1078.654    
         564   1112.544    
         565   1117.840    
         566   1136.903    
         567   1104.601    
         568   1126.312    
         569   1110.426    
         570   1134.785    
         571   1109.897    
         572   1079.714    
         573   1135.314    
         574   1085.009    
         575   1161.791    
         576   1097.188    
         577   1096.658    
         578   1086.068    
         579   1107.249    
         580   1036.821    
         581   1084.479    
         582   1006.109    
         583   1014.052    
         584   1079.184    
         585   1006.109    
         586   1074.948    
         587   1019.876    
         588   1073.889    
         589   1036.821    
         590   1068.064    
         591   1044.235    
         592   1057.473    
         593   1043.176    
         594   1078.654    
         595   1047.412    
         596   1061.180    
         597   1017.758    
         598   1136.373    
         599   1006.638    
         600   1040.528    
         601   1006.109    
         602   982.8093    
         603   1028.879    
         604   1033.644    
         605   1038.410    
         606   1061.180    
         607   1048.471    
         608   1053.766    
         609   1031.526    
         610   1071.771    
         611   1078.654    
         612   1104.601    
         613   1069.123    
         614   1066.475    
         615   1075.477    
         616   1127.901    
         617   1086.597    
         618   1090.834    
         619   1110.956    
         620   1108.308    
         621   1044.764    
         622   1092.422    
         623   1061.709    
         624   1090.834    
         625   1047.942    
         626   1084.479    
         627   1041.587    
         628   1086.068    
         629   1005.050    
         630   1043.176    
         631   1018.817    
         632   999.2248    
         633   998.1657    
         634   996.0476    
         635   1002.932    
         636   977.5140    
         637   1020.406    
         638   960.0395    
         639   983.8684    
         640   1003.461    
         641   969.0415    
         642   953.6851    
         643   933.5629    
         644   936.2106    
         645   899.6730    
         646   889.6119    
         647   884.3166    
         648   882.7280    
         649   847.2494    
         650   794.8259    
         651   843.0132    
         652   786.8829    
         653   769.4084    
         654   724.9278    
         655   709.0419    
         656   685.7425    
         657   659.2659    
         658   636.4961    
         659   610.0196    
         660   608.4310    
         661   571.3638    
         662   566.5980    
         663   527.9423    
         664   550.1826    
         665   506.7610    
         666   503.0544    
         667   498.2886    
         668   449.5717    
         669   458.0442    
         670   433.1562    
         671   436.8630    
         672   418.8589    
         673   404.0321    
         674   379.6736    
         675   404.5616    
         676   380.7327    
         677   371.7307    
         678   373.3193    
         679   360.6105    
         680   356.9038    
         681   333.6045    
         682   348.9608    
         683   309.2460    
         684   327.7796    
         685   323.0139    
         686   296.0078    
         687   295.4782    
         688   292.3011    
         689   285.9467    
         690   282.7695    
         691   267.4131    
         692   272.1789    
         693   270.5903    
         694   255.2339    
         695   255.2339    
         696   259.9997    
         697   236.7003    
         698   249.4090    
         699   238.2889    
         700   240.9366    
         701   242.5251    
         702   223.4620    
         703   236.1708    
         704   208.6352    
         705   232.4641    
         706   215.5191    
         707   225.0506    
         708   194.8674    
         709   211.2828    
         710   200.1627    
         711   184.8063    
         712   193.8083    
         713   196.9855    
         714   200.6922    
         715   169.4499    
         716   173.1566    
         717   171.5680    
         718   178.4519    
         719   171.0385    
         720   164.1546    
         721   163.6250    
         722   153.0344    
         723   149.8572    
         724   152.5049    
         725   162.5660    
         726   155.6821    
         727   141.3848    
         728   132.3827    
         729   126.5579    
         730   136.0894    
         731   129.7351    
         732   133.4418    
         733   119.6740    
         734   124.4398    
         735   121.2626    
         736   112.7901    
         737   109.6129    
         738   110.6720    
         739   99.55180    
         740   7.413432    
         741  0.0000000E+00
         742  0.0000000E+00
         743  0.0000000E+00
         744  0.0000000E+00
         745  0.0000000E+00
         746  0.0000000E+00
         747  0.0000000E+00
         748  0.0000000E+00
         749  0.0000000E+00
         750  0.0000000E+00
         751  0.0000000E+00
         752  0.0000000E+00
         753  0.0000000E+00
         754  0.0000000E+00
         755  0.0000000E+00
         756  0.0000000E+00
         757  0.0000000E+00
         758  0.0000000E+00
         759  0.0000000E+00
         760  0.0000000E+00
         761  0.0000000E+00
         762  0.0000000E+00
         763  0.0000000E+00
         764  0.0000000E+00
         765  0.0000000E+00
         766  0.0000000E+00
         767  0.0000000E+00
         768  0.0000000E+00
         769  0.0000000E+00
         770  0.0000000E+00
         771  0.0000000E+00
         772  0.0000000E+00
         773  0.0000000E+00
         774  0.0000000E+00
         775  0.0000000E+00
         776  0.0000000E+00
         777  0.0000000E+00
         778  0.0000000E+00
         779  0.0000000E+00
         780  0.0000000E+00
         781  0.0000000E+00
         782  0.0000000E+00
         783  0.0000000E+00
         784  0.0000000E+00
         785  0.0000000E+00
         786  0.0000000E+00
         787  0.0000000E+00
         788  0.0000000E+00
         789  0.0000000E+00
         790  0.0000000E+00
         791  0.0000000E+00
         792  0.0000000E+00
         793  0.0000000E+00
         794  0.0000000E+00
         795  0.0000000E+00
         796  0.0000000E+00
         797  0.0000000E+00
         798  0.0000000E+00
         799  0.0000000E+00
         800  0.0000000E+00
         801  0.0000000E+00
         802  0.0000000E+00
         803  0.0000000E+00
         804  0.0000000E+00
         805  0.0000000E+00
         806  0.0000000E+00
         807  0.0000000E+00
         808  0.0000000E+00
         809  0.0000000E+00
         810  0.0000000E+00
         811  0.0000000E+00
         812  0.0000000E+00
         813  0.0000000E+00
         814  0.0000000E+00
         815  0.0000000E+00
         816  0.0000000E+00
         817  0.0000000E+00
         818  0.0000000E+00
         819  0.0000000E+00
         820  0.0000000E+00
         821  0.0000000E+00
         822  0.0000000E+00
         823  0.0000000E+00
         824  0.0000000E+00
         825  0.0000000E+00
         826  0.0000000E+00
         827  0.0000000E+00
         828  0.0000000E+00
         829  0.0000000E+00
         830  0.0000000E+00
         831  0.0000000E+00
         832  0.0000000E+00
         833  0.0000000E+00
         834  0.0000000E+00
         835  0.0000000E+00
         836  0.0000000E+00
         837  0.0000000E+00
         838  0.0000000E+00
         839  0.0000000E+00
         840  0.0000000E+00
         841  0.0000000E+00
         842  0.0000000E+00
         843  0.0000000E+00
         844  0.0000000E+00
         845  0.0000000E+00
         846  0.0000000E+00
         847  0.0000000E+00
         848  0.0000000E+00
         849  0.0000000E+00
         850  0.0000000E+00
         851  0.0000000E+00
         852  0.0000000E+00
         853  0.0000000E+00
         854  0.0000000E+00
         855  0.0000000E+00
         856  0.0000000E+00
         857  0.0000000E+00
         858  0.0000000E+00
         859  0.0000000E+00
         860  0.0000000E+00
         861  0.0000000E+00
         862  0.0000000E+00
         863  0.0000000E+00
         864  0.0000000E+00
         865  0.0000000E+00
         866  0.0000000E+00
         867  0.0000000E+00
         868  0.0000000E+00
         869  0.0000000E+00
         870  0.0000000E+00
         871  0.0000000E+00
         872  0.0000000E+00
         873  0.0000000E+00
         874  0.0000000E+00
         875  0.0000000E+00
         876  0.0000000E+00
         877  0.0000000E+00
         878  0.0000000E+00
         879  0.0000000E+00
         880  0.0000000E+00
         881  0.0000000E+00
         882  0.0000000E+00
         883  0.0000000E+00
         884  0.0000000E+00
         885  0.0000000E+00
         886  0.0000000E+00
         887  0.0000000E+00
         888  0.0000000E+00
         889  0.0000000E+00
         890  0.0000000E+00
         891  0.0000000E+00
         892  0.0000000E+00
         893  0.0000000E+00
         894  0.0000000E+00
         895  0.0000000E+00
         896  0.0000000E+00
         897  0.0000000E+00
         898  0.0000000E+00
         899  0.0000000E+00
         900  0.0000000E+00
         901  0.0000000E+00
         902  0.0000000E+00
         903  0.0000000E+00
         904  0.0000000E+00
         905  0.0000000E+00
         906  0.0000000E+00
         907  0.0000000E+00
         908  0.0000000E+00
         909  0.0000000E+00
         910  0.0000000E+00
         911  0.0000000E+00
         912  0.0000000E+00
         913  0.0000000E+00
         914  0.0000000E+00
         915  0.0000000E+00
         916  0.0000000E+00
         917  0.0000000E+00
         918  0.0000000E+00
         919  0.0000000E+00
         920  0.0000000E+00
         921  0.0000000E+00
         922  0.0000000E+00
         923  0.0000000E+00
         924  0.0000000E+00
         925  0.0000000E+00
         926  0.0000000E+00
         927  0.0000000E+00
         928  0.0000000E+00
         929  0.0000000E+00
         930  0.0000000E+00
         931  0.0000000E+00
         932  0.0000000E+00
         933  0.0000000E+00
         934  0.0000000E+00
         935  0.0000000E+00
         936  0.0000000E+00
         937  0.0000000E+00
         938  0.0000000E+00
         939  0.0000000E+00
         940  0.0000000E+00
         941  0.0000000E+00
         942  0.0000000E+00
         943  0.0000000E+00
         944  0.0000000E+00
         945  0.0000000E+00
         946  0.0000000E+00
         947  0.0000000E+00
         948  0.0000000E+00
         949  0.0000000E+00
         950  0.0000000E+00
         951  0.0000000E+00
         952  0.0000000E+00
         953  0.0000000E+00
         954  0.0000000E+00
         955  0.0000000E+00
         956  0.0000000E+00
         957  0.0000000E+00
         958  0.0000000E+00
         959  0.0000000E+00
         960  0.0000000E+00
         961  0.0000000E+00
         962  0.0000000E+00
         963  0.0000000E+00
         964  0.0000000E+00
         965  0.0000000E+00
         966  0.0000000E+00
         967  0.0000000E+00
         968  0.0000000E+00
         969  0.0000000E+00
         970  0.0000000E+00
         971  0.0000000E+00
         972  0.0000000E+00
         973  0.0000000E+00
         974  0.0000000E+00
         975  0.0000000E+00
         976  0.0000000E+00
         977  0.0000000E+00
         978  0.0000000E+00
         979  0.0000000E+00
         980  0.0000000E+00
         981  0.0000000E+00
         982  0.0000000E+00
         983  0.0000000E+00
         984  0.0000000E+00
         985  0.0000000E+00
         986  0.0000000E+00
         987  0.0000000E+00
         988  0.0000000E+00
         989  0.0000000E+00
         990  0.0000000E+00
         991  0.0000000E+00
         992  0.0000000E+00
         993  0.0000000E+00
         994  0.0000000E+00
         995  0.0000000E+00
         996  0.0000000E+00
         997  0.0000000E+00
         998  0.0000000E+00
         999  0.0000000E+00
        1000  0.0000000E+00
        1001  0.0000000E+00
        1002  0.0000000E+00
        1003  0.0000000E+00
        1004  0.0000000E+00
        1005  0.0000000E+00
        1006  0.0000000E+00
        1007  0.0000000E+00
        1008  0.0000000E+00
        1009  0.0000000E+00
        1010  0.0000000E+00
        1011  0.0000000E+00
        1012  0.0000000E+00
        1013  0.0000000E+00
        1014  0.0000000E+00
        1015  0.0000000E+00
        1016  0.0000000E+00
        1017  0.0000000E+00
        1018  0.0000000E+00
        1019  0.0000000E+00
        1020  0.0000000E+00
        1021  0.0000000E+00
        1022  0.0000000E+00
        1023  0.0000000E+00
        1024  0.0000000E+00
