 #   Y    A
           1  0.0000000E+00
           2  0.0000000E+00
           3  0.0000000E+00
           4  0.0000000E+00
           5  0.0000000E+00
           6  0.0000000E+00
           7  0.0000000E+00
           8  0.0000000E+00
           9  0.0000000E+00
          10  0.0000000E+00
          11  0.0000000E+00
          12  0.0000000E+00
          13  0.0000000E+00
          14  0.0000000E+00
          15  0.0000000E+00
          16  0.0000000E+00
          17  0.0000000E+00
          18  0.0000000E+00
          19  0.0000000E+00
          20  0.0000000E+00
          21  0.0000000E+00
          22  0.0000000E+00
          23  0.0000000E+00
          24  0.0000000E+00
          25  0.0000000E+00
          26  0.0000000E+00
          27  0.0000000E+00
          28  0.0000000E+00
          29  0.0000000E+00
          30  0.0000000E+00
          31  0.0000000E+00
          32  0.0000000E+00
          33  0.0000000E+00
          34  0.0000000E+00
          35  0.0000000E+00
          36  0.0000000E+00
          37  0.0000000E+00
          38  0.0000000E+00
          39  0.0000000E+00
          40  0.0000000E+00
          41  0.0000000E+00
          42  0.0000000E+00
          43  0.0000000E+00
          44  0.0000000E+00
          45  0.0000000E+00
          46  0.0000000E+00
          47  0.0000000E+00
          48  0.0000000E+00
          49  0.0000000E+00
          50  0.0000000E+00
          51  0.0000000E+00
          52  0.0000000E+00
          53  0.0000000E+00
          54  0.0000000E+00
          55  0.0000000E+00
          56  0.0000000E+00
          57  0.0000000E+00
          58  0.0000000E+00
          59  0.0000000E+00
          60  0.0000000E+00
          61  0.0000000E+00
          62  0.0000000E+00
          63  0.0000000E+00
          64  0.0000000E+00
          65  0.0000000E+00
          66  0.0000000E+00
          67  0.0000000E+00
          68  0.0000000E+00
          69  0.0000000E+00
          70  0.0000000E+00
          71  0.0000000E+00
          72  0.0000000E+00
          73  0.0000000E+00
          74  0.0000000E+00
          75  0.0000000E+00
          76  0.0000000E+00
          77  0.0000000E+00
          78  0.0000000E+00
          79  0.0000000E+00
          80  0.0000000E+00
          81  0.0000000E+00
          82  0.0000000E+00
          83  0.0000000E+00
          84  0.0000000E+00
          85  0.0000000E+00
          86  0.0000000E+00
          87  0.0000000E+00
          88  0.0000000E+00
          89  0.0000000E+00
          90  0.0000000E+00
          91  0.0000000E+00
          92  0.0000000E+00
          93  0.0000000E+00
          94  0.0000000E+00
          95  0.0000000E+00
          96  0.0000000E+00
          97  0.0000000E+00
          98  0.0000000E+00
          99  0.0000000E+00
         100  0.0000000E+00
         101  0.0000000E+00
         102  0.0000000E+00
         103  0.0000000E+00
         104  0.0000000E+00
         105  0.0000000E+00
         106  0.0000000E+00
         107  0.0000000E+00
         108  0.0000000E+00
         109  0.0000000E+00
         110  0.0000000E+00
         111  0.0000000E+00
         112  0.0000000E+00
         113  0.0000000E+00
         114  0.0000000E+00
         115  0.0000000E+00
         116  0.0000000E+00
         117  0.0000000E+00
         118  0.0000000E+00
         119  0.0000000E+00
         120  0.0000000E+00
         121  0.0000000E+00
         122  0.0000000E+00
         123  0.0000000E+00
         124  0.0000000E+00
         125  0.0000000E+00
         126  0.0000000E+00
         127  0.0000000E+00
         128  0.0000000E+00
         129  0.0000000E+00
         130  0.0000000E+00
         131  0.0000000E+00
         132  0.0000000E+00
         133  0.0000000E+00
         134  0.0000000E+00
         135  0.0000000E+00
         136  0.0000000E+00
         137  0.0000000E+00
         138  0.0000000E+00
         139  0.0000000E+00
         140  0.0000000E+00
         141  0.0000000E+00
         142  0.0000000E+00
         143  0.0000000E+00
         144  0.0000000E+00
         145  0.0000000E+00
         146  0.0000000E+00
         147  0.0000000E+00
         148  0.0000000E+00
         149  0.0000000E+00
         150  0.0000000E+00
         151  0.0000000E+00
         152  0.0000000E+00
         153  0.0000000E+00
         154  0.0000000E+00
         155  0.0000000E+00
         156  0.0000000E+00
         157  0.0000000E+00
         158  0.0000000E+00
         159  0.0000000E+00
         160  0.0000000E+00
         161  0.0000000E+00
         162  0.0000000E+00
         163  0.0000000E+00
         164  0.0000000E+00
         165  0.0000000E+00
         166  0.0000000E+00
         167  0.0000000E+00
         168  0.0000000E+00
         169  0.0000000E+00
         170  0.0000000E+00
         171  0.0000000E+00
         172  0.0000000E+00
         173  0.0000000E+00
         174  0.0000000E+00
         175  0.0000000E+00
         176  0.0000000E+00
         177  0.0000000E+00
         178  0.0000000E+00
         179  0.0000000E+00
         180  0.0000000E+00
         181  0.0000000E+00
         182  0.0000000E+00
         183  0.0000000E+00
         184  0.0000000E+00
         185  0.0000000E+00
         186  0.0000000E+00
         187  0.0000000E+00
         188  0.0000000E+00
         189  0.0000000E+00
         190  0.0000000E+00
         191  0.0000000E+00
         192  0.0000000E+00
         193  0.0000000E+00
         194  0.0000000E+00
         195  0.0000000E+00
         196  0.0000000E+00
         197  0.0000000E+00
         198  0.0000000E+00
         199  0.0000000E+00
         200  0.0000000E+00
         201  0.0000000E+00
         202  0.0000000E+00
         203  0.0000000E+00
         204  0.0000000E+00
         205  0.0000000E+00
         206  0.0000000E+00
         207  0.0000000E+00
         208  0.0000000E+00
         209  0.0000000E+00
         210  0.0000000E+00
         211  0.0000000E+00
         212  0.0000000E+00
         213  0.0000000E+00
         214  0.0000000E+00
         215  0.0000000E+00
         216  0.0000000E+00
         217  0.0000000E+00
         218  0.0000000E+00
         219  0.0000000E+00
         220  0.0000000E+00
         221  0.0000000E+00
         222  0.0000000E+00
         223  0.0000000E+00
         224  0.0000000E+00
         225  0.0000000E+00
         226  0.0000000E+00
         227  0.0000000E+00
         228  0.0000000E+00
         229  0.0000000E+00
         230  0.0000000E+00
         231  0.0000000E+00
         232  0.0000000E+00
         233  0.0000000E+00
         234  0.0000000E+00
         235  0.0000000E+00
         236  0.0000000E+00
         237  0.0000000E+00
         238  0.0000000E+00
         239  0.0000000E+00
         240  0.0000000E+00
         241  0.0000000E+00
         242  0.0000000E+00
         243  0.0000000E+00
         244  0.0000000E+00
         245  0.0000000E+00
         246  0.0000000E+00
         247  0.0000000E+00
         248  0.0000000E+00
         249  0.0000000E+00
         250  0.0000000E+00
         251  0.0000000E+00
         252  0.0000000E+00
         253  0.0000000E+00
         254  0.0000000E+00
         255  0.0000000E+00
         256  0.0000000E+00
         257  0.0000000E+00
         258  0.0000000E+00
         259  0.0000000E+00
         260  0.0000000E+00
         261  0.0000000E+00
         262  0.0000000E+00
         263  0.0000000E+00
         264  0.0000000E+00
         265  0.0000000E+00
         266  0.0000000E+00
         267  0.0000000E+00
         268  0.0000000E+00
         269  0.0000000E+00
         270  0.0000000E+00
         271  0.0000000E+00
         272  0.0000000E+00
         273  0.0000000E+00
         274  0.0000000E+00
         275  0.0000000E+00
         276  0.0000000E+00
         277  0.0000000E+00
         278  0.0000000E+00
         279  0.0000000E+00
         280  0.0000000E+00
         281  0.0000000E+00
         282  0.0000000E+00
         283  0.0000000E+00
         284  0.0000000E+00
         285  0.0000000E+00
         286  0.0000000E+00
         287  0.0000000E+00
         288  0.0000000E+00
         289  0.0000000E+00
         290  0.0000000E+00
         291  0.0000000E+00
         292  0.0000000E+00
         293  0.0000000E+00
         294  0.0000000E+00
         295  0.0000000E+00
         296  0.0000000E+00
         297  0.0000000E+00
         298  0.0000000E+00
         299   1.059062    
         300   5.295309    
         301   11.64968    
         302   18.53358    
         303   21.71077    
         304   20.12217    
         305   23.29936    
         306   24.88795    
         307   28.59467    
         308   23.29936    
         309   27.53561    
         310   19.59264    
         311   28.59467    
         312   16.94499    
         313   35.47857    
         314   40.77388    
         315   20.65170    
         316   29.12420    
         317   20.65170    
         318   28.59467    
         319   28.06514    
         320   24.88795    
         321   31.24232    
         322   30.71279    
         323   26.47654    
         324   27.00607    
         325   28.59467    
         326   29.65373    
         327   35.47857    
         328   35.47857    
         329   27.53561    
         330   32.83091    
         331   25.41748    
         332   35.47857    
         333   40.77388    
         334   37.59669    
         335   30.71279    
         336   36.00810    
         337   31.77185    
         338   28.59467    
         339   28.59467    
         340   36.00810    
         341   28.59467    
         342   36.00810    
         343   32.83091    
         344   42.89200    
         345   40.24435    
         346   31.77185    
         347   31.77185    
         348   33.36045    
         349   36.53763    
         350   37.59669    
         351   42.89200    
         352   40.77388    
         353   49.24637    
         354   30.71279    
         355   43.42153    
         356   40.77388    
         357   32.83091    
         358   36.53763    
         359   43.42153    
         360   56.13028    
         361   34.94904    
         362   38.65575    
         363   41.83294    
         364   41.83294    
         365   57.71887    
         366   50.83496    
         367   48.71684    
         368   53.48262    
         369   47.65778    
         370   46.06919    
         371   54.54168    
         372   50.30544    
         373   52.95309    
         374   43.42153    
         375   70.95714    
         376   62.48465    
         377   46.59872    
         378   64.07323    
         379   51.89403    
         380   61.95511    
         381   65.66183    
         382   62.48465    
         383   81.01823    
         384   64.07323    
         385   71.48667    
         386   74.66386    
         387   78.37057    
         388   76.78197    
         389   76.78197    
         390   86.84306    
         391   102.7290    
         392   94.25650    
         393   92.13837    
         394   91.60884    
         395   105.9062    
         396   111.7310    
         397   115.9673    
         398   124.9693    
         399   129.7351    
         400   136.0894    
         401   142.9733    
         402   181.6291    
         403   156.7411    
         404   183.2177    
         405   186.9244    
         406   199.6331    
         407   218.1667    
         408   215.5191    
         409   240.9366    
         410   255.2339    
         411   300.7735    
         412   297.5963    
         413   293.3601    
         414   309.2460    
         415   335.7226    
         416   345.2542    
         417   339.4293    
         418   356.9038    
         419   344.7246    
         420   364.3172    
         421   347.9018    
         422   358.4924    
         423   377.5555    
         424   336.2521    
         425   373.8488    
         426   334.1340    
         427   376.4965    
         428   364.8468    
         429   369.0830    
         430   379.6736    
         431   391.3233    
         432   421.5066    
         433   441.6288    
         434   441.6288    
         435   457.5147    
         436   478.1664    
         437   489.2865    
         438   534.2967    
         439   534.8262    
         440   561.8323    
         441   577.7182    
         442   584.6021    
         443   589.8974    
         444   634.3780    
         445   653.4411    
         446   675.6814    
         447   694.7445    
         448   699.5103    
         449   761.9949    
         450   793.7668    
         451   818.1252    
         452   882.7280    
         453   870.5488    
         454   923.5018    
         455   960.0395    
         456   1026.231    
         457   1023.054    
         458   1026.231    
         459   1055.885    
         460   1073.889    
         461   1064.357    
         462   1098.777    
         463   1020.936    
         464   1046.883    
         465   1047.942    
         466   1038.940    
         467   994.4590    
         468   1016.170    
         469   965.8643    
         470   1008.756    
         471   999.7543    
         472   949.9784    
         473   989.6932    
         474   940.9764    
         475   983.3389    
         476   974.8664    
         477   993.9294    
         478   999.7543    
         479   1002.932    
         480   1030.997    
         481   1045.823    
         482   1061.180    
         483   1056.944    
         484   1102.483    
         485   1078.125    
         486   1122.076    
         487   1116.251    
         488   1088.715    
         489   1160.202    
         490   1133.726    
         491   1113.603    
         492   1161.791    
         493   1099.836    
         494   1147.493    
         495   1122.076    
         496   1103.013    
         497   1147.493    
         498   1137.962    
         499   1128.430    
         500   1180.324    
         501   1164.968    
         502   1168.675    
         503   1168.145    
         504   1195.151    
         505   1200.976    
         506   1214.744    
         507   1209.448    
         508   1196.740    
         509   1241.220    
         510   1194.092    
         511   1224.275    
         512   1231.689    
         513   1192.504    
         514   1231.689    
         515   1218.451    
         516   1218.451    
         517   1213.155    
         518   1238.043    
         519   1253.929    
         520   1240.691    
         521   1276.169    
         522   1289.937    
         523   1262.931    
         524   1297.351    
         525   1319.591    
         526   1344.479    
         527   1359.306    
         528   1397.962    
         529   1396.902    
         530   1453.033    
         531   1515.517    
         532   1502.809    
         533   1535.640    
         534   1567.411    
         535   1643.664    
         536   1675.965    
         537   1735.273    
         538   1743.745    
         539   1767.574    
         540   1822.116    
         541   1815.232    
         542   1805.171    
         543   1806.230    
         544   1808.877    
         545   1840.649    
         546   1851.240    
         547   1912.666    
         548   1966.148    
         549   2033.399    
         550   2145.130    
         551   2219.264    
         552   2292.869    
         553   2513.683    
         554   2628.062    
         555   2953.723    
         556   3213.193    
         557   3607.694    
         558   3946.064    
         559   4564.556    
         560   4924.637    
         561   5314.901    
         562   5919.626    
         563   6060.481    
         564   5735.878    
         565   5360.971    
         566   3942.357    
         567   3018.326    
         568   2646.595    
         569   2372.298    
         570   2125.537    
         571   2007.981    
         572   1900.486    
         573   1766.515    
         574   1697.676    
         575   1592.829    
         576   1540.405    
         577   1491.688    
         578   1546.760    
         579   1437.147    
         580   1404.316    
         581   1342.890    
         582   1304.764    
         583   1314.296    
         584   1296.292    
         585   1283.583    
         586   1235.925    
         587   1211.567    
         588   1191.974    
         589   1186.149    
         590   1221.628    
         591   1137.432    
         592   1182.443    
         593   1173.440    
         594   1137.432    
         595   1128.960    
         596   1092.952    
         597   1127.371    
         598   1093.481    
         599   1087.656    
         600   1109.367    
         601   1086.068    
         602   1123.135    
         603   1087.127    
         604   1069.652    
         605   1056.944    
         606   1058.003    
         607   1037.351    
         608   1078.654    
         609   1019.347    
         610   1020.406    
         611   1029.938    
         612   998.6953    
         613   954.2147    
         614   957.9214    
         615   951.0375    
         616   916.6180    
         617   947.8603    
         618   902.3206    
         619   879.0212    
         620   873.7260    
         621   919.7952    
         622   876.3736    
         623   880.6099    
         624   885.9052    
         625   858.3696    
         626   902.3206    
         627   892.2595    
         628   832.9521    
         629   875.3146    
         630   904.9683    
         631   819.7138    
         632   838.2474    
         633   827.6568    
         634   813.8890    
         635   813.3594    
         636   802.7688    
         637   821.3024    
         638   770.9969    
         639   798.5326    
         640   765.1721    
         641   757.2292    
         642   748.7567    
         643   733.4003    
         644   743.4614    
         645   741.8727    
         646   751.9338    
         647   721.7506    
         648   732.8707    
         649   731.8117    
         650   673.5633    
         651   729.6935    
         652   685.7425    
         653   689.4492    
         654   698.9808    
         655   675.6814    
         656   661.3841    
         657   661.9136    
         658   662.4431    
         659   640.2028    
         660   655.5592    
         661   647.0867    
         662   644.4391    
         663   625.9055    
         664   651.3230    
         665   628.0236    
         666   625.3760    
         667   622.1988    
         668   598.8994    
         669   624.3169    
         670   609.4901    
         671   574.5410    
         672   574.5410    
         673   583.0135    
         674   571.8934    
         675   560.2437    
         676   536.4148    
         677   544.8873    
         678   540.6510    
         679   510.9973    
         680   530.0604    
         681   480.8140    
         682   494.0523    
         683   473.4006    
         684   482.4026    
         685   470.2234    
         686   471.8120    
         687   447.4536    
         688   458.0442    
         689   444.8059    
         690   430.5086    
         691   415.6817    
         692   429.9791    
         693   406.6797    
         694   403.5025    
         695   398.7368    
         696   395.5596    
         697   383.3804    
         698   371.2011    
         699   374.3783    
         700   362.1991    
         701   355.3152    
         702   332.5454    
         703   339.9588    
         704   278.0037    
         705   295.4782    
         706   285.4171    
         707   282.7695    
         708   283.2990    
         709   275.3560    
         710   252.0567    
         711   294.9487    
         712   240.4070    
         713   258.4111    
         714   255.7634    
         715   235.1117    
         716   236.7003    
         717   243.5842    
         718   226.1097    
         719   222.9325    
         720   233.5231    
         721   205.9875    
         722   221.3439    
         723   224.5211    
         724   200.1627    
         725   213.9305    
         726   205.4580    
         727   198.5741    
         728   194.3378    
         729   189.0425    
         730   197.5150    
         731   180.5700    
         732   189.5721    
         733   179.5110    
         734   182.6882    
         735   177.3929    
         736   174.2157    
         737   171.5680    
         738   165.2136    
         739   155.1526    
         740   180.5700    
         741   148.7982    
         742   173.1566    
         743   154.0935    
         744   155.6821    
         745   151.9754    
         746   154.0935    
         747   144.5619    
         748   151.4458    
         749   147.2096    
         750   144.5619    
         751   150.3868    
         752   133.9713    
         753   149.8572    
         754   136.0894    
         755   134.5008    
         756   141.3848    
         757   119.1444    
         758   136.6190    
         759   148.2686    
         760   111.7310    
         761   131.3237    
         762   129.2055    
         763   130.2646    
         764   118.0854    
         765   127.0874    
         766   130.2646    
         767   113.8491    
         768   121.7921    
         769   111.2015    
         770   114.9082    
         771   114.9082    
         772   118.0854    
         773   110.6720    
         774   126.5579    
         775   108.5538    
         776   105.3766    
         777   104.8471    
         778   108.0243    
         779   104.3176    
         780   106.9652    
         781   104.3176    
         782   102.1995    
         783   103.2585    
         784   99.55180    
         785   102.1995    
         786   99.02228    
         787   92.66791    
         788   86.84306    
         789   96.90415    
         790   91.07932    
         791   94.78603    
         792   96.90415    
         793   85.78400    
         794   93.19743    
         795   90.02025    
         796   87.37260    
         797   78.37057    
         798   82.60682    
         799   84.72495    
         800   84.19541    
         801   86.84306    
         802   90.02025    
         803   71.48667    
         804   79.42963    
         805   78.90010    
         806   81.01823    
         807   86.84306    
         808   78.37057    
         809   88.96119    
         810   78.37057    
         811   130.2646    
         812   57.71887    
         813  0.0000000E+00
         814  0.0000000E+00
         815  0.0000000E+00
         816  0.0000000E+00
         817  0.0000000E+00
         818  0.0000000E+00
         819  0.0000000E+00
         820  0.0000000E+00
         821  0.0000000E+00
         822  0.0000000E+00
         823  0.0000000E+00
         824  0.0000000E+00
         825  0.0000000E+00
         826  0.0000000E+00
         827  0.0000000E+00
         828  0.0000000E+00
         829  0.0000000E+00
         830  0.0000000E+00
         831  0.0000000E+00
         832  0.0000000E+00
         833  0.0000000E+00
         834  0.0000000E+00
         835  0.0000000E+00
         836  0.0000000E+00
         837  0.0000000E+00
         838  0.0000000E+00
         839  0.0000000E+00
         840  0.0000000E+00
         841  0.0000000E+00
         842  0.0000000E+00
         843  0.0000000E+00
         844  0.0000000E+00
         845  0.0000000E+00
         846  0.0000000E+00
         847  0.0000000E+00
         848  0.0000000E+00
         849  0.0000000E+00
         850  0.0000000E+00
         851  0.0000000E+00
         852  0.0000000E+00
         853  0.0000000E+00
         854  0.0000000E+00
         855  0.0000000E+00
         856  0.0000000E+00
         857  0.0000000E+00
         858  0.0000000E+00
         859  0.0000000E+00
         860  0.0000000E+00
         861  0.0000000E+00
         862  0.0000000E+00
         863  0.0000000E+00
         864  0.0000000E+00
         865  0.0000000E+00
         866  0.0000000E+00
         867  0.0000000E+00
         868  0.0000000E+00
         869  0.0000000E+00
         870  0.0000000E+00
         871  0.0000000E+00
         872  0.0000000E+00
         873  0.0000000E+00
         874  0.0000000E+00
         875  0.0000000E+00
         876  0.0000000E+00
         877  0.0000000E+00
         878  0.0000000E+00
         879  0.0000000E+00
         880  0.0000000E+00
         881  0.0000000E+00
         882  0.0000000E+00
         883  0.0000000E+00
         884  0.0000000E+00
         885  0.0000000E+00
         886  0.0000000E+00
         887  0.0000000E+00
         888  0.0000000E+00
         889  0.0000000E+00
         890  0.0000000E+00
         891  0.0000000E+00
         892  0.0000000E+00
         893  0.0000000E+00
         894  0.0000000E+00
         895  0.0000000E+00
         896  0.0000000E+00
         897  0.0000000E+00
         898  0.0000000E+00
         899  0.0000000E+00
         900  0.0000000E+00
         901  0.0000000E+00
         902  0.0000000E+00
         903  0.0000000E+00
         904  0.0000000E+00
         905  0.0000000E+00
         906  0.0000000E+00
         907  0.0000000E+00
         908  0.0000000E+00
         909  0.0000000E+00
         910  0.0000000E+00
         911  0.0000000E+00
         912  0.0000000E+00
         913  0.0000000E+00
         914  0.0000000E+00
         915  0.0000000E+00
         916  0.0000000E+00
         917  0.0000000E+00
         918  0.0000000E+00
         919  0.0000000E+00
         920  0.0000000E+00
         921  0.0000000E+00
         922  0.0000000E+00
         923  0.0000000E+00
         924  0.0000000E+00
         925  0.0000000E+00
         926  0.0000000E+00
         927  0.0000000E+00
         928  0.0000000E+00
         929  0.0000000E+00
         930  0.0000000E+00
         931  0.0000000E+00
         932  0.0000000E+00
         933  0.0000000E+00
         934  0.0000000E+00
         935  0.0000000E+00
         936  0.0000000E+00
         937  0.0000000E+00
         938  0.0000000E+00
         939  0.0000000E+00
         940  0.0000000E+00
         941  0.0000000E+00
         942  0.0000000E+00
         943  0.0000000E+00
         944  0.0000000E+00
         945  0.0000000E+00
         946  0.0000000E+00
         947  0.0000000E+00
         948  0.0000000E+00
         949  0.0000000E+00
         950  0.0000000E+00
         951  0.0000000E+00
         952  0.0000000E+00
         953  0.0000000E+00
         954  0.0000000E+00
         955  0.0000000E+00
         956  0.0000000E+00
         957  0.0000000E+00
         958  0.0000000E+00
         959  0.0000000E+00
         960  0.0000000E+00
         961  0.0000000E+00
         962  0.0000000E+00
         963  0.0000000E+00
         964  0.0000000E+00
         965  0.0000000E+00
         966  0.0000000E+00
         967  0.0000000E+00
         968  0.0000000E+00
         969  0.0000000E+00
         970  0.0000000E+00
         971  0.0000000E+00
         972  0.0000000E+00
         973  0.0000000E+00
         974  0.0000000E+00
         975  0.0000000E+00
         976  0.0000000E+00
         977  0.0000000E+00
         978  0.0000000E+00
         979  0.0000000E+00
         980  0.0000000E+00
         981  0.0000000E+00
         982  0.0000000E+00
         983  0.0000000E+00
         984  0.0000000E+00
         985  0.0000000E+00
         986  0.0000000E+00
         987  0.0000000E+00
         988  0.0000000E+00
         989  0.0000000E+00
         990  0.0000000E+00
         991  0.0000000E+00
         992  0.0000000E+00
         993  0.0000000E+00
         994  0.0000000E+00
         995  0.0000000E+00
         996  0.0000000E+00
         997  0.0000000E+00
         998  0.0000000E+00
         999  0.0000000E+00
        1000  0.0000000E+00
        1001  0.0000000E+00
        1002  0.0000000E+00
        1003  0.0000000E+00
        1004  0.0000000E+00
        1005  0.0000000E+00
        1006  0.0000000E+00
        1007  0.0000000E+00
        1008  0.0000000E+00
        1009  0.0000000E+00
        1010  0.0000000E+00
        1011  0.0000000E+00
        1012  0.0000000E+00
        1013  0.0000000E+00
        1014  0.0000000E+00
        1015  0.0000000E+00
        1016  0.0000000E+00
        1017  0.0000000E+00
        1018  0.0000000E+00
        1019  0.0000000E+00
        1020  0.0000000E+00
        1021  0.0000000E+00
        1022  0.0000000E+00
        1023  0.0000000E+00
        1024  0.0000000E+00
