 #   Y    A
           1  0.0000000E+00
           2  0.0000000E+00
           3  0.0000000E+00
           4  0.0000000E+00
           5  0.0000000E+00
           6  0.0000000E+00
           7  0.0000000E+00
           8  0.0000000E+00
           9  0.0000000E+00
          10  0.0000000E+00
          11  0.0000000E+00
          12  0.0000000E+00
          13  0.0000000E+00
          14  0.0000000E+00
          15  0.0000000E+00
          16  0.0000000E+00
          17  0.0000000E+00
          18  0.0000000E+00
          19  0.0000000E+00
          20  0.0000000E+00
          21  0.0000000E+00
          22  0.0000000E+00
          23  0.0000000E+00
          24  0.0000000E+00
          25  0.0000000E+00
          26  0.0000000E+00
          27  0.0000000E+00
          28  0.0000000E+00
          29  0.0000000E+00
          30  0.0000000E+00
          31  0.0000000E+00
          32  0.0000000E+00
          33  0.0000000E+00
          34  0.0000000E+00
          35  0.0000000E+00
          36  0.0000000E+00
          37  0.0000000E+00
          38  0.0000000E+00
          39  0.0000000E+00
          40  0.0000000E+00
          41  0.0000000E+00
          42  0.0000000E+00
          43  0.0000000E+00
          44  0.0000000E+00
          45  0.0000000E+00
          46  0.0000000E+00
          47  0.0000000E+00
          48  0.0000000E+00
          49  0.0000000E+00
          50  0.0000000E+00
          51  0.0000000E+00
          52  0.0000000E+00
          53  0.0000000E+00
          54  0.0000000E+00
          55  0.0000000E+00
          56  0.0000000E+00
          57  0.0000000E+00
          58  0.0000000E+00
          59  0.0000000E+00
          60  0.0000000E+00
          61  0.0000000E+00
          62  0.0000000E+00
          63  0.0000000E+00
          64  0.0000000E+00
          65  0.0000000E+00
          66  0.0000000E+00
          67  0.0000000E+00
          68  0.0000000E+00
          69  0.0000000E+00
          70  0.0000000E+00
          71  0.0000000E+00
          72  0.0000000E+00
          73  0.0000000E+00
          74  0.0000000E+00
          75  0.0000000E+00
          76  0.0000000E+00
          77  0.0000000E+00
          78  0.0000000E+00
          79  0.0000000E+00
          80  0.0000000E+00
          81  0.0000000E+00
          82  0.0000000E+00
          83  0.0000000E+00
          84  0.0000000E+00
          85  0.0000000E+00
          86  0.0000000E+00
          87  0.0000000E+00
          88  0.0000000E+00
          89  0.0000000E+00
          90  0.0000000E+00
          91  0.0000000E+00
          92  0.0000000E+00
          93  0.0000000E+00
          94  0.0000000E+00
          95  0.0000000E+00
          96  0.0000000E+00
          97  0.0000000E+00
          98  0.0000000E+00
          99  0.0000000E+00
         100  0.0000000E+00
         101  0.0000000E+00
         102  0.0000000E+00
         103  0.0000000E+00
         104  0.0000000E+00
         105  0.0000000E+00
         106  0.0000000E+00
         107  0.0000000E+00
         108  0.0000000E+00
         109  0.0000000E+00
         110  0.0000000E+00
         111  0.0000000E+00
         112  0.0000000E+00
         113  0.0000000E+00
         114  0.0000000E+00
         115  0.0000000E+00
         116  0.0000000E+00
         117  0.0000000E+00
         118  0.0000000E+00
         119  0.0000000E+00
         120  0.0000000E+00
         121  0.0000000E+00
         122  0.0000000E+00
         123  0.0000000E+00
         124  0.0000000E+00
         125  0.0000000E+00
         126  0.0000000E+00
         127  0.0000000E+00
         128  0.0000000E+00
         129  0.0000000E+00
         130  0.0000000E+00
         131  0.0000000E+00
         132  0.0000000E+00
         133  0.0000000E+00
         134  0.0000000E+00
         135  0.0000000E+00
         136  0.0000000E+00
         137  0.0000000E+00
         138  0.0000000E+00
         139  0.0000000E+00
         140  0.0000000E+00
         141  0.0000000E+00
         142  0.0000000E+00
         143  0.0000000E+00
         144  0.0000000E+00
         145  0.0000000E+00
         146  0.0000000E+00
         147  0.0000000E+00
         148  0.0000000E+00
         149  0.0000000E+00
         150  0.0000000E+00
         151  0.0000000E+00
         152  0.0000000E+00
         153  0.0000000E+00
         154  0.0000000E+00
         155  0.0000000E+00
         156  0.0000000E+00
         157  0.0000000E+00
         158  0.0000000E+00
         159  0.0000000E+00
         160  0.0000000E+00
         161  0.0000000E+00
         162  0.0000000E+00
         163  0.0000000E+00
         164  0.0000000E+00
         165  0.0000000E+00
         166  0.0000000E+00
         167  0.0000000E+00
         168  0.0000000E+00
         169  0.0000000E+00
         170  0.0000000E+00
         171  0.0000000E+00
         172  0.0000000E+00
         173  0.0000000E+00
         174  0.0000000E+00
         175  0.0000000E+00
         176  0.0000000E+00
         177  0.0000000E+00
         178  0.0000000E+00
         179  0.0000000E+00
         180  0.0000000E+00
         181  0.0000000E+00
         182  0.0000000E+00
         183  0.0000000E+00
         184  0.0000000E+00
         185  0.0000000E+00
         186  0.0000000E+00
         187  0.0000000E+00
         188  0.0000000E+00
         189  0.0000000E+00
         190  0.0000000E+00
         191  0.0000000E+00
         192  0.0000000E+00
         193  0.0000000E+00
         194  0.0000000E+00
         195  0.0000000E+00
         196  0.0000000E+00
         197  0.0000000E+00
         198  0.0000000E+00
         199  0.0000000E+00
         200  0.0000000E+00
         201  0.0000000E+00
         202  0.0000000E+00
         203  0.0000000E+00
         204  0.0000000E+00
         205  0.0000000E+00
         206  0.0000000E+00
         207  0.0000000E+00
         208  0.0000000E+00
         209  0.0000000E+00
         210  0.0000000E+00
         211  0.0000000E+00
         212  0.0000000E+00
         213  0.0000000E+00
         214  0.0000000E+00
         215  0.0000000E+00
         216  0.0000000E+00
         217  0.0000000E+00
         218  0.0000000E+00
         219  0.0000000E+00
         220  0.0000000E+00
         221  0.0000000E+00
         222  0.0000000E+00
         223  0.0000000E+00
         224  0.0000000E+00
         225   1.588593    
         226   4.236247    
         227   10.06109    
         228   15.88593    
         229   15.35640    
         230   18.00405    
         231   17.47452    
         232   19.59264    
         233   22.24030    
         234   18.53358    
         235   25.94701    
         236   18.00405    
         237   21.18124    
         238   13.23827    
         239   21.71077    
         240   18.53358    
         241   15.35640    
         242   29.65373    
         243   29.65373    
         244   24.88795    
         245   19.06311    
         246   21.18124    
         247   20.12217    
         248   16.41546    
         249   25.41748    
         250   19.06311    
         251   22.24030    
         252   23.29936    
         253   28.06514    
         254   23.29936    
         255   24.35842    
         256   21.71077    
         257   24.35842    
         258   23.82889    
         259   20.65170    
         260   28.06514    
         261   25.41748    
         262   28.06514    
         263   24.88795    
         264   23.82889    
         265   21.18124    
         266   23.82889    
         267   33.88998    
         268   30.71279    
         269   25.41748    
         270   27.00607    
         271   29.65373    
         272   29.12420    
         273   27.00607    
         274   25.94701    
         275   22.76983    
         276   25.41748    
         277   25.94701    
         278   26.47654    
         279   34.41951    
         280   31.77185    
         281   31.77185    
         282   29.65373    
         283   32.83091    
         284   31.77185    
         285   29.12420    
         286   29.65373    
         287   37.06716    
         288   29.12420    
         289   41.83294    
         290   29.65373    
         291   41.83294    
         292   41.83294    
         293   30.71279    
         294   37.06716    
         295   34.41951    
         296   33.88998    
         297   33.88998    
         298   32.83091    
         299   36.00810    
         300   52.42356    
         301   38.12622    
         302   37.59669    
         303   33.88998    
         304   38.65575    
         305   46.59872    
         306   57.18933    
         307   45.53966    
         308   54.54168    
         309   51.89403    
         310   39.71482    
         311   46.59872    
         312   53.48262    
         313   42.89200    
         314   54.01215    
         315   58.77793    
         316   65.66183    
         317   63.01418    
         318   52.42356    
         319   59.30746    
         320   69.89808    
         321   82.07729    
         322   62.48465    
         323   82.07729    
         324   82.60682    
         325   76.78197    
         326   93.72697    
         327   100.6109    
         328   101.6699    
         329   111.2015    
         330   117.5559    
         331   105.9062    
         332   134.5008    
         333   131.8532    
         334   147.2096    
         335   144.5619    
         336   157.2707    
         337   159.9183    
         338   176.3338    
         339   189.0425    
         340   200.6922    
         341   178.4519    
         342   217.6372    
         343   187.4539    
         344   186.3949    
         345   195.9264    
         346   194.8674    
         347   207.5761    
         348   191.6902    
         349   203.8694    
         350   216.5781    
         351   192.2197    
         352   180.0405    
         353   210.7533    
         354   197.5150    
         355   200.6922    
         356   196.9855    
         357   196.4560    
         358   205.4580    
         359   204.3989    
         360   207.0466    
         361   200.1627    
         362   214.9895    
         363   207.5761    
         364   209.1647    
         365   221.8734    
         366   220.2849    
         367   223.4620    
         368   227.1687    
         369   239.3480    
         370   246.7614    
         371   253.1158    
         372   262.1178    
         373   262.1178    
         374   276.4151    
         375   297.0668    
         376   288.5943    
         377   289.1239    
         378   310.8346    
         379   320.3662    
         380   302.8917    
         381   329.3682    
         382   326.7206    
         383   328.3091    
         384   340.4883    
         385   351.0790    
         386   379.1441    
         387   347.3723    
         388   366.4354    
         389   359.0219    
         390   389.7347    
         391   364.3173    
         392   370.1421    
         393   368.0240    
         394   375.9669    
         395   379.1441    
         396   388.6757    
         397   381.2622    
         398   399.2663    
         399   396.0891    
         400   375.9669    
         401   429.4496    
         402   412.5045    
         403   416.7408    
         404   428.3905    
         405   433.1562    
         406   423.6247    
         407   438.9811    
         408   461.2214    
         409   446.9241    
         410   451.1603    
         411   458.5737    
         412   482.4026    
         413   451.1603    
         414   465.4576    
         415   491.4047    
         416   469.6939    
         417   460.1623    
         418   478.6959    
         419   482.4026    
         420   488.7570    
         421   469.6939    
         422   491.9342    
         423   492.4637    
         424   490.3456    
         425   487.1684    
         426   462.8100    
         427   487.1684    
         428   479.2255    
         429   481.8731    
         430   488.7570    
         431   482.9322    
         432   497.7590    
         433   494.5818    
         434   508.8792    
         435   490.3456    
         436   503.5839    
         437   514.1745    
         438   501.9953    
         439   494.5818    
         440   499.3476    
         441   519.9993    
         442   517.3517    
         443   523.1765    
         444   546.4759    
         445   528.4718    
         446   533.2376    
         447   550.7121    
         448   529.0013    
         449   572.9524    
         450   554.4188    
         451   571.8934    
         452   565.5390    
         453   588.3088    
         454   603.1357    
         455   621.1397    
         456   628.5532    
         457   615.3149    
         458   634.9075    
         459   662.4431    
         460   648.6754    
         461   640.7324    
         462   709.0419    
         463   691.0378    
         464   724.3983    
         465   732.8707    
         466   737.1070    
         467   754.0520    
         468   713.2781    
         469   750.8748    
         470   728.1050    
         471   765.1721    
         472   761.4654    
         473   752.4634    
         474   738.1661    
         475   772.0560    
         476   750.3453    
         477   747.1681    
         478   769.4084    
         479   753.5225    
         480   772.0560    
         481   750.3453    
         482   770.9969    
         483   799.5916    
         484   752.9929    
         485   733.9298    
         486   796.9440    
         487   810.7118    
         488   768.3493    
         489   808.5936    
         490   829.7749    
         491   790.0601    
         492   830.8340    
         493   811.7709    
         494   909.2045    
         495   852.0152    
         496   838.7769    
         497   893.8481    
         498   922.4428    
         499   885.9052    
         500   919.2656    
         501   870.0192    
         502   962.6871    
         503   880.0803    
         504   1016.699    
         505   929.3267    
         506   931.4448    
         507   928.7972    
         508   953.6851    
         509   925.6200    
         510   988.6342    
         511   992.3409    
         512   997.1066    
         513   1011.404    
         514   991.8113    
         515   971.6891    
         516   1114.133    
         517   1030.997    
         518   980.6912    
         519   1107.249    
         520   1061.709    
         521   1070.711    
         522   1086.068    
         523   1102.483    
         524   1072.300    
         525   1094.011    
         526   1103.013    
         527   1124.194    
         528   1099.306    
         529   1151.730    
         530   1097.718    
         531   1112.015    
         532   1134.255    
         533   1100.895    
         534   1122.605    
         535   1068.593    
         536   1084.479    
         537   1088.715    
         538   1067.534    
         539   1101.954    
         540   1073.359    
         541   1061.180    
         542   1076.536    
         543   1063.828    
         544   1043.176    
         545   1064.357    
         546   1068.593    
         547   1037.351    
         548   1045.823    
         549   1064.357    
         550   1061.709    
         551   1080.773    
         552   1047.942    
         553   1106.720    
         554   1062.768    
         555   1105.661    
         556   1119.958    
         557   1149.612    
         558   1126.842    
         559   1146.964    
         560   1152.259    
         561   1150.141    
         562   1145.375    
         563   1161.791    
         564   1166.027    
         565   1180.324    
         566   1181.913    
         567   1188.797    
         568   1204.683    
         569   1173.440    
         570   1226.923    
         571   1173.970    
         572   1198.858    
         573   1189.326    
         574   1182.443    
         575   1200.976    
         576   1208.390    
         577   1209.978    
         578   1196.210    
         579   1198.858    
         580   1196.740    
         581   1223.216    
         582   1185.090    
         583   1149.612    
         584   1215.273    
         585   1154.377    
         586   1202.565    
         587   1180.854    
         588   1160.202    
         589   1179.795    
         590   1163.909    
         591   1157.025    
         592   1165.497    
         593   1168.145    
         594   1183.501    
         595   1190.915    
         596   1169.734    
         597   1175.559    
         598   1131.608    
         599   1187.738    
         600   1153.848    
         601   1177.147    
         602   1135.844    
         603   1162.850    
         604   1170.263    
         605   1139.021    
         606   1182.443    
         607   1153.318    
         608   1159.673    
         609   1168.145    
         610   1146.434    
         611   1168.145    
         612   1149.612    
         613   1155.436    
         614   1141.139    
         615   1107.249    
         616   1137.432    
         617   1126.312    
         618   1152.259    
         619   1156.495    
         620   1141.669    
         621   1118.899    
         622   1148.552    
         623   1190.385    
         624   1146.434    
         625   1140.609    
         626   1210.508    
         627   1202.035    
         628   1190.915    
         629   1210.508    
         630   1227.982    
         631   1258.165    
         632   1286.230    
         633   1234.336    
         634   1296.821    
         635   1306.353    
         636   1351.892    
         637   1384.723    
         638   1435.558    
         639   1462.035    
         640   1550.996    
         641   1578.002    
         642   1651.077    
         643   1752.747    
         644   1870.303    
         645   1999.509    
         646   2093.236    
         647   2333.643    
         648   2516.331    
         649   2673.601    
         650   3011.442    
         651   3426.594    
         652   3611.930    
         653   3676.003    
         654   3440.362    
         655   2808.632    
         656   2511.565    
         657   2287.573    
         658   2055.109    
         659   1818.939    
         660   1680.202    
         661   1520.283    
         662   1447.208    
         663   1289.408    
         664   1182.972    
         665   1104.072    
         666   1073.359    
         667   988.6342    
         668   949.9784    
         669   939.9173    
         670   862.0763    
         671   858.8991    
         672   825.0091    
         673   848.8380    
         674   797.4735    
         675   780.5285    
         676   766.2312    
         677   758.2882    
         678   768.3493    
         679   692.6264    
         680   730.7526    
         681   709.0419    
         682   678.8586    
         683   696.8627    
         684   649.7344    
         685   629.0827    
         686   679.9177    
         687   632.2599    
         688   640.7324    
         689   612.6672    
         690   593.6041    
         691   604.1947    
         692   598.3699    
         693   568.7162    
         694   592.5450    
         695   574.0115    
         696   563.4208    
         697   562.3618    
         698   546.4759    
         699   541.7101    
         700   530.0604    
         701   556.5369    
         702   532.1785    
         703   508.3496    
         704   507.8201    
         705   489.8161    
         706   498.2886    
         707   495.6409    
         708   463.8690    
         709   474.9892    
         710   470.2234    
         711   447.4536    
         712   444.2764    
         713   473.4006    
         714   431.5677    
         715   411.9750    
         716   425.2133    
         717   412.5045    
         718   390.7938    
         719   419.3885    
         720   387.6166    
         721   373.3193    
         722   405.0911    
         723   368.5535    
         724   351.0790    
         725   347.3723    
         726   346.8427    
         727   339.4293    
         728   320.8957    
         729   318.2480    
         730   319.3071    
         731   299.1849    
         732   292.3011    
         733   283.8286    
         734   273.2379    
         735   289.1239    
         736   276.4151    
         737   271.1198    
         738   270.5903    
         739   258.9406    
         740   263.1768    
         741   243.0547    
         742   266.8836    
         743   250.4681    
         744   239.8775    
         745   263.7064    
         746   226.1097    
         747   261.0587    
         748   240.9366    
         749   245.1728    
         750   234.0526    
         751   235.6412    
         752   228.7573    
         753   226.6392    
         754   223.4620    
         755   233.5231    
         756   225.5802    
         757   215.5191    
         758   233.5231    
         759   207.5761    
         760   221.3439    
         761   229.2869    
         762   203.3399    
         763   223.4620    
         764   207.0466    
         765   204.9285    
         766   207.0466    
         767   205.4580    
         768   202.2808    
         769   210.2238    
         770   186.9244    
         771   214.4600    
         772   192.7492    
         773   185.3358    
         774   201.2217    
         775   205.9875    
         776   194.3378    
         777   188.5130    
         778   211.8123    
         779   180.0405    
         780   190.6311    
         781   191.6902    
         782   189.0425    
         783   182.6882    
         784   196.9855    
         785   183.2177    
         786   180.0405    
         787   190.6311    
         788   181.0996    
         789   172.6271    
         790   192.2197    
         791   165.7432    
         792   173.1566    
         793   183.2177    
         794   176.3338    
         795   172.6271    
         796   169.4499    
         797   181.0996    
         798   165.2136    
         799   166.2727    
         800   167.3318    
         801   165.2136    
         802   167.8613    
         803   159.9183    
         804   165.2136    
         805   171.0385    
         806   154.6230    
         807   162.0365    
         808   167.8613    
         809   162.0365    
         810   155.1526    
         811   171.5680    
         812   158.8593    
         813   154.6230    
         814   159.3888    
         815   151.9754    
         816   157.8002    
         817   151.4458    
         818   151.4458    
         819   163.0955    
         820   151.9754    
         821   170.5089    
         822   143.5029    
         823   154.0935    
         824   153.5640    
         825   157.8002    
         826   155.6821    
         827   148.7982    
         828   164.6841    
         829   158.3297    
         830   144.5619    
         831   171.5680    
         832   152.5049    
         833   162.5660    
         834   155.6821    
         835   168.3908    
         836   156.2116    
         837   153.0344    
         838   163.6250    
         839   165.2136    
         840   161.5069    
         841   166.8022    
         842   168.3908    
         843   160.4479    
         844   170.5089    
         845   169.4499    
         846   159.9183    
         847   181.0996    
         848   164.1546    
         849   174.2157    
         850   167.8613    
         851   165.7432    
         852   173.6861    
         853   167.3318    
         854   169.9794    
         855   167.8613    
         856   173.6861    
         857   148.2686    
         858   162.0365    
         859   169.4499    
         860   170.5089    
         861   167.3318    
         862   161.5069    
         863   163.0955    
         864   163.6250    
         865   164.6841    
         866   168.3908    
         867   145.6210    
         868   156.2116    
         869   171.5680    
         870   150.3868    
         871   164.6841    
         872   152.5049    
         873   146.6801    
         874   155.1525    
         875   142.4438    
         876   155.1525    
         877   148.2686    
         878   144.0324    
         879   141.3848    
         880   147.2096    
         881   145.0915    
         882   132.9122    
         883   132.3827    
         884   145.0915    
         885   129.2055    
         886   139.2666    
         887   131.8532    
         888   127.6169    
         889   129.7351    
         890   139.2666    
         891   119.6740    
         892   121.2626    
         893   128.1465    
         894   117.5559    
         895   116.4968    
         896   128.6760    
         897   112.2605    
         898   111.2015    
         899   111.7310    
         900   117.0263    
         901   115.4377    
         902   99.55180    
         903   107.4948    
         904   106.9652    
         905   99.55180    
         906   103.7881    
         907   92.13837    
         908   105.3766    
         909   89.49072    
         910   75.72292    
         911   66.19136    
         912   63.01418    
         913   64.60277    
         914   59.30746    
         915   61.95512    
         916   57.18933    
         917   56.65981    
         918   57.18933    
         919   55.07121    
         920   61.42558    
         921   48.71684    
         922   50.30544    
         923   50.83496    
         924   49.24637    
         925   42.89200    
         926   58.77793    
         927   50.30544    
         928   42.36247    
         929   48.18731    
         930   56.13027    
         931   46.59872    
         932   43.95107    
         933   51.89403    
         934   47.65778    
         935   49.24637    
         936   43.42153    
         937   59.83699    
         938   41.83294    
         939   41.83294    
         940   49.24637    
         941   46.06919    
         942   45.53966    
         943   51.89403    
         944   41.30341    
         945   50.83496    
         946   49.77590    
         947   46.06919    
         948   49.24637    
         949   54.01215    
         950   50.30544    
         951   78.37057    
         952   98.49274    
         953   16.41546    
         954  0.0000000E+00
         955  0.0000000E+00
         956  0.0000000E+00
         957  0.0000000E+00
         958  0.0000000E+00
         959  0.0000000E+00
         960  0.0000000E+00
         961  0.0000000E+00
         962  0.0000000E+00
         963  0.0000000E+00
         964  0.0000000E+00
         965  0.0000000E+00
         966  0.0000000E+00
         967  0.0000000E+00
         968  0.0000000E+00
         969  0.0000000E+00
         970  0.0000000E+00
         971  0.0000000E+00
         972  0.0000000E+00
         973  0.0000000E+00
         974  0.0000000E+00
         975  0.0000000E+00
         976  0.0000000E+00
         977  0.0000000E+00
         978  0.0000000E+00
         979  0.0000000E+00
         980  0.0000000E+00
         981  0.0000000E+00
         982  0.0000000E+00
         983  0.0000000E+00
         984  0.0000000E+00
         985  0.0000000E+00
         986  0.0000000E+00
         987  0.0000000E+00
         988  0.0000000E+00
         989  0.0000000E+00
         990  0.0000000E+00
         991  0.0000000E+00
         992  0.0000000E+00
         993  0.0000000E+00
         994  0.0000000E+00
         995  0.0000000E+00
         996  0.0000000E+00
         997  0.0000000E+00
         998  0.0000000E+00
         999  0.0000000E+00
        1000  0.0000000E+00
        1001  0.0000000E+00
        1002  0.0000000E+00
        1003  0.0000000E+00
        1004  0.0000000E+00
        1005  0.0000000E+00
        1006  0.0000000E+00
        1007  0.0000000E+00
        1008  0.0000000E+00
        1009  0.0000000E+00
        1010  0.0000000E+00
        1011  0.0000000E+00
        1012  0.0000000E+00
        1013  0.0000000E+00
        1014  0.0000000E+00
        1015  0.0000000E+00
        1016  0.0000000E+00
        1017  0.0000000E+00
        1018  0.0000000E+00
        1019  0.0000000E+00
        1020  0.0000000E+00
        1021  0.0000000E+00
        1022  0.0000000E+00
        1023  0.0000000E+00
        1024  0.0000000E+00
