 #   Y    A
           1   11357.38    
           2  0.0000000E+00
           3  0.0000000E+00
           4  0.0000000E+00
           5  0.0000000E+00
           6  0.0000000E+00
           7  0.0000000E+00
           8  0.0000000E+00
           9  0.0000000E+00
          10  0.0000000E+00
          11  0.0000000E+00
          12  0.0000000E+00
          13  0.0000000E+00
          14  0.0000000E+00
          15  0.0000000E+00
          16  0.0000000E+00
          17  0.0000000E+00
          18  0.0000000E+00
          19  0.0000000E+00
          20  0.0000000E+00
          21  0.0000000E+00
          22  0.0000000E+00
          23  0.0000000E+00
          24  0.0000000E+00
          25  0.0000000E+00
          26  0.0000000E+00
          27  0.0000000E+00
          28  0.0000000E+00
          29  0.0000000E+00
          30  0.0000000E+00
          31  0.0000000E+00
          32  0.0000000E+00
          33  0.0000000E+00
          34  0.0000000E+00
          35  0.0000000E+00
          36  0.0000000E+00
          37  0.0000000E+00
          38  0.0000000E+00
          39  0.0000000E+00
          40  0.0000000E+00
          41  0.0000000E+00
          42  0.0000000E+00
          43  0.0000000E+00
          44  0.0000000E+00
          45  0.0000000E+00
          46  0.0000000E+00
          47  0.0000000E+00
          48  0.0000000E+00
          49  0.0000000E+00
          50  0.0000000E+00
          51  0.0000000E+00
          52  0.0000000E+00
          53  0.0000000E+00
          54  0.0000000E+00
          55  0.0000000E+00
          56  0.0000000E+00
          57  0.0000000E+00
          58  0.0000000E+00
          59  0.0000000E+00
          60  0.0000000E+00
          61  0.0000000E+00
          62  0.0000000E+00
          63  0.0000000E+00
          64  0.0000000E+00
          65  0.0000000E+00
          66  0.0000000E+00
          67  0.0000000E+00
          68  0.0000000E+00
          69  0.0000000E+00
          70  0.0000000E+00
          71  0.0000000E+00
          72   2.118124    
          73   3.177185    
          74   7.413432    
          75   11.64968    
          76   14.29733    
          77   11.64968    
          78   12.70874    
          79   15.35640    
          80   13.76780    
          81   19.06311    
          82   13.76780    
          83   15.35640    
          84   15.35640    
          85   16.41546    
          86   15.35640    
          87   18.00405    
          88   14.82686    
          89   14.29733    
          90   8.472494    
          91   20.12217    
          92   14.82686    
          93   9.531556    
          94   18.00405    
          95   14.29733    
          96   25.41748    
          97   17.47452    
          98   18.00405    
          99   11.12015    
         100   16.41546    
         101   17.47452    
         102   16.94499    
         103   10.59062    
         104   18.53358    
         105   19.59264    
         106   17.47452    
         107   15.35640    
         108   21.18124    
         109   19.59264    
         110   18.53358    
         111   20.12217    
         112   16.94499    
         113   20.12217    
         114   21.71077    
         115   16.94499    
         116   19.59264    
         117   19.06311    
         118   17.47452    
         119   19.59264    
         120   22.76983    
         121   22.76983    
         122   20.12217    
         123   17.47452    
         124   21.18124    
         125   21.18124    
         126   18.00405    
         127   16.94499    
         128   25.94701    
         129   25.94701    
         130   22.24030    
         131   22.24030    
         132   22.24030    
         133   22.24030    
         134   23.29936    
         135   23.29936    
         136   27.53561    
         137   24.35842    
         138   20.12217    
         139   23.29936    
         140   27.53561    
         141   25.94701    
         142   25.41748    
         143   31.24232    
         144   28.06514    
         145   24.35842    
         146   27.53561    
         147   29.12420    
         148   32.30138    
         149   29.65373    
         150   31.24232    
         151   33.36045    
         152   29.65373    
         153   45.53966    
         154   25.94701    
         155   30.71279    
         156   33.88998    
         157   38.65575    
         158   44.48059    
         159   29.65373    
         160   36.53763    
         161   37.59669    
         162   39.71482    
         163   37.06716    
         164   41.30341    
         165   42.36247    
         166   37.59669    
         167   48.71684    
         168   64.07323    
         169   52.42356    
         170   48.18731    
         171   52.95309    
         172   60.89605    
         173   61.42558    
         174   68.83901    
         175   83.66588    
         176   71.48667    
         177   80.48869    
         178   95.31556    
         179   92.66791    
         180   91.07932    
         181   107.4948    
         182   113.8491    
         183   105.9062    
         184   129.7351    
         185   124.4398    
         186   142.9733    
         187   115.9673    
         188   132.3827    
         189   119.1444    
         190   129.7351    
         191   119.6740    
         192   123.3807    
         193   121.2626    
         194   120.7330    
         195   114.9082    
         196   101.6699    
         197   105.3766    
         198   108.0243    
         199   105.3766    
         200   99.02228    
         201   93.19743    
         202   103.2585    
         203   102.1995    
         204   87.90213    
         205   93.19743    
         206   104.3176    
         207   94.25650    
         208   90.02025    
         209   97.96321    
         210   100.6109    
         211   88.96119    
         212   93.72697    
         213   91.60884    
         214   93.72697    
         215   83.66588    
         216   95.84509    
         217   92.13837    
         218   94.25650    
         219   90.02025    
         220   92.66791    
         221   94.25650    
         222   92.13837    
         223   91.60884    
         224   102.7290    
         225   100.6109    
         226   90.02025    
         227   99.02228    
         228   94.78603    
         229   105.3766    
         230   105.9062    
         231   92.66791    
         232   105.9062    
         233   103.7881    
         234   99.55180    
         235   99.02228    
         236   102.7290    
         237   109.0834    
         238   96.90415    
         239   114.3787    
         240   103.2585    
         241   114.9082    
         242   103.2585    
         243   108.5538    
         244   110.6720    
         245   109.6129    
         246   111.7310    
         247   120.7330    
         248   113.3196    
         249   121.2626    
         250   126.0284    
         251   116.4968    
         252   124.4398    
         253   120.7330    
         254   115.9673    
         255   130.7941    
         256   133.9713    
         257   126.5579    
         258   129.2055    
         259   127.0874    
         260   136.6190    
         261   112.7901    
         262   137.6780    
         263   122.8512    
         264   127.6169    
         265   114.3787    
         266   133.4418    
         267   123.3807    
         268   119.6740    
         269   122.8512    
         270   120.2035    
         271   121.2626    
         272   115.9673    
         273   137.1485    
         274   119.1444    
         275   123.9102    
         276   111.7310    
         277   124.9693    
         278   121.2626    
         279   116.4968    
         280   111.2015    
         281   119.1444    
         282   113.3196    
         283   112.2605    
         284   123.9102    
         285   112.7901    
         286   104.8471    
         287   106.9652    
         288   112.2606    
         289   102.7290    
         290   118.6149    
         291   113.3196    
         292   109.0834    
         293   111.2015    
         294   113.3196    
         295   109.0834    
         296   103.7881    
         297   109.6129    
         298   117.5559    
         299   114.9082    
         300   107.4948    
         301   115.9673    
         302   126.0284    
         303   111.7310    
         304   110.6720    
         305   113.3196    
         306   118.0854    
         307   114.9082    
         308   114.9082    
         309   120.2035    
         310   115.4377    
         311   122.3216    
         312   121.7921    
         313   119.1444    
         314   120.7330    
         315   115.4377    
         316   117.0263    
         317   127.0874    
         318   117.0263    
         319   123.9102    
         320   127.0874    
         321   124.9693    
         322   123.3807    
         323   115.4377    
         324   130.2646    
         325   127.0874    
         326   124.4398    
         327   129.7351    
         328   124.4398    
         329   118.6149    
         330   132.9122    
         331   125.4988    
         332   121.2626    
         333   122.3216    
         334   123.3807    
         335   127.0874    
         336   124.4398    
         337   112.2606    
         338   131.8532    
         339   125.4988    
         340   126.0284    
         341   128.1465    
         342   125.4988    
         343   126.0284    
         344   133.4418    
         345   114.9082    
         346   134.5008    
         347   119.1444    
         348   131.8532    
         349   127.6169    
         350   133.4418    
         351   130.7941    
         352   139.7962    
         353   123.9102    
         354   142.4438    
         355   127.6169    
         356   143.5029    
         357   140.3257    
         358   142.4438    
         359   136.6190    
         360   148.7982    
         361   136.0894    
         362   149.3277    
         363   147.2096    
         364   157.2707    
         365   150.3868    
         366   157.8002    
         367   161.5069    
         368   150.9163    
         369   165.7432    
         370   164.6841    
         371   154.6230    
         372   173.1566    
         373   171.5680    
         374   173.6861    
         375   189.5721    
         376   172.0975    
         377   178.9814    
         378   187.4539    
         379   188.5130    
         380   202.2808    
         381   189.0425    
         382   201.2217    
         383   206.5170    
         384   200.6922    
         385   202.8103    
         386   204.9285    
         387   201.2217    
         388   210.2238    
         389   228.7573    
         390   225.0506    
         391   219.7553    
         392   231.4050    
         393   217.6372    
         394   223.9916    
         395   231.4050    
         396   244.6433    
         397   238.8184    
         398   250.9976    
         399   243.5842    
         400   252.0567    
         401   251.5272    
         402   262.1178    
         403   259.4701    
         404   235.1117    
         405   262.1178    
         406   260.5292    
         407   269.0017    
         408   261.0587    
         409   273.7675    
         410   256.8225    
         411   262.1178    
         412   274.8265    
         413   259.9997    
         414   269.5312    
         415   255.7634    
         416   277.4742    
         417   265.2950    
         418   273.7675    
         419   270.0608    
         420   270.0608    
         421   273.7675    
         422   263.1768    
         423   286.4762    
         424   287.5353    
         425   270.0608    
         426   277.4742    
         427   291.2420    
         428   299.1849    
         429   288.0648    
         430   301.8326    
         431   287.5353    
         432   308.7165    
         433   307.6574    
         434   298.6554    
         435   308.7165    
         436   322.4843    
         437   321.4252    
         438   344.1951    
         439   315.6004    
         440   320.3662    
         441   330.9568    
         442   350.0199    
         443   371.7307    
         444   345.7837    
         445   344.1951    
         446   357.4333    
         447   375.9669    
         448   351.6085    
         449   370.6716    
         450   362.7287    
         451   351.6085    
         452   360.0810    
         453   393.4414    
         454   378.0851    
         455   401.3844    
         456   389.7347    
         457   382.8508    
         458   412.5045    
         459   410.9160    
         460   391.8528    
         461   401.9139    
         462   405.6207    
         463   416.2113    
         464   406.1502    
         465   423.0952    
         466   427.3314    
         467   393.9710    
         468   421.5066    
         469   408.7979    
         470   437.9220    
         471   409.3274    
         472   418.8589    
         473   433.6858    
         474   426.2724    
         475   439.5106    
         476   410.3864    
         477   442.1583    
         478   422.0361    
         479   436.8630    
         480   420.4475    
         481   437.3925    
         482   423.6247    
         483   447.4536    
         484   438.9811    
         485   431.0381    
         486   459.6328    
         487   473.9301    
         488   454.3375    
         489   450.1013    
         490   465.9872    
         491   477.1073    
         492   456.4556    
         493   467.5758    
         494   473.9301    
         495   438.9811    
         496   475.5187    
         497   490.3456    
         498   451.6898    
         499   447.9831    
         500   482.4026    
         501   476.5778    
         502   475.5187    
         503   472.8711    
         504   467.0462    
         505   488.7570    
         506   479.7550    
         507   478.6959    
         508   464.9281    
         509   472.8711    
         510   486.1093    
         511   472.3416    
         512   477.1073    
         513   460.1623    
         514   464.9281    
         515   489.8161    
         516   492.9933    
         517   510.9973    
         518   494.0523    
         519   479.2255    
         520   497.2295    
         521   527.9423    
         522   518.9402    
         523   486.6389    
         524   480.2845    
         525   503.0544    
         526   515.2335    
         527   490.3456    
         528   528.4718    
         529   517.8812    
         530   533.7672    
         531   524.7651    
         532   527.4128    
         533   547.5349    
         534   532.7081    
         535   571.3638    
         536   543.2987    
         537   537.4739    
         538   553.3597    
         539   585.1317    
         540   548.5940    
         541   597.8404    
         542   593.0746    
         543   560.7732    
         544   559.1846    
         545   559.1846    
         546   595.1927    
         547   614.2558    
         548   549.1235    
         549   578.7773    
         550   588.8383    
         551   631.2008    
         552   614.2558    
         553   631.2008    
         554   580.3658    
         555   610.0196    
         556   595.1927    
         557   600.4880    
         558   578.7772    
         559   561.8323    
         560   579.8363    
         561   581.4249    
         562   602.0766    
         563   584.0726    
         564   576.6591    
         565   561.8323    
         566   604.7242    
         567   561.8323    
         568   599.9585    
         569   572.9524    
         570   589.8974    
         571   569.2457    
         572   590.4269    
         573   599.9585    
         574   578.7773    
         575   581.9545    
         576   580.3658    
         577   583.5430    
         578   585.1317    
         579   587.2498    
         580   587.7793    
         581   586.1907    
         582   565.5390    
         583   594.1337    
         584   587.2498    
         585   590.4269    
         586   600.4880    
         587   592.5450    
         588   581.4249    
         589   584.0726    
         590   589.8974    
         591   597.3109    
         592   603.6652    
         593   570.3047    
         594   609.4901    
         595   596.2518    
         596   590.4269    
         597   591.4860    
         598   585.1317    
         599   593.0746    
         600   581.4249    
         601   602.0766    
         602   590.9565    
         603   617.9625    
         604   594.1337    
         605   607.3719    
         606   592.5450    
         607   601.0176    
         608   606.8424    
         609   615.3149    
         610   593.0746    
         611   587.7793    
         612   603.6652    
         613   603.6652    
         614   601.5471    
         615   597.8404    
         616   598.8994    
         617   594.6632    
         618   590.9565    
         619   613.7263    
         620   594.1337    
         621   574.5410    
         622   620.0807    
         623   588.3088    
         624   602.0766    
         625   628.5532    
         626   611.6082    
         627   603.1357    
         628   593.6041    
         629   619.0216    
         630   613.1968    
         631   602.6061    
         632   617.4330    
         633   610.5491    
         634   615.8444    
         635   630.6713    
         636   610.5491    
         637   623.2579    
         638   598.3699    
         639   633.3189    
         640   634.3780    
         641   617.9625    
         642   637.0256    
         643   630.1417    
         644   650.7935    
         645   626.4351    
         646   628.5532    
         647   635.4371    
         648   639.1438    
         649   638.6143    
         650   664.0317    
         651   662.4431    
         652   636.4961    
         653   662.4431    
         654   645.4982    
         655   632.7894    
         656   680.4472    
         657   641.7914    
         658   653.4411    
         659   651.8525    
         660   663.5022    
         661   648.1458    
         662   662.4431    
         663   645.4982    
         664   648.6754    
         665   657.6774    
         666   671.4452    
         667   653.4411    
         668   661.3841    
         669   667.2089    
         670   639.1438    
         671   667.2089    
         672   639.1438    
         673   671.4452    
         674   629.0827    
         675   664.0317    
         676   652.9116    
         677   639.6733    
         678   668.2679    
         679   635.9666    
         680   649.2048    
         681   640.2028    
         682   666.1498    
         683   637.0256    
         684   629.6122    
         685   655.0297    
         686   625.3760    
         687   643.3800    
         688   635.9666    
         689   641.2619    
         690   637.5552    
         691   657.6774    
         692   623.2579    
         693   639.6733    
         694   621.1397    
         695   617.9625    
         696   641.7914    
         697   607.9014    
         698   639.1438    
         699   612.1377    
         700   608.9605    
         701   611.0786    
         702   614.2558    
         703   607.9014    
         704   613.1968    
         705   597.3109    
         706   601.0176    
         707   602.6061    
         708   594.6632    
         709   588.3088    
         710   584.0726    
         711   589.8974    
         712   578.2477    
         713   582.4839    
         714   566.5980    
         715   571.3638    
         716   577.1887    
         717   575.6000    
         718   596.2518    
         719   538.5329    
         720   577.1887    
         721   563.4208    
         722   574.5410    
         723   550.1826    
         724   555.4779    
         725   577.7182    
         726   548.0645    
         727   554.9484    
         728   556.5369    
         729   562.8913    
         730   549.1235    
         731   560.7732    
         732   561.8323    
         733   550.7121    
         734   544.3577    
         735   544.3577    
         736   562.8913    
         737   556.5370    
         738   560.7732    
         739   552.3007    
         740   572.9524    
         741   534.8262    
         742   550.1826    
         743   554.4188    
         744   546.4759    
         745   550.1826    
         746   561.8323    
         747   550.7121    
         748   547.0054    
         749   565.5390    
         750   538.0034    
         751   544.3577    
         752   541.7101    
         753   538.5329    
         754   563.9504    
         755   544.3577    
         756   551.7712    
         757   546.4759    
         758   557.0665    
         759   527.4128    
         760   554.9484    
         761   562.8913    
         762   533.7672    
         763   577.1887    
         764   523.7061    
         765   542.7692    
         766   559.1846    
         767   529.5309    
         768   541.1805    
         769   545.4168    
         770   541.7101    
         771   545.4168    
         772   545.9464    
         773   527.4128    
         774   542.7692    
         775   550.7121    
         776   542.7692    
         777   541.7101    
         778   558.1255    
         779   528.4718    
         780   561.3027    
         781   559.7142    
         782   551.7712    
         783   557.0665    
         784   559.7141    
         785   562.8913    
         786   539.0624    
         787   565.5390    
         788   551.2416    
         789   559.1846    
         790   563.4208    
         791   567.1276    
         792   583.5430    
         793   567.1276    
         794   566.5980    
         795   584.6021    
         796   590.9565    
         797   592.5450    
         798   587.2498    
         799   596.7813    
         800   611.6082    
         801   592.5450    
         802   619.5511    
         803   612.1377    
         804   647.0867    
         805   594.1337    
         806   638.0847    
         807   644.9686    
         808   659.2659    
         809   659.7955    
         810   672.5042    
         811   692.0969    
         812   738.1661    
         813   725.9868    
         814   768.3493    
         815   772.5856    
         816   867.3716    
         817   881.1394    
         818   977.5140    
         819   980.6912    
         820   1111.485    
         821   1233.277    
         822   1378.898    
         823   1504.927    
         824   1752.218    
         825   2012.747    
         826   2126.066    
         827   1749.570    
         828   1279.347    
         829   999.2248    
         830   836.6588    
         831   718.5734    
         832   647.0867    
         833   566.5980    
         834   518.4108    
         835   491.9342    
         836   440.5697    
         837   432.6267    
         838   386.5576    
         839   361.6696    
         840   355.3152    
         841   344.1951    
         842   321.9548    
         843   300.7735    
         844   301.3031    
         845   300.7735    
         846   278.0037    
         847   266.8836    
         848   271.1198    
         849   247.8204    
         850   249.9386    
         851   246.2319    
         852   227.6983    
         853   238.2889    
         854   230.3459    
         855   225.0506    
         856   228.2278    
         857   210.2238    
         858   213.4009    
         859   192.2197    
         860   216.0486    
         861   198.0446    
         862   198.5741    
         863   191.1606    
         864   193.8083    
         865   181.0996    
         866   189.5721    
         867   189.5721    
         868   180.0405    
         869   184.8063    
         870   177.3929    
         871   170.5089    
         872   174.7452    
         873   170.5089    
         874   171.0385    
         875   171.0385    
         876   167.8613    
         877   171.0385    
         878   171.0385    
         879   167.8613    
         880   175.8043    
         881   168.9203    
         882   167.8613    
         883   167.3318    
         884   177.9224    
         885   158.8593    
         886   171.5680    
         887   169.9794    
         888   153.0344    
         889   162.5660    
         890   169.4499    
         891   160.9774    
         892   154.0935    
         893   168.3908    
         894   151.9754    
         895   175.2747    
         896   153.0344    
         897   165.2136    
         898   158.8593    
         899   164.1546    
         900   151.4458    
         901   162.0365    
         902   156.7411    
         903   155.6821    
         904   162.5660    
         905   164.1546    
         906   151.9754    
         907   149.8572    
         908   151.4458    
         909   153.5640    
         910   146.1505    
         911   145.0915    
         912   132.9122    
         913   148.2686    
         914   136.0894    
         915   150.3868    
         916   134.5008    
         917   138.7371    
         918   130.2646    
         919   132.9122    
         920   126.5579    
         921   130.2646    
         922   120.7330    
         923   133.4418    
         924   129.2055    
         925   127.0874    
         926   128.1465    
         927   106.4357    
         928   123.9102    
         929   111.7310    
         930   114.9082    
         931   119.6740    
         932   112.7901    
         933   114.3787    
         934   113.3196    
         935   111.2015    
         936   110.6720    
         937   105.9062    
         938   110.1424    
         939   103.7881    
         940   95.84509    
         941   111.2015    
         942   110.1424    
         943   97.96321    
         944   105.3766    
         945   101.1404    
         946   93.19743    
         947   106.9652    
         948   88.43166    
         949   101.6699    
         950   98.49274    
         951   95.31556    
         952   97.96321    
         953   91.07932    
         954   91.60884    
         955   90.54978    
         956   90.02025    
         957   84.19541    
         958   91.60884    
         959   79.95916    
         960   79.42963    
         961   93.19743    
         962   73.07526    
         963   84.19541    
         964   79.42963    
         965   70.42760    
         966   81.54776    
         967   77.84104    
         968   72.54573    
         969   73.60479    
         970   71.48667    
         971   76.25245    
         972   67.25042    
         973   70.95714    
         974   69.89808    
         975   72.54573    
         976   66.72089    
         977   63.54370    
         978   63.01418    
         979   63.54370    
         980   66.19136    
         981   60.89605    
         982   57.18933    
         983   60.36652    
         984   53.48262    
         985   54.54168    
         986   59.83699    
         987   52.42356    
         988   56.13028    
         989   57.71887    
         990   50.83496    
         991   58.77793    
         992   49.24637    
         993   45.01012    
         994   49.77590    
         995   58.24840    
         996   46.06919    
         997   45.01012    
         998   49.24637    
         999   42.36247    
        1000   46.59872    
        1001   45.53966    
        1002   47.65778    
        1003   48.71684    
        1004   46.59872    
        1005   41.30341    
        1006   43.42153    
        1007   51.36449    
        1008   44.48059    
        1009   51.36449    
        1010   45.53966    
        1011   47.12825    
        1012   46.06919    
        1013   45.53966    
        1014   42.89200    
        1015   50.30544    
        1016   47.12825    
        1017   45.01012    
        1018   39.71482    
        1019   49.77590    
        1020   42.89200    
        1021   45.01012    
        1022   48.18731    
        1023   40.77388    
        1024   49.77590    
