 #   Y    A
           1   3393.234    
           2  0.0000000E+00
           3  0.0000000E+00
           4  0.0000000E+00
           5  0.0000000E+00
           6  0.0000000E+00
           7  0.0000000E+00
           8  0.0000000E+00
           9  0.0000000E+00
          10  0.0000000E+00
          11  0.0000000E+00
          12  0.0000000E+00
          13  0.0000000E+00
          14  0.0000000E+00
          15  0.0000000E+00
          16  0.0000000E+00
          17  0.0000000E+00
          18  0.0000000E+00
          19  0.0000000E+00
          20  0.0000000E+00
          21  0.0000000E+00
          22  0.0000000E+00
          23  0.0000000E+00
          24  0.0000000E+00
          25  0.0000000E+00
          26  0.0000000E+00
          27  0.0000000E+00
          28  0.0000000E+00
          29  0.0000000E+00
          30  0.0000000E+00
          31  0.0000000E+00
          32  0.0000000E+00
          33  0.0000000E+00
          34  0.0000000E+00
          35  0.0000000E+00
          36  0.0000000E+00
          37  0.0000000E+00
          38  0.0000000E+00
          39  0.0000000E+00
          40  0.0000000E+00
          41  0.0000000E+00
          42  0.0000000E+00
          43  0.0000000E+00
          44  0.0000000E+00
          45  0.0000000E+00
          46  0.0000000E+00
          47  0.0000000E+00
          48  0.0000000E+00
          49  0.0000000E+00
          50  0.0000000E+00
          51  0.0000000E+00
          52  0.0000000E+00
          53  0.0000000E+00
          54  0.0000000E+00
          55  0.0000000E+00
          56  0.0000000E+00
          57  0.0000000E+00
          58  0.0000000E+00
          59  0.0000000E+00
          60  0.0000000E+00
          61  0.0000000E+00
          62  0.0000000E+00
          63  0.0000000E+00
          64  0.0000000E+00
          65  0.0000000E+00
          66  0.0000000E+00
          67  0.0000000E+00
          68  0.0000000E+00
          69  0.0000000E+00
          70  0.0000000E+00
          71  0.0000000E+00
          72  0.0000000E+00
          73  0.0000000E+00
          74  0.0000000E+00
          75  0.0000000E+00
          76  0.0000000E+00
          77  0.0000000E+00
          78  0.0000000E+00
          79  0.0000000E+00
          80  0.0000000E+00
          81  0.0000000E+00
          82  0.0000000E+00
          83  0.0000000E+00
          84  0.0000000E+00
          85  0.0000000E+00
          86  0.0000000E+00
          87  0.0000000E+00
          88  0.0000000E+00
          89  0.0000000E+00
          90  0.0000000E+00
          91  0.0000000E+00
          92  0.0000000E+00
          93  0.0000000E+00
          94  0.0000000E+00
          95  0.0000000E+00
          96  0.0000000E+00
          97  0.0000000E+00
          98  0.0000000E+00
          99  0.0000000E+00
         100  0.0000000E+00
         101  0.0000000E+00
         102  0.0000000E+00
         103  0.0000000E+00
         104  0.0000000E+00
         105  0.0000000E+00
         106  0.0000000E+00
         107  0.0000000E+00
         108  0.0000000E+00
         109  0.0000000E+00
         110  0.0000000E+00
         111  0.0000000E+00
         112  0.0000000E+00
         113  0.0000000E+00
         114  0.0000000E+00
         115  0.0000000E+00
         116  0.0000000E+00
         117  0.0000000E+00
         118  0.0000000E+00
         119  0.0000000E+00
         120  0.0000000E+00
         121  0.0000000E+00
         122  0.0000000E+00
         123  0.0000000E+00
         124  0.0000000E+00
         125  0.0000000E+00
         126  0.0000000E+00
         127  0.0000000E+00
         128  0.0000000E+00
         129  0.0000000E+00
         130  0.0000000E+00
         131  0.0000000E+00
         132  0.0000000E+00
         133  0.0000000E+00
         134  0.0000000E+00
         135  0.0000000E+00
         136  0.0000000E+00
         137  0.0000000E+00
         138  0.0000000E+00
         139  0.0000000E+00
         140  0.0000000E+00
         141  0.0000000E+00
         142  0.0000000E+00
         143  0.0000000E+00
         144  0.0000000E+00
         145  0.0000000E+00
         146  0.0000000E+00
         147  0.0000000E+00
         148  0.0000000E+00
         149  0.0000000E+00
         150  0.0000000E+00
         151  0.0000000E+00
         152  0.0000000E+00
         153  0.0000000E+00
         154  0.0000000E+00
         155  0.0000000E+00
         156  0.0000000E+00
         157  0.0000000E+00
         158  0.0000000E+00
         159  0.0000000E+00
         160   1.059062    
         161   3.177185    
         162   7.413432    
         163   12.70874    
         164   16.41546    
         165   16.94499    
         166   15.35640    
         167   14.29733    
         168   19.59264    
         169   20.65170    
         170   17.47452    
         171   18.00405    
         172   18.53358    
         173   18.00405    
         174   18.00405    
         175   12.70874    
         176   18.53358    
         177   16.41546    
         178   10.59062    
         179   20.12217    
         180   24.35842    
         181   27.53561    
         182   19.59264    
         183   14.82686    
         184   18.00405    
         185   19.59264    
         186   16.41546    
         187   17.47452    
         188   20.65170    
         189   19.59264    
         190   19.06311    
         191   22.76983    
         192   22.76983    
         193   24.88795    
         194   13.76780    
         195   24.35842    
         196   21.71077    
         197   19.59264    
         198   19.06311    
         199   22.76983    
         200   24.88795    
         201   23.29936    
         202   24.88795    
         203   22.24030    
         204   21.71077    
         205   22.76983    
         206   21.71077    
         207   19.06311    
         208   27.00607    
         209   30.71279    
         210   27.53561    
         211   20.65170    
         212   23.82889    
         213   24.88795    
         214   25.94701    
         215   29.65373    
         216   25.94701    
         217   19.06311    
         218   26.47654    
         219   28.06514    
         220   26.47654    
         221   26.47654    
         222   32.30138    
         223   28.59467    
         224   25.41748    
         225   31.77185    
         226   29.65373    
         227   31.77185    
         228   30.71279    
         229   28.06514    
         230   30.71279    
         231   37.06716    
         232   37.59669    
         233   27.00607    
         234   34.94904    
         235   37.59669    
         236   33.88998    
         237   40.77388    
         238   33.88998    
         239   33.36045    
         240   34.94904    
         241   35.47857    
         242   33.36045    
         243   47.12825    
         244   40.77388    
         245   38.65575    
         246   37.06716    
         247   46.06919    
         248   57.71887    
         249   47.12825    
         250   47.65778    
         251   61.42558    
         252   48.18731    
         253   47.12825    
         254   57.18933    
         255   60.89605    
         256   64.60277    
         257   61.95511    
         258   80.48869    
         259   67.25042    
         260   67.25042    
         261   83.13634    
         262   82.07729    
         263   93.72697    
         264   93.72697    
         265   110.6720    
         266   104.3176    
         267   118.0854    
         268   147.7391    
         269   120.7330    
         270   150.3868    
         271   131.8532    
         272   167.3318    
         273   151.9754    
         274   150.9163    
         275   163.6250    
         276   167.8613    
         277   154.6230    
         278   158.3297    
         279   179.5110    
         280   149.3277    
         281   165.7432    
         282   156.2116    
         283   154.6230    
         284   145.0915    
         285   143.5029    
         286   141.3848    
         287   148.2686    
         288   132.3827    
         289   162.5660    
         290   124.9693    
         291   137.1485    
         292   150.3868    
         293   136.6190    
         294   130.7941    
         295   142.4438    
         296   148.7982    
         297   137.6780    
         298   142.4438    
         299   142.9733    
         300   155.1525    
         301   141.9143    
         302   154.6230    
         303   140.8552    
         304   155.1525    
         305   141.9143    
         306   159.9183    
         307   153.0344    
         308   149.3277    
         309   159.9183    
         310   163.6250    
         311   150.9163    
         312   164.1546    
         313   174.7452    
         314   171.5680    
         315   168.9203    
         316   176.3338    
         317   182.6882    
         318   183.2177    
         319   186.9244    
         320   198.5741    
         321   192.7492    
         322   209.6942    
         323   203.3399    
         324   207.0466    
         325   205.9875    
         326   200.6922    
         327   225.5802    
         328   221.3439    
         329   202.2808    
         330   225.5802    
         331   219.7553    
         332   217.1077    
         333   228.2278    
         334   231.9345    
         335   239.8775    
         336   226.6392    
         337   232.9936    
         338   232.4641    
         339   224.5211    
         340   244.1137    
         341   235.6413    
         342   223.4620    
         343   231.4050    
         344   231.4050    
         345   223.4620    
         346   218.1667    
         347   217.6372    
         348   227.6983    
         349   219.2258    
         350   202.2808    
         351   206.5170    
         352   221.8734    
         353   195.9264    
         354   217.6372    
         355   213.4010    
         356   214.9895    
         357   190.6311    
         358   226.1097    
         359   197.5150    
         360   208.1056    
         361   212.8714    
         362   200.1627    
         363   221.3439    
         364   193.8083    
         365   212.3419    
         366   202.2808    
         367   213.9305    
         368   205.4580    
         369   210.7533    
         370   214.4600    
         371   207.0466    
         372   213.9305    
         373   229.8164    
         374   207.5761    
         375   217.1077    
         376   221.8734    
         377   228.7573    
         378   212.8714    
         379   222.9325    
         380   213.4009    
         381   230.3459    
         382   211.2828    
         383   228.2278    
         384   222.4030    
         385   214.4600    
         386   225.5802    
         387   220.2849    
         388   221.8734    
         389   225.5802    
         390   231.9345    
         391   244.1137    
         392   228.2278    
         393   226.1097    
         394   233.5231    
         395   240.4070    
         396   235.6413    
         397   232.9936    
         398   243.5842    
         399   244.6433    
         400   236.1708    
         401   253.1158    
         402   255.2339    
         403   252.0567    
         404   247.8204    
         405   251.5272    
         406   251.5272    
         407   265.8245    
         408   259.4701    
         409   275.3560    
         410   270.0608    
         411   265.8245    
         412   261.5883    
         413   279.5923    
         414   282.2400    
         415   278.5332    
         416   292.3011    
         417   297.5963    
         418   287.0057    
         419   313.4823    
         420   288.0648    
         421   330.9568    
         422   318.2480    
         423   315.0709    
         424   319.8366    
         425   313.4823    
         426   319.3071    
         427   346.3132    
         428   332.0159    
         429   358.4924    
         430   352.6676    
         431   365.3763    
         432   370.6716    
         433   370.6716    
         434   360.6105    
         435   399.7958    
         436   405.6207    
         437   401.3844    
         438   388.6757    
         439   400.8549    
         440   402.9730    
         441   401.9139    
         442   422.5656    
         443   409.3274    
         444   420.9771    
         445   410.9160    
         446   418.8589    
         447   420.9771    
         448   407.7388    
         449   419.3885    
         450   425.7428    
         451   409.8569    
         452   422.5656    
         453   440.0402    
         454   448.5127    
         455   427.8610    
         456   442.6878    
         457   430.5086    
         458   457.5147    
         459   455.3965    
         460   459.1033    
         461   470.7530    
         462   464.3986    
         463   473.4006    
         464   498.8181    
         465   492.4637    
         466   513.1154    
         467   519.9993    
         468   522.6470    
         469   507.8201    
         470   515.2335    
         471   514.1745    
         472   529.0013    
         473   548.5940    
         474   547.5349    
         475   554.4188    
         476   562.8914    
         477   557.5960    
         478   556.5369    
         479   593.6041    
         480   550.7121    
         481   616.9035    
         482   587.7793    
         483   577.7182    
         484   596.2518    
         485   603.1357    
         486   581.4249    
         487   584.6021    
         488   625.9055    
         489   604.1948    
         490   629.0827    
         491   632.2599    
         492   602.0766    
         493   619.0216    
         494   654.5002    
         495   634.3780    
         496   613.1968    
         497   688.9197    
         498   633.3189    
         499   695.2740    
         500   667.7385    
         501   691.0378    
         502   692.0969    
         503   687.8606    
         504   682.5653    
         505   677.2700    
         506   665.0908    
         507   711.6895    
         508   723.8687    
         509   707.9828    
         510   657.6774    
         511   728.1050    
         512   694.7445    
         513   681.5062    
         514   731.8117    
         515   700.5693    
         516   719.6324    
         517   721.7506    
         518   747.6976    
         519   665.0908    
         520   705.8647    
         521   740.8137    
         522   709.5714    
         523   707.4532    
         524   732.3412    
         525   762.5245    
         526   675.1519    
         527   747.6976    
         528   717.5143    
         529   729.1640    
         530   698.9808    
         531   743.4614    
         532   752.4634    
         533   775.7628    
         534   701.0989    
         535   753.5225    
         536   719.1030    
         537   766.2312    
         538   750.8748    
         539   751.9338    
         540   729.1640    
         541   783.7057    
         542   745.5795    
         543   756.6996    
         544   802.7688    
         545   802.2393    
         546   810.7118    
         547   787.4124    
         548   774.7037    
         549   794.8259    
         550   841.4246    
         551   801.7098    
         552   819.1843    
         553   840.8950    
         554   855.7219    
         555   887.4938    
         556   865.2535    
         557   881.1394    
         558   861.5468    
         559   885.9052    
         560   886.9642    
         561   877.4327    
         562   869.4897    
         563   861.0172    
         564   901.2615    
         565   879.5508    
         566   865.7830    
         567   882.1984    
         568   890.6710    
         569   891.7300    
         570   894.3776    
         571   864.7239    
         572   875.3146    
         573   858.3696    
         574   866.3125    
         575   879.5508    
         576   888.5528    
         577   841.9541    
         578   872.6669    
         579   877.9622    
         580   873.7260    
         581   883.7870    
         582   885.9052    
         583   841.4246    
         584   877.9622    
         585   860.4877    
         586   867.3716    
         587   840.8950    
         588   866.8420    
         589   867.3716    
         590   831.8930    
         591   848.8380    
         592   830.3044    
         593   842.4836    
         594   853.0743    
         595   856.2515    
         596   844.0722    
         597   875.3146    
         598   861.0172    
         599   855.7219    
         600   846.1904    
         601   877.9622    
         602   840.8950    
         603   847.2494    
         604   859.4286    
         605   870.0192    
         606   840.8950    
         607   846.1904    
         608   857.3105    
         609   845.6608    
         610   837.1884    
         611   844.0722    
         612   853.6038    
         613   832.9521    
         614   834.5406    
         615   847.7789    
         616   845.6608    
         617   854.6628    
         618   844.6017    
         619   814.4185    
         620   859.4286    
         621   849.8971    
         622   834.5406    
         623   852.0152    
         624   832.4225    
         625   825.0091    
         626   833.4816    
         627   841.4246    
         628   851.4857    
         629   845.6608    
         630   827.1273    
         631   828.1863    
         632   848.3085    
         633   801.7098    
         634   835.0702    
         635   817.5957    
         636   844.0722    
         637   802.7688    
         638   830.8339    
         639   827.6568    
         640   802.2393    
         641   784.7648    
         642   833.4816    
         643   801.1802    
         644   796.4144    
         645   812.8299    
         646   790.5896    
         647   801.7098    
         648   772.0560    
         649   804.3574    
         650   767.8198    
         651   790.0601    
         652   769.9379    
         653   775.2332    
         654   767.2903    
         655   752.4634    
         656   773.6446    
         657   747.1681    
         658   760.9359    
         659   740.8137    
         660   724.9278    
         661   769.9379    
         662   735.5184    
         663   748.2272    
         664   756.6996    
         665   742.4023    
         666   727.0459    
         667   748.2271    
         668   725.9868    
         669   737.6365    
         670   736.5775    
         671   728.6345    
         672   745.0499    
         673   737.6365    
         674   726.5164    
         675   730.7526    
         676   740.2842    
         677   741.3433    
         678   741.3433    
         679   726.5164    
         680   732.3412    
         681   734.9889    
         682   742.9318    
         683   718.0439    
         684   706.9237    
         685   749.8157    
         686   742.4023    
         687   721.7506    
         688   724.3983    
         689   728.6345    
         690   731.2822    
         691   761.4654    
         692   732.3412    
         693   730.7526    
         694   736.0479    
         695   752.4634    
         696   774.7037    
         697   761.9949    
         698   778.4104    
         699   770.9969    
         700   779.4695    
         701   790.0601    
         702   808.5936    
         703   803.2983    
         704   818.6547    
         705   819.1843    
         706   820.7729    
         707   862.0763    
         708   847.7789    
         709   880.0803    
         710   910.2636    
         711   936.7401    
         712   948.9193    
         713   946.2717    
         714   1023.054    
         715   1015.111    
         716   1083.420    
         717   1086.068    
         718   1143.787    
         719   1248.104    
         720   1316.414    
         721   1354.540    
         722   1476.332    
         723   1542.523    
         724   1657.432    
         725   1798.287    
         726   1968.796    
         727   2354.824    
         728   2642.889    
         729   2510.506    
         730   2004.804    
         731   1591.770    
         732   1395.843    
         733   1179.795    
         734   1064.887    
         735   916.6180    
         736   847.7789    
         737   787.9420    
         738   731.8117    
         739   673.0338    
         740   655.5592    
         741   611.6082    
         742   568.1866    
         743   555.4779    
         744   536.9443    
         745   499.8771    
         746   499.3476    
         747   482.4026    
         748   467.0462    
         749   461.2214    
         750   440.0402    
         751   426.8019    
         752   431.0381    
         753   414.6227    
         754   406.1502    
         755   388.6757    
         756   401.3844    
         757   387.6166    
         758   370.6716    
         759   368.5535    
         760   360.6105    
         761   343.6656    
         762   356.9038    
         763   343.6656    
         764   358.4924    
         765   335.7226    
         766   341.0179    
         767   317.1890    
         768   347.3723    
         769   316.1299    
         770   324.6024    
         771   304.4803    
         772   330.4273    
         773   315.6004    
         774   310.3051    
         775   311.8937    
         776   306.5984    
         777   308.7165    
         778   297.0668    
         779   323.5434    
         780   291.7715    
         781   288.0648    
         782   294.4192    
         783   314.0118    
         784   292.3011    
         785   293.8896    
         786   296.0078    
         787   289.1239    
         788   298.1259    
         789   298.1259    
         790   280.1218    
         791   285.9467    
         792   283.2990    
         793   280.6514    
         794   260.5292    
         795   273.2379    
         796   275.3560    
         797   266.3540    
         798   266.8836    
         799   283.2990    
         800   244.6433    
         801   264.2359    
         802   257.3520    
         803   249.9386    
         804   249.4090    
         805   245.1728    
         806   258.9406    
         807   246.2319    
         808   225.0506    
         809   250.9976    
         810   233.5231    
         811   234.0526    
         812   235.6412    
         813   243.5842    
         814   229.2869    
         815   216.0486    
         816   228.7573    
         817   223.4620    
         818   210.7533    
         819   222.9325    
         820   206.5170    
         821   209.6942    
         822   196.9855    
         823   201.2217    
         824   195.9264    
         825   190.6311    
         826   199.6331    
         827   173.1566    
         828   187.4539    
         829   188.5130    
         830   176.8633    
         831   186.9244    
         832   162.5660    
         833   175.8043    
         834   169.9794    
         835   164.6841    
         836   164.1546    
         837   152.5049    
         838   162.0365    
         839   156.7411    
         840   153.5640    
         841   145.6210    
         842   147.2096    
         843   140.3257    
         844   146.1505    
         845   137.6780    
         846   129.7351    
         847   144.5619    
         848   131.3237    
         849   132.9122    
         850   115.9673    
         851   134.5008    
         852   115.4377    
         853   115.4377    
         854   115.4377    
         855   115.4377    
         856   104.8471    
         857   114.9082    
         858   105.9062    
         859   104.8471    
         860   110.1424    
         861   100.6109    
         862   105.3766    
         863   103.2585    
         864   89.49072    
         865   105.9062    
         866   99.02228    
         867   94.78603    
         868   92.66791    
         869   103.2585    
         870   90.02025    
         871   91.60884    
         872   98.49274    
         873   92.66791    
         874   102.1995    
         875   85.25447    
         876   93.19743    
         877   91.60884    
         878   89.49072    
         879   90.54978    
         880   81.54776    
         881   90.54978    
         882   93.19743    
         883   86.84306    
         884   88.43166    
         885   89.49072    
         886   94.78603    
         887   88.96119    
         888   84.72495    
         889   101.6699    
         890   83.66588    
         891   87.90213    
         892   88.96119    
         893   85.78400    
         894   86.31354    
         895   86.84306    
         896   91.07932    
         897   78.37057    
         898   84.72495    
         899   87.37260    
         900   84.19541    
         901   73.60479    
         902   102.7290    
         903   74.66386    
         904   87.37260    
         905   82.07729    
         906   77.31151    
         907   84.72495    
         908   84.19541    
         909   72.01620    
         910   73.07526    
         911   82.60682    
         912   77.31151    
         913   76.78197    
         914   80.48869    
         915   72.54573    
         916   77.31151    
         917   83.66588    
         918   76.78197    
         919   76.25245    
         920   77.31151    
         921   77.31151    
         922   68.30949    
         923   73.07526    
         924   85.78400    
         925   63.54370    
         926   73.07526    
         927   74.66386    
         928   65.13230    
         929   80.48869    
         930   68.83901    
         931   77.84104    
         932   64.07323    
         933   69.36855    
         934   83.66588    
         935   71.48667    
         936   75.19338    
         937   70.95714    
         938   66.72089    
         939   73.07526    
         940   74.66386    
         941   70.95714    
         942   71.48667    
         943   70.95714    
         944   67.77995    
         945   69.89808    
         946   72.54573    
         947   75.19338    
         948   73.07526    
         949   73.60479    
         950   67.25042    
         951   67.77995    
         952   80.48869    
         953   74.13432    
         954   74.13432    
         955   77.31151    
         956   77.84104    
         957   81.01823    
         958   73.07526    
         959   74.13432    
         960   76.25245    
         961   76.78198    
         962   82.07729    
         963   77.31151    
         964   78.90010    
         965   82.07729    
         966   78.90010    
         967   77.31151    
         968   85.25447    
         969   80.48869    
         970   83.13634    
         971   79.42963    
         972   82.60682    
         973   86.84306    
         974   88.43166    
         975   90.02025    
         976   87.90213    
         977   92.13837    
         978   85.78400    
         979   96.37462    
         980   83.13635    
         981   95.31556    
         982   97.96321    
         983   97.43369    
         984   91.60884    
         985   92.66791    
         986   100.0813    
         987   94.78603    
         988   91.07932    
         989   93.19743    
         990   92.13837    
         991   96.37462    
         992   90.54978    
         993   97.43369    
         994   90.02025    
         995   90.54978    
         996   92.13837    
         997   94.78603    
         998   91.60884    
         999   92.66791    
        1000   92.66791    
        1001   103.2585    
        1002   90.02025    
        1003   87.37260    
        1004   93.19743    
        1005   96.37462    
        1006   92.66791    
        1007   87.37260    
        1008   103.2585    
        1009   96.37462    
        1010   84.19541    
        1011   103.7881    
        1012   90.54978    
        1013   95.31556    
        1014   74.66386    
        1015   95.31556    
        1016   86.31354    
        1017   88.43166    
        1018   81.01823    
        1019   97.96321    
        1020   85.78400    
        1021   88.43166    
        1022   86.31354    
        1023   91.60884    
        1024   81.01823    
