 #   Y    A
           1  0.0000000E+00
           2  0.0000000E+00
           3  0.0000000E+00
           4  0.0000000E+00
           5  0.0000000E+00
           6  0.0000000E+00
           7  0.0000000E+00
           8  0.0000000E+00
           9  0.0000000E+00
          10  0.0000000E+00
          11  0.0000000E+00
          12  0.0000000E+00
          13  0.0000000E+00
          14  0.0000000E+00
          15  0.0000000E+00
          16  0.0000000E+00
          17  0.0000000E+00
          18  0.0000000E+00
          19  0.0000000E+00
          20  0.0000000E+00
          21  0.0000000E+00
          22  0.0000000E+00
          23  0.0000000E+00
          24  0.0000000E+00
          25  0.0000000E+00
          26  0.0000000E+00
          27  0.0000000E+00
          28  0.0000000E+00
          29  0.0000000E+00
          30  0.0000000E+00
          31  0.0000000E+00
          32  0.0000000E+00
          33  0.0000000E+00
          34  0.0000000E+00
          35  0.0000000E+00
          36  0.0000000E+00
          37  0.0000000E+00
          38  0.0000000E+00
          39  0.0000000E+00
          40  0.0000000E+00
          41  0.0000000E+00
          42  0.0000000E+00
          43  0.0000000E+00
          44  0.0000000E+00
          45  0.0000000E+00
          46  0.0000000E+00
          47  0.0000000E+00
          48  0.0000000E+00
          49  0.0000000E+00
          50  0.0000000E+00
          51  0.0000000E+00
          52  0.0000000E+00
          53  0.0000000E+00
          54  0.0000000E+00
          55  0.0000000E+00
          56  0.0000000E+00
          57  0.0000000E+00
          58  0.0000000E+00
          59  0.0000000E+00
          60  0.0000000E+00
          61  0.0000000E+00
          62  0.0000000E+00
          63  0.0000000E+00
          64  0.0000000E+00
          65  0.0000000E+00
          66  0.0000000E+00
          67  0.0000000E+00
          68  0.0000000E+00
          69  0.0000000E+00
          70  0.0000000E+00
          71  0.0000000E+00
          72  0.0000000E+00
          73  0.0000000E+00
          74  0.0000000E+00
          75  0.0000000E+00
          76  0.0000000E+00
          77  0.0000000E+00
          78  0.0000000E+00
          79  0.0000000E+00
          80  0.0000000E+00
          81  0.0000000E+00
          82  0.0000000E+00
          83  0.0000000E+00
          84  0.0000000E+00
          85  0.0000000E+00
          86  0.0000000E+00
          87  0.0000000E+00
          88  0.0000000E+00
          89  0.0000000E+00
          90  0.0000000E+00
          91  0.0000000E+00
          92  0.0000000E+00
          93  0.0000000E+00
          94  0.0000000E+00
          95  0.0000000E+00
          96  0.0000000E+00
          97  0.0000000E+00
          98  0.0000000E+00
          99  0.0000000E+00
         100  0.0000000E+00
         101  0.0000000E+00
         102  0.0000000E+00
         103  0.0000000E+00
         104  0.0000000E+00
         105  0.0000000E+00
         106  0.0000000E+00
         107  0.0000000E+00
         108  0.0000000E+00
         109  0.0000000E+00
         110  0.0000000E+00
         111  0.0000000E+00
         112  0.0000000E+00
         113  0.0000000E+00
         114  0.0000000E+00
         115  0.0000000E+00
         116  0.0000000E+00
         117  0.0000000E+00
         118  0.0000000E+00
         119  0.0000000E+00
         120  0.0000000E+00
         121  0.0000000E+00
         122  0.0000000E+00
         123  0.0000000E+00
         124  0.0000000E+00
         125  0.0000000E+00
         126  0.0000000E+00
         127  0.0000000E+00
         128  0.0000000E+00
         129  0.0000000E+00
         130  0.0000000E+00
         131  0.0000000E+00
         132  0.0000000E+00
         133  0.0000000E+00
         134  0.0000000E+00
         135  0.0000000E+00
         136  0.0000000E+00
         137  0.0000000E+00
         138  0.0000000E+00
         139  0.0000000E+00
         140  0.0000000E+00
         141  0.0000000E+00
         142  0.0000000E+00
         143  0.0000000E+00
         144  0.0000000E+00
         145  0.0000000E+00
         146  0.0000000E+00
         147  0.0000000E+00
         148  0.0000000E+00
         149  0.0000000E+00
         150  0.0000000E+00
         151  0.0000000E+00
         152  0.0000000E+00
         153  0.0000000E+00
         154  0.0000000E+00
         155  0.0000000E+00
         156  0.0000000E+00
         157  0.0000000E+00
         158  0.0000000E+00
         159  0.0000000E+00
         160  0.0000000E+00
         161  0.0000000E+00
         162  0.0000000E+00
         163  0.0000000E+00
         164  0.0000000E+00
         165  0.0000000E+00
         166  0.0000000E+00
         167  0.0000000E+00
         168  0.0000000E+00
         169  0.0000000E+00
         170  0.0000000E+00
         171  0.0000000E+00
         172  0.0000000E+00
         173  0.0000000E+00
         174  0.0000000E+00
         175  0.0000000E+00
         176  0.0000000E+00
         177  0.0000000E+00
         178  0.0000000E+00
         179  0.0000000E+00
         180  0.0000000E+00
         181  0.0000000E+00
         182  0.0000000E+00
         183  0.0000000E+00
         184  0.0000000E+00
         185  0.0000000E+00
         186  0.0000000E+00
         187  0.0000000E+00
         188  0.0000000E+00
         189  0.0000000E+00
         190  0.0000000E+00
         191  0.0000000E+00
         192  0.0000000E+00
         193  0.0000000E+00
         194  0.0000000E+00
         195  0.0000000E+00
         196  0.0000000E+00
         197  0.0000000E+00
         198  0.0000000E+00
         199  0.0000000E+00
         200  0.0000000E+00
         201  0.0000000E+00
         202  0.0000000E+00
         203  0.0000000E+00
         204  0.0000000E+00
         205  0.0000000E+00
         206  0.0000000E+00
         207  0.0000000E+00
         208  0.0000000E+00
         209  0.0000000E+00
         210  0.0000000E+00
         211  0.0000000E+00
         212  0.0000000E+00
         213  0.0000000E+00
         214  0.0000000E+00
         215  0.0000000E+00
         216  0.0000000E+00
         217  0.0000000E+00
         218  0.0000000E+00
         219  0.0000000E+00
         220  0.0000000E+00
         221  0.0000000E+00
         222  0.0000000E+00
         223  0.0000000E+00
         224  0.0000000E+00
         225  0.0000000E+00
         226  0.0000000E+00
         227  0.0000000E+00
         228  0.0000000E+00
         229  0.0000000E+00
         230  0.0000000E+00
         231  0.0000000E+00
         232  0.0000000E+00
         233  0.0000000E+00
         234  0.0000000E+00
         235  0.0000000E+00
         236  0.0000000E+00
         237  0.0000000E+00
         238  0.0000000E+00
         239  0.0000000E+00
         240  0.0000000E+00
         241  0.0000000E+00
         242  0.0000000E+00
         243  0.0000000E+00
         244  0.0000000E+00
         245  0.0000000E+00
         246  0.0000000E+00
         247  0.0000000E+00
         248  0.0000000E+00
         249  0.0000000E+00
         250  0.0000000E+00
         251  0.0000000E+00
         252  0.0000000E+00
         253  0.0000000E+00
         254  0.0000000E+00
         255  0.0000000E+00
         256  0.0000000E+00
         257  0.0000000E+00
         258  0.0000000E+00
         259  0.0000000E+00
         260  0.0000000E+00
         261  0.0000000E+00
         262  0.0000000E+00
         263  0.0000000E+00
         264  0.0000000E+00
         265  0.0000000E+00
         266  0.0000000E+00
         267  0.0000000E+00
         268  0.0000000E+00
         269  0.0000000E+00
         270  0.0000000E+00
         271  0.0000000E+00
         272  0.0000000E+00
         273  0.0000000E+00
         274  0.0000000E+00
         275  0.0000000E+00
         276  0.0000000E+00
         277  0.0000000E+00
         278  0.0000000E+00
         279  0.0000000E+00
         280  0.0000000E+00
         281  0.0000000E+00
         282  0.0000000E+00
         283  0.0000000E+00
         284  0.0000000E+00
         285  0.0000000E+00
         286  0.0000000E+00
         287  0.0000000E+00
         288  0.0000000E+00
         289  0.0000000E+00
         290  0.0000000E+00
         291  0.0000000E+00
         292  0.0000000E+00
         293  0.0000000E+00
         294  0.0000000E+00
         295  0.0000000E+00
         296  0.0000000E+00
         297  0.0000000E+00
         298  0.0000000E+00
         299  0.0000000E+00
         300  0.0000000E+00
         301  0.0000000E+00
         302  0.0000000E+00
         303  0.0000000E+00
         304  0.0000000E+00
         305  0.0000000E+00
         306  0.0000000E+00
         307  0.0000000E+00
         308  0.0000000E+00
         309  0.0000000E+00
         310  0.0000000E+00
         311  0.0000000E+00
         312  0.0000000E+00
         313  0.0000000E+00
         314  0.0000000E+00
         315  0.0000000E+00
         316  0.0000000E+00
         317  0.0000000E+00
         318  0.0000000E+00
         319  0.0000000E+00
         320  0.0000000E+00
         321  0.0000000E+00
         322  0.0000000E+00
         323  0.0000000E+00
         324  0.0000000E+00
         325  0.0000000E+00
         326  0.0000000E+00
         327  0.0000000E+00
         328  0.5295309    
         329   7.942963    
         330   13.23827    
         331   19.06311    
         332   24.35842    
         333   25.94701    
         334   30.18326    
         335   29.12420    
         336   29.12420    
         337   26.47654    
         338   29.12420    
         339   24.88795    
         340   38.12622    
         341   44.48059    
         342   28.59467    
         343   30.18326    
         344   30.71279    
         345   31.24232    
         346   31.77185    
         347   36.00810    
         348   34.41951    
         349   31.77185    
         350   36.53763    
         351   42.36247    
         352   37.06716    
         353   40.24435    
         354   38.65575    
         355   34.94904    
         356   49.77590    
         357   47.12825    
         358   41.83294    
         359   44.48059    
         360   37.59669    
         361   34.94904    
         362   45.53966    
         363   34.94904    
         364   40.77388    
         365   47.65778    
         366   47.65778    
         367   42.36247    
         368   37.59669    
         369   35.47857    
         370   43.95107    
         371   55.60074    
         372   47.12825    
         373   41.83294    
         374   48.18731    
         375   48.71684    
         376   46.06919    
         377   47.65778    
         378   61.95511    
         379   52.42356    
         380   50.83496    
         381   48.18731    
         382   58.77793    
         383   55.07121    
         384   69.36855    
         385   58.77793    
         386   49.77590    
         387   67.77995    
         388   53.48262    
         389   63.01418    
         390   71.48667    
         391   77.31151    
         392   64.60277    
         393   71.48667    
         394   67.25042    
         395   72.01620    
         396   77.84104    
         397   84.19541    
         398   80.48869    
         399   78.90010    
         400   87.37260    
         401   84.72495    
         402   82.60682    
         403   100.6109    
         404   109.0834    
         405   99.02228    
         406   106.9652    
         407   100.6109    
         408   124.9693    
         409   118.0854    
         410   141.3848    
         411   137.6780    
         412   138.7371    
         413   158.8593    
         414   177.3929    
         415   157.8002    
         416   208.1056    
         417   194.3378    
         418   224.5211    
         419   250.9976    
         420   252.5862    
         421   299.7145    
         422   307.6574    
         423   340.4884    
         424   381.2622    
         425   405.0911    
         426   450.1013    
         427   499.8771    
         428   577.1887    
         429   631.7303    
         430   634.3780    
         431   656.0887    
         432   609.4901    
         433   627.4941    
         434   628.0236    
         435   641.7914    
         436   638.6143    
         437   641.7914    
         438   655.0297    
         439   661.3841    
         440   639.6733    
         441   689.9788    
         442   655.5593    
         443   667.7385    
         444   665.0908    
         445   659.7955    
         446   660.8546    
         447   683.6244    
         448   665.0908    
         449   718.0439    
         450   712.7486    
         451   751.9338    
         452   744.5204    
         453   759.3473    
         454   775.2332    
         455   800.1212    
         456   827.6567    
         457   863.6649    
         458   907.0864    
         459   975.9254    
         460   967.4529    
         461   1019.347    
         462   1070.182    
         463   1114.662    
         464   1137.962    
         465   1172.911    
         466   1130.019    
         467   1180.854    
         468   1149.612    
         469   1145.375    
         470   1145.905    
         471   1117.310    
         472   1114.133    
         473   1130.019    
         474   1099.306    
         475   1135.844    
         476   1123.665    
         477   1173.970    
         478   1170.793    
         479   1216.332    
         480   1250.752    
         481   1256.577    
         482   1271.404    
         483   1341.831    
         484   1303.176    
         485   1402.727    
         486   1313.237    
         487   1419.143    
         488   1439.794    
         489   1430.792    
         490   1498.572    
         491   1480.039    
         492   1602.360    
         493   1610.303    
         494   1675.436    
         495   1797.757    
         496   1887.248    
         497   1911.077    
         498   2151.484    
         499   2233.561    
         500   2462.319    
         501   2624.885    
         502   2921.951    
         503   3186.717    
         504   3382.114    
         505   3741.136    
         506   4097.510    
         507   4308.263    
         508   4522.194    
         509   4897.102    
         510   4763.130    
         511   4300.320    
         512   3861.869    
         513   3407.531    
         514   3101.992    
         515   3064.395    
         516   2685.781    
         517   2227.736    
         518   1965.089    
         519   1933.847    
         520   1818.939    
         521   1731.036    
         522   1638.898    
         523   1566.882    
         524   1556.291    
         525   1483.745    
         526   1489.041    
         527   1370.955    
         528   1386.841    
         529   1303.705    
         530   1329.652    
         531   1280.935    
         532   1259.754    
         533   1224.275    
         534   1199.917    
         535   1194.622    
         536   1180.854    
         537   1167.616    
         538   1176.618    
         539   1142.198    
         540   1124.194    
         541   1166.027    
         542   1075.477    
         543   1108.838    
         544   1095.599    
         545   1069.123    
         546   1140.609    
         547   1094.011    
         548   1103.013    
         549   1088.715    
         550   1152.259    
         551   1124.724    
         552   1094.011    
         553   1129.489    
         554   1131.078    
         555   1141.139    
         556   1184.031    
         557   1143.787    
         558   1186.679    
         559   1130.019    
         560   1171.322    
         561   1126.842    
         562   1128.430    
         563   1117.310    
         564   1100.365    
         565   1200.976    
         566   1130.019    
         567   1144.316    
         568   1145.905    
         569   1158.084    
         570   1139.550    
         571   1152.259    
         572   1131.078    
         573   1141.669    
         574   1182.443    
         575   1139.550    
         576   1178.206    
         577   1103.013    
         578   1149.082    
         579   1154.907    
         580   1142.728    
         581   1139.550    
         582   1100.895    
         583   1106.190    
         584   1094.011    
         585   1127.901    
         586   1113.074    
         587   1122.076    
         588   1098.777    
         589   1143.257    
         590   1097.718    
         591   1115.722    
         592   1067.534    
         593   1059.062    
         594   1051.648    
         595   1072.300    
         596   1047.942    
         597   1028.349    
         598   1116.251    
         599   1038.410    
         600   1023.054    
         601   1033.115    
         602   947.8603    
         603   1062.768    
         604   987.5751    
         605   1064.887    
         606   1031.526    
         607   1060.650    
         608   1064.887    
         609   989.6932    
         610   1055.885    
         611   1075.477    
         612   1058.532    
         613   1050.589    
         614   1069.652    
         615   1050.060    
         616   1076.007    
         617   1098.777    
         618   1074.948    
         619   1079.184    
         620   1125.253    
         621   1008.756    
         622   1064.357    
         623   1101.954    
         624   1033.644    
         625   1039.999    
         626   1062.239    
         627   1030.997    
         628   1053.766    
         629   1009.815    
         630   1012.993    
         631   994.4590    
         632   967.4529    
         633   988.1046    
         634   961.6281    
         635   965.3348    
         636   964.2758    
         637   934.0925    
         638   981.2207    
         639   907.6159    
         640   948.3898    
         641   955.2737    
         642   917.1475    
         643   902.3206    
         644   884.8461    
         645   884.3166    
         646   870.5488    
         647   859.4286    
         648   807.0051    
         649   816.5366    
         650   834.5406    
         651   771.5265    
         652   759.8768    
         653   786.3533    
         654   714.3372    
         655   720.1620    
         656   673.0338    
         657   668.7975    
         658   635.4371    
         659   619.5511    
         660   584.0726    
         661   586.7202    
         662   568.7162    
         663   544.3577    
         664   533.7672    
         665   507.2906    
         666   519.4698    
         667   497.2295    
         668   470.2234    
         669   469.6939    
         670   444.8059    
         671   429.9791    
         672   440.5697    
         673   399.7958    
         674   408.2683    
         675   392.9119    
         676   384.9690    
         677   359.5515    
         678   391.3233    
         679   360.6105    
         680   352.6676    
         681   343.1360    
         682   340.4883    
         683   333.0749    
         684   346.3132    
         685   306.0688    
         686   320.3662    
         687   287.0057    
         688   317.1890    
         689   292.8306    
         690   280.1218    
         691   279.5923    
         692   276.9446    
         693   263.7064    
         694   272.7084    
         695   256.2929    
         696   249.9386    
         697   245.7023    
         698   246.2319    
         699   248.8795    
         700   239.3480    
         701   232.4641    
         702   222.4030    
         703   243.5842    
         704   214.9895    
         705   225.5802    
         706   218.6963    
         707   209.1647    
         708   228.2278    
         709   196.4560    
         710   221.3439    
         711   187.9835    
         712   210.2238    
         713   195.3969    
         714   195.9264    
         715   190.1016    
         716   182.1586    
         717   170.5089    
         718   189.0425    
         719   178.9814    
         720   189.0425    
         721   159.3888    
         722   163.6250    
         723   158.3297    
         724   166.8022    
         725   158.3297    
         726   159.9183    
         727   148.7982    
         728   154.6230    
         729   135.5599    
         730   144.5619    
         731   140.8552    
         732   150.9163    
         733   145.0915    
         734   135.5599    
         735   121.7921    
         736   122.3216    
         737   126.0284    
         738   124.4398    
         739   127.6169    
         740   114.3787    
         741   122.8512    
         742   111.7310    
         743   109.0834    
         744   110.6720    
         745   108.5538    
         746   103.2585    
         747   36.00810    
         748  0.0000000E+00
         749  0.0000000E+00
         750  0.0000000E+00
         751  0.0000000E+00
         752  0.0000000E+00
         753  0.0000000E+00
         754  0.0000000E+00
         755  0.0000000E+00
         756  0.0000000E+00
         757  0.0000000E+00
         758  0.0000000E+00
         759  0.0000000E+00
         760  0.0000000E+00
         761  0.0000000E+00
         762  0.0000000E+00
         763  0.0000000E+00
         764  0.0000000E+00
         765  0.0000000E+00
         766  0.0000000E+00
         767  0.0000000E+00
         768  0.0000000E+00
         769  0.0000000E+00
         770  0.0000000E+00
         771  0.0000000E+00
         772  0.0000000E+00
         773  0.0000000E+00
         774  0.0000000E+00
         775  0.0000000E+00
         776  0.0000000E+00
         777  0.0000000E+00
         778  0.0000000E+00
         779  0.0000000E+00
         780  0.0000000E+00
         781  0.0000000E+00
         782  0.0000000E+00
         783  0.0000000E+00
         784  0.0000000E+00
         785  0.0000000E+00
         786  0.0000000E+00
         787  0.0000000E+00
         788  0.0000000E+00
         789  0.0000000E+00
         790  0.0000000E+00
         791  0.0000000E+00
         792  0.0000000E+00
         793  0.0000000E+00
         794  0.0000000E+00
         795  0.0000000E+00
         796  0.0000000E+00
         797  0.0000000E+00
         798  0.0000000E+00
         799  0.0000000E+00
         800  0.0000000E+00
         801  0.0000000E+00
         802  0.0000000E+00
         803  0.0000000E+00
         804  0.0000000E+00
         805  0.0000000E+00
         806  0.0000000E+00
         807  0.0000000E+00
         808  0.0000000E+00
         809  0.0000000E+00
         810  0.0000000E+00
         811  0.0000000E+00
         812  0.0000000E+00
         813  0.0000000E+00
         814  0.0000000E+00
         815  0.0000000E+00
         816  0.0000000E+00
         817  0.0000000E+00
         818  0.0000000E+00
         819  0.0000000E+00
         820  0.0000000E+00
         821  0.0000000E+00
         822  0.0000000E+00
         823  0.0000000E+00
         824  0.0000000E+00
         825  0.0000000E+00
         826  0.0000000E+00
         827  0.0000000E+00
         828  0.0000000E+00
         829  0.0000000E+00
         830  0.0000000E+00
         831  0.0000000E+00
         832  0.0000000E+00
         833  0.0000000E+00
         834  0.0000000E+00
         835  0.0000000E+00
         836  0.0000000E+00
         837  0.0000000E+00
         838  0.0000000E+00
         839  0.0000000E+00
         840  0.0000000E+00
         841  0.0000000E+00
         842  0.0000000E+00
         843  0.0000000E+00
         844  0.0000000E+00
         845  0.0000000E+00
         846  0.0000000E+00
         847  0.0000000E+00
         848  0.0000000E+00
         849  0.0000000E+00
         850  0.0000000E+00
         851  0.0000000E+00
         852  0.0000000E+00
         853  0.0000000E+00
         854  0.0000000E+00
         855  0.0000000E+00
         856  0.0000000E+00
         857  0.0000000E+00
         858  0.0000000E+00
         859  0.0000000E+00
         860  0.0000000E+00
         861  0.0000000E+00
         862  0.0000000E+00
         863  0.0000000E+00
         864  0.0000000E+00
         865  0.0000000E+00
         866  0.0000000E+00
         867  0.0000000E+00
         868  0.0000000E+00
         869  0.0000000E+00
         870  0.0000000E+00
         871  0.0000000E+00
         872  0.0000000E+00
         873  0.0000000E+00
         874  0.0000000E+00
         875  0.0000000E+00
         876  0.0000000E+00
         877  0.0000000E+00
         878  0.0000000E+00
         879  0.0000000E+00
         880  0.0000000E+00
         881  0.0000000E+00
         882  0.0000000E+00
         883  0.0000000E+00
         884  0.0000000E+00
         885  0.0000000E+00
         886  0.0000000E+00
         887  0.0000000E+00
         888  0.0000000E+00
         889  0.0000000E+00
         890  0.0000000E+00
         891  0.0000000E+00
         892  0.0000000E+00
         893  0.0000000E+00
         894  0.0000000E+00
         895  0.0000000E+00
         896  0.0000000E+00
         897  0.0000000E+00
         898  0.0000000E+00
         899  0.0000000E+00
         900  0.0000000E+00
         901  0.0000000E+00
         902  0.0000000E+00
         903  0.0000000E+00
         904  0.0000000E+00
         905  0.0000000E+00
         906  0.0000000E+00
         907  0.0000000E+00
         908  0.0000000E+00
         909  0.0000000E+00
         910  0.0000000E+00
         911  0.0000000E+00
         912  0.0000000E+00
         913  0.0000000E+00
         914  0.0000000E+00
         915  0.0000000E+00
         916  0.0000000E+00
         917  0.0000000E+00
         918  0.0000000E+00
         919  0.0000000E+00
         920  0.0000000E+00
         921  0.0000000E+00
         922  0.0000000E+00
         923  0.0000000E+00
         924  0.0000000E+00
         925  0.0000000E+00
         926  0.0000000E+00
         927  0.0000000E+00
         928  0.0000000E+00
         929  0.0000000E+00
         930  0.0000000E+00
         931  0.0000000E+00
         932  0.0000000E+00
         933  0.0000000E+00
         934  0.0000000E+00
         935  0.0000000E+00
         936  0.0000000E+00
         937  0.0000000E+00
         938  0.0000000E+00
         939  0.0000000E+00
         940  0.0000000E+00
         941  0.0000000E+00
         942  0.0000000E+00
         943  0.0000000E+00
         944  0.0000000E+00
         945  0.0000000E+00
         946  0.0000000E+00
         947  0.0000000E+00
         948  0.0000000E+00
         949  0.0000000E+00
         950  0.0000000E+00
         951  0.0000000E+00
         952  0.0000000E+00
         953  0.0000000E+00
         954  0.0000000E+00
         955  0.0000000E+00
         956  0.0000000E+00
         957  0.0000000E+00
         958  0.0000000E+00
         959  0.0000000E+00
         960  0.0000000E+00
         961  0.0000000E+00
         962  0.0000000E+00
         963  0.0000000E+00
         964  0.0000000E+00
         965  0.0000000E+00
         966  0.0000000E+00
         967  0.0000000E+00
         968  0.0000000E+00
         969  0.0000000E+00
         970  0.0000000E+00
         971  0.0000000E+00
         972  0.0000000E+00
         973  0.0000000E+00
         974  0.0000000E+00
         975  0.0000000E+00
         976  0.0000000E+00
         977  0.0000000E+00
         978  0.0000000E+00
         979  0.0000000E+00
         980  0.0000000E+00
         981  0.0000000E+00
         982  0.0000000E+00
         983  0.0000000E+00
         984  0.0000000E+00
         985  0.0000000E+00
         986  0.0000000E+00
         987  0.0000000E+00
         988  0.0000000E+00
         989  0.0000000E+00
         990  0.0000000E+00
         991  0.0000000E+00
         992  0.0000000E+00
         993  0.0000000E+00
         994  0.0000000E+00
         995  0.0000000E+00
         996  0.0000000E+00
         997  0.0000000E+00
         998  0.0000000E+00
         999  0.0000000E+00
        1000  0.0000000E+00
        1001  0.0000000E+00
        1002  0.0000000E+00
        1003  0.0000000E+00
        1004  0.0000000E+00
        1005  0.0000000E+00
        1006  0.0000000E+00
        1007  0.0000000E+00
        1008  0.0000000E+00
        1009  0.0000000E+00
        1010  0.0000000E+00
        1011  0.0000000E+00
        1012  0.0000000E+00
        1013  0.0000000E+00
        1014  0.0000000E+00
        1015  0.0000000E+00
        1016  0.0000000E+00
        1017  0.0000000E+00
        1018  0.0000000E+00
        1019  0.0000000E+00
        1020  0.0000000E+00
        1021  0.0000000E+00
        1022  0.0000000E+00
        1023  0.0000000E+00
        1024  0.0000000E+00
