 #   Y    A
           1   10570.50    
           2  0.0000000E+00
           3  0.0000000E+00
           4  0.0000000E+00
           5  0.0000000E+00
           6  0.0000000E+00
           7  0.0000000E+00
           8  0.0000000E+00
           9  0.0000000E+00
          10  0.0000000E+00
          11  0.0000000E+00
          12  0.0000000E+00
          13  0.0000000E+00
          14  0.0000000E+00
          15  0.0000000E+00
          16  0.0000000E+00
          17  0.0000000E+00
          18  0.0000000E+00
          19  0.0000000E+00
          20  0.0000000E+00
          21  0.0000000E+00
          22  0.0000000E+00
          23  0.0000000E+00
          24  0.0000000E+00
          25  0.0000000E+00
          26  0.0000000E+00
          27  0.0000000E+00
          28  0.0000000E+00
          29  0.0000000E+00
          30  0.0000000E+00
          31  0.0000000E+00
          32  0.0000000E+00
          33  0.0000000E+00
          34  0.0000000E+00
          35  0.0000000E+00
          36  0.0000000E+00
          37  0.0000000E+00
          38  0.0000000E+00
          39  0.0000000E+00
          40  0.0000000E+00
          41  0.0000000E+00
          42  0.0000000E+00
          43  0.0000000E+00
          44  0.0000000E+00
          45  0.0000000E+00
          46  0.0000000E+00
          47  0.0000000E+00
          48  0.0000000E+00
          49  0.0000000E+00
          50  0.0000000E+00
          51  0.0000000E+00
          52  0.0000000E+00
          53  0.0000000E+00
          54  0.0000000E+00
          55  0.0000000E+00
          56  0.0000000E+00
          57  0.0000000E+00
          58  0.0000000E+00
          59  0.0000000E+00
          60  0.0000000E+00
          61  0.0000000E+00
          62  0.0000000E+00
          63  0.0000000E+00
          64  0.0000000E+00
          65  0.0000000E+00
          66  0.0000000E+00
          67  0.0000000E+00
          68  0.0000000E+00
          69  0.0000000E+00
          70  0.0000000E+00
          71  0.0000000E+00
          72  0.0000000E+00
          73  0.0000000E+00
          74  0.0000000E+00
          75  0.0000000E+00
          76  0.0000000E+00
          77  0.0000000E+00
          78  0.0000000E+00
          79  0.0000000E+00
          80  0.0000000E+00
          81  0.0000000E+00
          82  0.0000000E+00
          83  0.0000000E+00
          84  0.0000000E+00
          85  0.0000000E+00
          86  0.0000000E+00
          87  0.5295309    
          88   4.236247    
          89   5.295309    
          90   8.472494    
          91   13.76780    
          92   13.76780    
          93   15.35640    
          94   14.82686    
          95   14.82686    
          96   16.94499    
          97   14.29733    
          98   17.47452    
          99   15.35640    
         100   15.88593    
         101   15.35640    
         102   17.47452    
         103   15.88593    
         104   13.76780    
         105   10.59062    
         106   18.00405    
         107   14.82686    
         108   10.06109    
         109   16.94499    
         110   22.76983    
         111   22.24030    
         112   18.00405    
         113   15.35640    
         114   15.35640    
         115   15.35640    
         116   18.00405    
         117   13.23827    
         118   15.88593    
         119   19.59264    
         120   17.47452    
         121   20.65170    
         122   15.88593    
         123   21.71077    
         124   16.41546    
         125   24.88795    
         126   13.23827    
         127   21.18124    
         128   21.71077    
         129   17.47452    
         130   20.65170    
         131   19.59264    
         132   18.00405    
         133   23.29936    
         134   22.24030    
         135   21.18124    
         136   20.65170    
         137   17.47452    
         138   21.71077    
         139   20.12217    
         140   18.00405    
         141   18.53358    
         142   25.94701    
         143   27.53561    
         144   22.24030    
         145   21.71077    
         146   23.29936    
         147   22.24030    
         148   25.94701    
         149   21.18124    
         150   28.59467    
         151   23.29936    
         152   22.24030    
         153   22.76983    
         154   25.41748    
         155   30.18326    
         156   27.00607    
         157   30.71279    
         158   24.88795    
         159   24.88795    
         160   29.65373    
         161   30.18326    
         162   32.30138    
         163   29.65373    
         164   31.24232    
         165   30.18326    
         166   34.41951    
         167   40.77388    
         168   26.47654    
         169   31.77185    
         170   34.94904    
         171   38.12622    
         172   46.59872    
         173   24.88795    
         174   38.12622    
         175   40.24435    
         176   39.71482    
         177   34.94904    
         178   42.36247    
         179   43.42153    
         180   34.41951    
         181   52.42356    
         182   64.60277    
         183   48.71684    
         184   47.65778    
         185   52.42356    
         186   61.42558    
         187   59.30746    
         188   65.66183    
         189   78.90010    
         190   70.42760    
         191   77.31151    
         192   90.54978    
         193   93.19743    
         194   91.07932    
         195   100.0813    
         196   115.4377    
         197   108.5538    
         198   120.2035    
         199   133.9713    
         200   151.9754    
         201   116.4968    
         202   137.1485    
         203   126.0284    
         204   137.6780    
         205   129.2055    
         206   131.8532    
         207   126.0284    
         208   134.5008    
         209   112.7901    
         210   111.2015    
         211   114.9082    
         212   126.5579    
         213   102.1995    
         214   103.7881    
         215   110.6720    
         216   109.6129    
         217   103.2585    
         218   92.13837    
         219   115.9673    
         220   103.7881    
         221   95.84509    
         222   102.7290    
         223   107.4948    
         224   93.19743    
         225   92.66791    
         226   110.6720    
         227   92.13837    
         228   95.84509    
         229   97.96321    
         230   98.49274    
         231   102.7290    
         232   95.84509    
         233   97.43369    
         234   109.0834    
         235   92.66791    
         236   111.2015    
         237   103.2585    
         238   96.90415    
         239   103.7881    
         240   101.6699    
         241   112.2606    
         242   112.2606    
         243   102.7290    
         244   111.2015    
         245   103.7881    
         246   111.7310    
         247   107.4948    
         248   110.1424    
         249   118.6149    
         250   115.4377    
         251   109.0834    
         252   113.3196    
         253   113.3196    
         254   124.9693    
         255   105.9062    
         256   116.4968    
         257   120.2035    
         258   133.9713    
         259   121.7921    
         260   126.0284    
         261   129.7351    
         262   129.7351    
         263   132.3827    
         264   129.2055    
         265   121.7921    
         266   140.8552    
         267   144.0324    
         268   133.4418    
         269   143.5029    
         270   146.1505    
         271   131.8532    
         272   135.5599    
         273   146.1505    
         274   130.2646    
         275   147.2096    
         276   138.2076    
         277   137.6780    
         278   137.1485    
         279   130.7941    
         280   141.9143    
         281   131.8532    
         282   138.7371    
         283   137.6780    
         284   135.5599    
         285   138.7371    
         286   130.2646    
         287   133.4418    
         288   134.5008    
         289   127.0874    
         290   118.0854    
         291   136.6190    
         292   123.9102    
         293   124.9693    
         294   132.3827    
         295   119.1444    
         296   121.7921    
         297   116.4968    
         298   113.8491    
         299   121.7921    
         300   124.9693    
         301   119.1444    
         302   122.8512    
         303   125.4988    
         304   120.7330    
         305   110.6720    
         306   119.1444    
         307   126.0284    
         308   126.0284    
         309   114.3787    
         310   124.4398    
         311   135.0304    
         312   117.5559    
         313   121.2626    
         314   127.0874    
         315   120.7330    
         316   127.6169    
         317   123.3807    
         318   129.7351    
         319   128.1465    
         320   126.0284    
         321   138.2076    
         322   119.1444    
         323   123.9102    
         324   132.3827    
         325   136.6190    
         326   122.8512    
         327   131.8532    
         328   135.5599    
         329   132.3827    
         330   136.0894    
         331   133.9713    
         332   132.3827    
         333   140.8552    
         334   122.8512    
         335   141.9143    
         336   133.4418    
         337   140.3257    
         338   136.6190    
         339   137.6780    
         340   137.6780    
         341   126.5579    
         342   140.3257    
         343   140.3257    
         344   135.0304    
         345   139.2666    
         346   130.7941    
         347   141.9143    
         348   139.2666    
         349   137.6780    
         350   135.0304    
         351   142.9733    
         352   125.4988    
         353   144.0324    
         354   130.2646    
         355   141.3848    
         356   141.9143    
         357   136.6190    
         358   141.3848    
         359   145.6210    
         360   135.0304    
         361   150.3868    
         362   140.8552    
         363   143.5029    
         364   146.6801    
         365   156.7411    
         366   148.2686    
         367   151.4458    
         368   153.5640    
         369   156.7411    
         370   163.0955    
         371   162.0365    
         372   163.0955    
         373   159.3888    
         374   159.9183    
         375   178.9814    
         376   172.6271    
         377   155.6821    
         378   177.9224    
         379   183.7472    
         380   181.0996    
         381   191.1606    
         382   186.3949    
         383   188.5130    
         384   195.9264    
         385   192.2197    
         386   209.6942    
         387   198.5741    
         388   201.2217    
         389   214.4600    
         390   212.3419    
         391   214.4600    
         392   215.5191    
         393   219.2258    
         394   225.0506    
         395   228.7573    
         396   242.5251    
         397   234.5822    
         398   227.6983    
         399   235.6412    
         400   234.5822    
         401   245.7023    
         402   252.0567    
         403   252.0567    
         404   264.7654    
         405   250.4681    
         406   271.1198    
         407   265.8245    
         408   264.7654    
         409   261.0587    
         410   265.2950    
         411   273.7675    
         412   282.7695    
         413   280.1218    
         414   288.5943    
         415   256.2929    
         416   281.7104    
         417   283.8286    
         418   273.2379    
         419   291.7715    
         420   274.2970    
         421   288.0648    
         422   274.8265    
         423   274.8265    
         424   294.4192    
         425   283.8286    
         426   284.8876    
         427   285.4171    
         428   286.4762    
         429   289.6534    
         430   301.3031    
         431   268.4722    
         432   321.4252    
         433   304.4803    
         434   310.3051    
         435   311.8937    
         436   313.4823    
         437   329.3682    
         438   303.4212    
         439   316.1299    
         440   333.6045    
         441   339.9588    
         442   341.5474    
         443   334.1340    
         444   341.0179    
         445   349.4904    
         446   361.6696    
         447   375.9669    
         448   371.2011    
         449   354.7857    
         450   383.9099    
         451   392.9119    
         452   362.7286    
         453   386.0280    
         454   372.7897    
         455   395.0300    
         456   382.8508    
         457   396.0891    
         458   420.9771    
         459   400.8549    
         460   424.1542    
         461   413.0341    
         462   446.3945    
         463   415.6817    
         464   424.1542    
         465   420.4475    
         466   434.2153    
         467   458.0442    
         468   428.3905    
         469   453.2784    
         470   419.9180    
         471   448.5127    
         472   440.5697    
         473   454.3375    
         474   444.2764    
         475   433.1562    
         476   460.1623    
         477   433.6858    
         478   469.6939    
         479   443.7469    
         480   438.9811    
         481   464.3986    
         482   455.3965    
         483   474.4597    
         484   445.3355    
         485   470.7530    
         486   481.3436    
         487   472.3416    
         488   457.5147    
         489   517.8812    
         490   479.2255    
         491   467.0462    
         492   495.1114    
         493   495.1114    
         494   504.1134    
         495   496.1704    
         496   501.9953    
         497   455.9261    
         498   512.5859    
         499   503.0543    
         500   485.0503    
         501   478.6959    
         502   519.4698    
         503   481.8731    
         504   498.2886    
         505   510.9973    
         506   477.6369    
         507   525.2946    
         508   506.7610    
         509   478.6959    
         510   521.0584    
         511   491.4047    
         512   499.8772    
         513   518.4107    
         514   463.8690    
         515   500.9362    
         516   498.8181    
         517   495.1114    
         518   552.8303    
         519   521.0584    
         520   501.4658    
         521   517.8812    
         522   547.0054    
         523   536.4148    
         524   493.5228    
         525   517.8812    
         526   531.1195    
         527   503.5839    
         528   530.5900    
         529   563.9504    
         530   527.9423    
         531   567.1276    
         532   525.8242    
         533   541.7101    
         534   578.7773    
         535   554.9484    
         536   583.5430    
         537   553.3598    
         538   590.9565    
         539   568.7162    
         540   594.6632    
         541   566.5980    
         542   644.4391    
         543   587.2498    
         544   604.7242    
         545   568.7162    
         546   623.2579    
         547   649.2048    
         548   572.9524    
         549   604.7242    
         550   617.9625    
         551   620.0807    
         552   667.2089    
         553   655.5592    
         554   615.3149    
         555   659.2659    
         556   620.6102    
         557   633.3189    
         558   612.6672    
         559   614.7853    
         560   597.8404    
         561   634.3780    
         562   614.2558    
         563   617.9625    
         564   603.1357    
         565   619.5511    
         566   603.1357    
         567   624.8464    
         568   617.9625    
         569   614.2558    
         570   616.9035    
         571   609.4901    
         572   631.7303    
         573   596.7813    
         574   622.7283    
         575   616.3740    
         576   617.4330    
         577   595.7222    
         578   616.3740    
         579   605.7833    
         580   621.6693    
         581   610.0196    
         582   617.4330    
         583   590.9565    
         584   619.5511    
         585   610.5491    
         586   632.2599    
         587   602.0766    
         588   622.7283    
         589   643.3800    
         590   623.7874    
         591   614.2558    
         592   632.2599    
         593   611.6082    
         594   632.2599    
         595   619.5511    
         596   620.6102    
         597   596.7813    
         598   621.1397    
         599   633.3189    
         600   624.8464    
         601   631.2008    
         602   634.3780    
         603   614.7853    
         604   630.1417    
         605   616.9035    
         606   637.5552    
         607   638.6143    
         608   620.0807    
         609   624.3169    
         610   642.8505    
         611   628.5532    
         612   631.2008    
         613   626.9646    
         614   650.7935    
         615   612.6672    
         616   648.1458    
         617   622.1988    
         618   613.7263    
         619   664.5613    
         620   613.1968    
         621   635.4371    
         622   648.6754    
         623   653.4411    
         624   622.7283    
         625   632.2599    
         626   658.7364    
         627   635.9666    
         628   632.2599    
         629   638.0847    
         630   645.4982    
         631   647.6163    
         632   658.2069    
         633   656.0887    
         634   653.9706    
         635   647.0867    
         636   656.6183    
         637   659.7955    
         638   659.2659    
         639   651.8525    
         640   683.0948    
         641   651.3230    
         642   666.1498    
         643   646.0276    
         644   700.0398    
         645   653.9706    
         646   678.3290    
         647   677.7996    
         648   663.5022    
         649   677.2700    
         650   684.6834    
         651   650.2639    
         652   695.2740    
         653   675.6814    
         654   665.6203    
         655   674.0928    
         656   671.9747    
         657   689.4492    
         658   664.5613    
         659   674.0928    
         660   691.5673    
         661   680.9767    
         662   667.2089    
         663   701.6284    
         664   662.9727    
         665   680.9767    
         666   667.7385    
         667   665.0908    
         668   685.2130    
         669   662.4431    
         670   675.6814    
         671   669.8566    
         672   651.8525    
         673   687.8606    
         674   643.9095    
         675   681.5062    
         676   665.6203    
         677   650.2639    
         678   680.9767    
         679   653.9706    
         680   632.7894    
         681   655.5592    
         682   676.7405    
         683   626.9645    
         684   670.9156    
         685   656.0887    
         686   651.3230    
         687   637.5552    
         688   652.3820    
         689   632.2599    
         690   641.7914    
         691   623.2579    
         692   653.4411    
         693   623.2579    
         694   631.7303    
         695   610.5491    
         696   625.9055    
         697   633.8484    
         698   622.7283    
         699   603.6652    
         700   613.1968    
         701   633.3189    
         702   583.0135    
         703   606.8424    
         704   606.3129    
         705   593.0746    
         706   595.1927    
         707   617.4330    
         708   553.3597    
         709   626.9645    
         710   583.0135    
         711   578.2477    
         712   586.1907    
         713   595.7222    
         714   574.5410    
         715   584.6021    
         716   561.8323    
         717   586.1907    
         718   582.4839    
         719   564.4799    
         720   565.0095    
         721   569.7752    
         722   571.8934    
         723   562.3618    
         724   565.0095    
         725   565.0095    
         726   567.1276    
         727   580.8954    
         728   559.1846    
         729   575.0706    
         730   560.7732    
         731   562.3618    
         732   573.4819    
         733   559.1846    
         734   572.9524    
         735   571.8934    
         736   557.5960    
         737   550.7121    
         738   586.7202    
         739   561.3027    
         740   575.6001    
         741   580.3658    
         742   556.5369    
         743   561.8323    
         744   565.0095    
         745   562.3618    
         746   557.0665    
         747   565.0095    
         748   554.9484    
         749   579.8363    
         750   574.5410    
         751   557.5960    
         752   576.1296    
         753   569.2457    
         754   588.8383    
         755   553.8893    
         756   579.8363    
         757   572.4229    
         758   556.5369    
         759   572.9524    
         760   568.1866    
         761   568.1866    
         762   563.4208    
         763   579.3068    
         764   560.7732    
         765   584.6021    
         766   582.4839    
         767   558.1255    
         768   599.4290    
         769   572.9524    
         770   592.5450    
         771   586.7202    
         772   583.5430    
         773   593.0746    
         774   604.7242    
         775   611.0786    
         776   587.7793    
         777   598.8994    
         778   614.7853    
         779   618.4921    
         780   611.6082    
         781   608.4310    
         782   640.2028    
         783   620.0807    
         784   646.0276    
         785   640.2028    
         786   674.6223    
         787   645.4982    
         788   657.1478    
         789   659.7955    
         790   715.9258    
         791   679.3881    
         792   739.2251    
         793   669.8566    
         794   758.8177    
         795   738.1661    
         796   749.2862    
         797   821.3024    
         798   822.8910    
         799   884.8461    
         800   926.6790    
         801   924.5609    
         802   1067.005    
         803   1160.202    
         804   1213.685    
         805   1403.257    
         806   1618.776    
         807   1828.470    
         808   2007.452    
         809   2166.311    
         810   1889.366    
         811   1381.546    
         812   1104.072    
         813   904.4388    
         814   793.7668    
         815   692.0969    
         816   610.5491    
         817   574.5410    
         818   519.9993    
         819   475.5187    
         820   455.9261    
         821   426.2724    
         822   418.3294    
         823   375.9669    
         824   370.1421    
         825   353.7266    
         826   324.0729    
         827   329.3682    
         828   316.6595    
         829   292.3011    
         830   285.4171    
         831   282.7695    
         832   279.0628    
         833   257.8815    
         834   260.5292    
         835   258.9406    
         836   258.4111    
         837   243.0547    
         838   236.7003    
         839   243.0547    
         840   233.5231    
         841   220.2849    
         842   243.5842    
         843   205.9875    
         844   220.8144    
         845   224.5211    
         846   210.7533    
         847   188.5130    
         848   215.5191    
         849   213.4009    
         850   189.0425    
         851   202.8103    
         852   199.1036    
         853   186.9244    
         854   198.0446    
         855   196.4560    
         856   186.9244    
         857   193.2788    
         858   188.5130    
         859   189.5721    
         860   189.0425    
         861   174.7452    
         862   196.9855    
         863   181.0996    
         864   184.2767    
         865   189.5721    
         866   180.5700    
         867   174.7452    
         868   176.8633    
         869   183.2177    
         870   180.0405    
         871   176.8633    
         872   188.5130    
         873   167.8613    
         874   178.9814    
         875   176.3338    
         876   179.5110    
         877   173.6861    
         878   175.8043    
         879   175.8043    
         880   177.3929    
         881   173.1566    
         882   178.9814    
         883   180.0405    
         884   171.5680    
         885   176.3338    
         886   176.3338    
         887   163.0955    
         888   182.6882    
         889   150.9163    
         890   164.6841    
         891   157.2707    
         892   185.8653    
         893   151.9754    
         894   156.7411    
         895   156.2116    
         896   160.9774    
         897   144.5619    
         898   148.2686    
         899   140.3257    
         900   152.5049    
         901   152.5049    
         902   147.2096    
         903   131.3237    
         904   145.6210    
         905   131.3237    
         906   133.4418    
         907   140.3257    
         908   127.6169    
         909   130.2646    
         910   133.9713    
         911   132.3827    
         912   129.2055    
         913   132.3827    
         914   113.8491    
         915   127.6169    
         916   112.7901    
         917   119.1444    
         918   119.1444    
         919   125.4988    
         920   115.9673    
         921   112.7901    
         922   113.8491    
         923   124.9693    
         924   111.7310    
         925   112.7901    
         926   106.4357    
         927   114.9082    
         928   108.0243    
         929   112.7901    
         930   105.9062    
         931   104.8471    
         932   108.0243    
         933   95.84509    
         934   101.1404    
         935   99.02228    
         936   92.13837    
         937   100.0813    
         938   100.0813    
         939   89.49072    
         940   85.78400    
         941   99.55180    
         942   79.42963    
         943   85.78400    
         944   83.13635    
         945   84.72495    
         946   78.37057    
         947   86.31354    
         948   79.42963    
         949   77.31151    
         950   80.48869    
         951   77.31151    
         952   79.42963    
         953   75.72292    
         954   69.89808    
         955   73.07526    
         956   72.01620    
         957   68.83901    
         958   68.83901    
         959   66.72089    
         960   67.25042    
         961   64.60277    
         962   69.36855    
         963   61.42558    
         964   59.83699    
         965   61.42558    
         966   64.07323    
         967   57.71887    
         968   58.24840    
         969   60.36652    
         970   55.60074    
         971   59.30746    
         972   50.30544    
         973   53.48262    
         974   59.30746    
         975   52.95309    
         976   50.83496    
         977   57.18933    
         978   43.95107    
         979   52.95309    
         980   56.13028    
         981   51.36449    
         982   44.48059    
         983   51.89403    
         984   47.12825    
         985   51.36449    
         986   52.95309    
         987   50.83496    
         988   51.36449    
         989   49.77590    
         990   46.59872    
         991   51.89403    
         992   55.60074    
         993   48.71684    
         994   47.12825    
         995   47.12825    
         996   59.30746    
         997   47.65778    
         998   51.36449    
         999   47.12825    
        1000   51.89403    
        1001   54.01215    
        1002   42.36247    
        1003   56.13027    
        1004   42.89200    
        1005   59.30746    
        1006   43.95107    
        1007   54.01215    
        1008   54.01215    
        1009   42.36247    
        1010   51.36449    
        1011   47.12825    
        1012   46.06919    
        1013   47.65778    
        1014   46.59872    
        1015   50.30544    
        1016   49.77590    
        1017   44.48059    
        1018   39.71482    
        1019   40.77388    
        1020   49.77590    
        1021   43.42153    
        1022   43.42153    
        1023   46.06919    
        1024   42.36247    
