 #   Y    A
           1  0.0000000E+00
           2  0.0000000E+00
           3  0.0000000E+00
           4  0.0000000E+00
           5  0.0000000E+00
           6  0.0000000E+00
           7  0.0000000E+00
           8  0.0000000E+00
           9  0.0000000E+00
          10  0.0000000E+00
          11  0.0000000E+00
          12  0.0000000E+00
          13  0.0000000E+00
          14  0.0000000E+00
          15  0.0000000E+00
          16  0.0000000E+00
          17  0.0000000E+00
          18  0.0000000E+00
          19  0.0000000E+00
          20  0.0000000E+00
          21  0.0000000E+00
          22  0.0000000E+00
          23  0.0000000E+00
          24  0.0000000E+00
          25  0.0000000E+00
          26  0.0000000E+00
          27  0.0000000E+00
          28  0.0000000E+00
          29  0.0000000E+00
          30  0.0000000E+00
          31  0.0000000E+00
          32  0.0000000E+00
          33  0.0000000E+00
          34  0.0000000E+00
          35  0.0000000E+00
          36  0.0000000E+00
          37  0.0000000E+00
          38  0.0000000E+00
          39  0.0000000E+00
          40  0.0000000E+00
          41  0.0000000E+00
          42  0.0000000E+00
          43  0.0000000E+00
          44  0.0000000E+00
          45  0.0000000E+00
          46  0.0000000E+00
          47  0.0000000E+00
          48  0.0000000E+00
          49  0.0000000E+00
          50  0.0000000E+00
          51  0.0000000E+00
          52  0.0000000E+00
          53  0.0000000E+00
          54  0.0000000E+00
          55  0.0000000E+00
          56  0.0000000E+00
          57  0.0000000E+00
          58  0.0000000E+00
          59  0.0000000E+00
          60  0.0000000E+00
          61  0.0000000E+00
          62  0.0000000E+00
          63  0.0000000E+00
          64  0.0000000E+00
          65  0.0000000E+00
          66  0.0000000E+00
          67  0.0000000E+00
          68  0.0000000E+00
          69  0.0000000E+00
          70  0.0000000E+00
          71  0.0000000E+00
          72  0.0000000E+00
          73  0.0000000E+00
          74  0.0000000E+00
          75  0.0000000E+00
          76  0.0000000E+00
          77  0.0000000E+00
          78  0.0000000E+00
          79  0.0000000E+00
          80  0.0000000E+00
          81  0.0000000E+00
          82  0.0000000E+00
          83  0.0000000E+00
          84  0.0000000E+00
          85  0.0000000E+00
          86  0.0000000E+00
          87  0.0000000E+00
          88  0.0000000E+00
          89  0.0000000E+00
          90  0.0000000E+00
          91  0.0000000E+00
          92  0.0000000E+00
          93  0.0000000E+00
          94  0.0000000E+00
          95  0.0000000E+00
          96  0.0000000E+00
          97  0.0000000E+00
          98  0.0000000E+00
          99  0.0000000E+00
         100  0.0000000E+00
         101  0.0000000E+00
         102  0.0000000E+00
         103  0.0000000E+00
         104  0.0000000E+00
         105  0.0000000E+00
         106  0.0000000E+00
         107  0.0000000E+00
         108  0.0000000E+00
         109  0.0000000E+00
         110  0.0000000E+00
         111  0.0000000E+00
         112  0.0000000E+00
         113  0.0000000E+00
         114  0.0000000E+00
         115  0.0000000E+00
         116  0.0000000E+00
         117  0.0000000E+00
         118  0.0000000E+00
         119  0.0000000E+00
         120  0.0000000E+00
         121  0.0000000E+00
         122  0.0000000E+00
         123  0.0000000E+00
         124  0.0000000E+00
         125  0.0000000E+00
         126  0.0000000E+00
         127  0.0000000E+00
         128  0.0000000E+00
         129  0.0000000E+00
         130  0.0000000E+00
         131  0.0000000E+00
         132  0.0000000E+00
         133  0.0000000E+00
         134  0.0000000E+00
         135  0.0000000E+00
         136  0.0000000E+00
         137  0.0000000E+00
         138  0.0000000E+00
         139  0.0000000E+00
         140  0.0000000E+00
         141  0.0000000E+00
         142  0.0000000E+00
         143  0.0000000E+00
         144  0.0000000E+00
         145  0.0000000E+00
         146  0.0000000E+00
         147  0.0000000E+00
         148  0.0000000E+00
         149  0.0000000E+00
         150  0.0000000E+00
         151  0.0000000E+00
         152  0.0000000E+00
         153  0.0000000E+00
         154  0.0000000E+00
         155  0.0000000E+00
         156  0.0000000E+00
         157  0.0000000E+00
         158  0.0000000E+00
         159  0.0000000E+00
         160  0.0000000E+00
         161  0.0000000E+00
         162  0.0000000E+00
         163  0.0000000E+00
         164  0.0000000E+00
         165  0.0000000E+00
         166  0.0000000E+00
         167  0.0000000E+00
         168  0.0000000E+00
         169  0.0000000E+00
         170  0.0000000E+00
         171  0.0000000E+00
         172  0.0000000E+00
         173  0.0000000E+00
         174  0.0000000E+00
         175  0.0000000E+00
         176  0.0000000E+00
         177  0.0000000E+00
         178  0.0000000E+00
         179  0.0000000E+00
         180  0.0000000E+00
         181  0.0000000E+00
         182  0.0000000E+00
         183  0.0000000E+00
         184  0.0000000E+00
         185  0.0000000E+00
         186  0.0000000E+00
         187  0.0000000E+00
         188  0.0000000E+00
         189  0.0000000E+00
         190  0.0000000E+00
         191  0.0000000E+00
         192  0.0000000E+00
         193  0.0000000E+00
         194  0.0000000E+00
         195  0.0000000E+00
         196  0.0000000E+00
         197  0.0000000E+00
         198  0.0000000E+00
         199  0.0000000E+00
         200  0.0000000E+00
         201  0.0000000E+00
         202  0.0000000E+00
         203  0.0000000E+00
         204  0.0000000E+00
         205  0.0000000E+00
         206  0.0000000E+00
         207  0.0000000E+00
         208  0.0000000E+00
         209  0.0000000E+00
         210  0.0000000E+00
         211  0.0000000E+00
         212  0.0000000E+00
         213  0.0000000E+00
         214  0.0000000E+00
         215  0.0000000E+00
         216  0.0000000E+00
         217  0.0000000E+00
         218  0.0000000E+00
         219  0.0000000E+00
         220  0.0000000E+00
         221  0.0000000E+00
         222  0.0000000E+00
         223  0.0000000E+00
         224  0.0000000E+00
         225  0.0000000E+00
         226  0.0000000E+00
         227  0.0000000E+00
         228  0.0000000E+00
         229  0.0000000E+00
         230  0.0000000E+00
         231  0.0000000E+00
         232  0.0000000E+00
         233  0.0000000E+00
         234  0.0000000E+00
         235  0.0000000E+00
         236  0.0000000E+00
         237  0.0000000E+00
         238  0.0000000E+00
         239  0.0000000E+00
         240  0.0000000E+00
         241  0.0000000E+00
         242  0.0000000E+00
         243  0.0000000E+00
         244  0.0000000E+00
         245  0.0000000E+00
         246  0.0000000E+00
         247  0.0000000E+00
         248  0.0000000E+00
         249  0.0000000E+00
         250  0.0000000E+00
         251  0.0000000E+00
         252  0.0000000E+00
         253  0.0000000E+00
         254  0.0000000E+00
         255  0.0000000E+00
         256  0.0000000E+00
         257  0.0000000E+00
         258  0.0000000E+00
         259  0.0000000E+00
         260  0.0000000E+00
         261  0.0000000E+00
         262  0.0000000E+00
         263  0.0000000E+00
         264  0.0000000E+00
         265  0.0000000E+00
         266  0.0000000E+00
         267  0.0000000E+00
         268  0.0000000E+00
         269  0.0000000E+00
         270  0.0000000E+00
         271  0.0000000E+00
         272  0.0000000E+00
         273  0.0000000E+00
         274  0.0000000E+00
         275  0.0000000E+00
         276  0.0000000E+00
         277  0.0000000E+00
         278  0.0000000E+00
         279  0.0000000E+00
         280  0.0000000E+00
         281  0.0000000E+00
         282  0.0000000E+00
         283  0.0000000E+00
         284  0.0000000E+00
         285  0.0000000E+00
         286  0.0000000E+00
         287  0.0000000E+00
         288  0.0000000E+00
         289  0.0000000E+00
         290  0.0000000E+00
         291  0.0000000E+00
         292  0.0000000E+00
         293  0.0000000E+00
         294   1.059062    
         295   4.236247    
         296   11.64968    
         297   19.06311    
         298   19.06311    
         299   21.71077    
         300   21.71077    
         301   25.94701    
         302   25.41748    
         303   25.94701    
         304   28.06514    
         305   16.94499    
         306   29.12420    
         307   17.47452    
         308   31.24232    
         309   37.59669    
         310   24.88795    
         311   26.47654    
         312   25.94701    
         313   21.18124    
         314   29.65373    
         315   25.94701    
         316   24.35842    
         317   32.30138    
         318   28.59467    
         319   24.35842    
         320   29.65373    
         321   29.12420    
         322   34.41951    
         323   29.12420    
         324   31.77185    
         325   30.18326    
         326   29.65373    
         327   27.53561    
         328   41.83294    
         329   37.59669    
         330   29.65373    
         331   32.83091    
         332   33.88998    
         333   30.18326    
         334   28.06514    
         335   29.12420    
         336   34.94904    
         337   27.53561    
         338   36.53763    
         339   31.24232    
         340   43.42153    
         341   36.53763    
         342   30.18326    
         343   35.47857    
         344   33.88998    
         345   34.41951    
         346   34.94904    
         347   40.77388    
         348   40.77388    
         349   48.71684    
         350   33.36045    
         351   40.77388    
         352   37.59669    
         353   32.30138    
         354   40.77388    
         355   33.36045    
         356   51.89403    
         357   44.48059    
         358   38.65575    
         359   41.30341    
         360   36.00810    
         361   47.65778    
         362   57.18933    
         363   45.01012    
         364   61.95511    
         365   48.18731    
         366   45.01012    
         367   38.65575    
         368   60.89605    
         369   48.71684    
         370   50.83496    
         371   52.95309    
         372   65.13230    
         373   60.89605    
         374   45.53966    
         375   62.48465    
         376   56.13028    
         377   61.95511    
         378   60.36652    
         379   70.42760    
         380   74.66386    
         381   63.54370    
         382   71.48667    
         383   81.01823    
         384   77.31151    
         385   72.54573    
         386   84.19541    
         387   91.07932    
         388   96.90415    
         389   94.25650    
         390   95.84509    
         391   98.49274    
         392   106.4357    
         393   117.0263    
         394   123.3807    
         395   127.0874    
         396   127.0874    
         397   141.3848    
         398   151.9754    
         399   173.6861    
         400   180.0405    
         401   180.0405    
         402   195.3969    
         403   210.7533    
         404   205.4580    
         405   234.5822    
         406   249.9386    
         407   275.3560    
         408   287.0057    
         409   288.5943    
         410   289.6534    
         411   308.7165    
         412   310.8346    
         413   341.0179    
         414   326.7206    
         415   330.4273    
         416   337.8407    
         417   336.2521    
         418   332.5454    
         419   340.4884    
         420   356.3743    
         421   327.2501    
         422   343.6655    
         423   311.3642    
         424   347.9018    
         425   352.6676    
         426   365.3763    
         427   357.9629    
         428   361.1401    
         429   398.2072    
         430   405.6207    
         431   423.6247    
         432   430.5086    
         433   449.0422    
         434   460.6919    
         435   505.1725    
         436   523.7061    
         437   556.5370    
         438   557.5960    
         439   573.4819    
         440   607.3719    
         441   657.1478    
         442   662.4431    
         443   654.5002    
         444   703.7465    
         445   715.3962    
         446   694.7445    
         447   747.1681    
         448   811.2413    
         449   802.7688    
         450   882.1984    
         451   884.3166    
         452   889.0823    
         453   925.6200    
         454   983.8683    
         455   1015.640    
         456   1000.284    
         457   1001.343    
         458   1020.936    
         459   1024.642    
         460   1030.997    
         461   1042.117    
         462   987.5751    
         463   1014.581    
         464   1029.408    
         465   968.5120    
         466   1001.343    
         467   970.1006    
         468   978.0435    
         469   954.7442    
         470   970.6301    
         471   981.7502    
         472   940.4468    
         473   985.9865    
         474   939.3878    
         475   981.2207    
         476   970.1006    
         477   992.8704    
         478   999.2248    
         479   1008.227    
         480   1047.942    
         481   1040.528    
         482   1064.887    
         483   1062.768    
         484   1084.479    
         485   1082.891    
         486   1123.135    
         487   1077.066    
         488   1137.432    
         489   1107.249    
         490   1121.546    
         491   1136.903    
         492   1146.964    
         493   1101.954    
         494   1110.426    
         495   1134.785    
         496   1131.608    
         497   1130.019    
         498   1162.320    
         499   1128.960    
         500   1137.432    
         501   1157.025    
         502   1135.844    
         503   1181.913    
         504   1157.025    
         505   1222.157    
         506   1180.324    
         507   1212.096    
         508   1202.035    
         509   1203.624    
         510   1228.512    
         511   1184.031    
         512   1212.626    
         513   1230.100    
         514   1188.267    
         515   1235.925    
         516   1213.685    
         517   1221.628    
         518   1229.571    
         519   1239.102    
         520   1244.927    
         521   1238.043    
         522   1262.931    
         523   1269.286    
         524   1258.695    
         525   1294.703    
         526   1316.414    
         527   1300.528    
         528   1354.010    
         529   1379.428    
         530   1392.137    
         531   1430.263    
         532   1473.684    
         533   1466.271    
         534   1490.629    
         535   1529.285    
         536   1520.283    
         537   1576.413    
         538   1602.890    
         539   1662.198    
         540   1603.949    
         541   1664.845    
         542   1655.843    
         543   1685.497    
         544   1618.246    
         545   1633.603    
         546   1619.305    
         547   1636.780    
         548   1693.440    
         549   1670.670    
         550   1672.259    
         551   1764.926    
         552   1770.751    
         553   1809.407    
         554   1917.961    
         555   1915.313    
         556   1984.682    
         557   2127.125    
         558   2141.952    
         559   2333.643    
         560   2534.864    
         561   2733.968    
         562   3015.678    
         563   3192.012    
         564   3674.415    
         565   4207.123    
         566   4403.049    
         567   4854.209    
         568   5679.219    
         569   6004.880    
         570   6153.149    
         571   5907.446    
         572   4841.501    
         573   3661.706    
         574   2968.550    
         575   2656.656    
         576   2502.033    
         577   2296.575    
         578   2061.464    
         579   1959.794    
         580   1928.552    
         581   1829.000    
         582   1732.095    
         583   1572.177    
         584   1518.165    
         585   1485.864    
         586   1421.790    
         587   1411.729    
         588   1343.420    
         589   1331.241    
         590   1273.522    
         591   1287.819    
         592   1253.400    
         593   1207.330    
         594   1245.986    
         595   1214.744    
         596   1196.740    
         597   1181.913    
         598   1141.669    
         599   1155.436    
         600   1138.491    
         601   1121.017    
         602   1140.609    
         603   1113.603    
         604   1117.310    
         605   1082.361    
         606   1072.830    
         607   1061.709    
         608   1077.595    
         609   1070.711    
         610   1049.530    
         611   1043.176    
         612   998.6953    
         613   1006.638    
         614   982.8093    
         615   948.3898    
         616   944.6831    
         617   934.6220    
         618   901.7911    
         619   910.2636    
         620   881.1394    
         621   854.6628    
         622   876.3736    
         623   888.0233    
         624   837.1884    
         625   869.4897    
         626   867.3716    
         627   824.4796    
         628   858.8991    
         629   839.3065    
         630   805.9460    
         631   853.0742    
         632   832.9521    
         633   779.9990    
         634   809.6527    
         635   788.4715    
         636   772.0560    
         637   770.9969    
         638   763.5836    
         639   781.0580    
         640   722.8096    
         641   752.9929    
         642   730.7526    
         643   731.2822    
         644   708.5123    
         645   688.9197    
         646   723.8687    
         647   691.0378    
         648   688.9197    
         649   693.6854    
         650   670.9156    
         651   691.0378    
         652   666.1498    
         653   633.3189    
         654   664.0317    
         655   620.6102    
         656   624.3169    
         657   643.3800    
         658   620.0807    
         659   600.4880    
         660   605.7833    
         661   605.2538    
         662   589.3679    
         663   583.5430    
         664   610.5491    
         665   585.1317    
         666   578.7773    
         667   591.4860    
         668   571.3638    
         669   594.1337    
         670   579.8363    
         671   587.2498    
         672   562.8914    
         673   570.3047    
         674   566.0685    
         675   552.8303    
         676   547.5349    
         677   549.1235    
         678   546.4759    
         679   550.7121    
         680   527.4128    
         681   533.2376    
         682   536.4148    
         683   491.4047    
         684   533.2376    
         685   494.5818    
         686   506.2315    
         687   490.8751    
         688   478.6959    
         689   478.1664    
         690   465.9872    
         691   479.2254    
         692   444.2764    
         693   443.7469    
         694   438.9811    
         695   437.3925    
         696   433.1562    
         697   411.9750    
         698   402.4435    
         699   401.3844    
         700   393.4414    
         701   389.7347    
         702   380.2032    
         703   375.4374    
         704   374.9079    
         705   358.4924    
         706   357.9629    
         707   352.6676    
         708   353.1971    
         709   335.7226    
         710   338.3702    
         711   319.3071    
         712   327.2501    
         713   315.0709    
         714   321.4252    
         715   302.8917    
         716   304.4803    
         717   297.0668    
         718   279.5923    
         719   247.2909    
         720   239.8775    
         721   235.6412    
         722   215.5191    
         723   234.5822    
         724   220.8144    
         725   210.7533    
         726   227.6983    
         727   198.0446    
         728   208.1056    
         729   215.5191    
         730   193.2788    
         731   200.6922    
         732   195.9264    
         733   192.2197    
         734   191.6902    
         735   184.2767    
         736   179.5110    
         737   190.6311    
         738   173.6861    
         739   174.2157    
         740   176.3338    
         741   160.4479    
         742   184.8063    
         743   148.2686    
         744   168.3908    
         745   163.0955    
         746   154.0935    
         747   157.8002    
         748   154.6230    
         749   156.2116    
         750   150.3868    
         751   148.7982    
         752   146.1505    
         753   144.5619    
         754   137.1485    
         755   146.6801    
         756   138.7371    
         757   137.1485    
         758   144.5619    
         759   133.9713    
         760   132.3827    
         761   140.3257    
         762   119.1444    
         763   132.3827    
         764   130.2646    
         765   120.2035    
         766   129.7351    
         767   135.0304    
         768   101.6699    
         769   130.7941    
         770   124.4398    
         771   119.1444    
         772   108.0243    
         773   125.4988    
         774   123.3807    
         775   109.0834    
         776   114.3787    
         777   108.5538    
         778   105.9062    
         779   109.6129    
         780   117.5559    
         781   106.4357    
         782   111.2015    
         783   107.4948    
         784   112.2606    
         785   88.96119    
         786   108.5538    
         787   99.02228    
         788   93.19743    
         789   106.9652    
         790   97.43369    
         791   95.84509    
         792   97.96321    
         793   93.19743    
         794   97.43369    
         795   94.78603    
         796   87.37260    
         797   84.19541    
         798   95.84509    
         799   84.72494    
         800   85.78400    
         801   94.78603    
         802   81.54776    
         803   92.13837    
         804   77.84104    
         805   88.96119    
         806   72.01620    
         807   79.42963    
         808   81.01823    
         809   82.07729    
         810   77.31151    
         811   78.37057    
         812   87.37260    
         813   68.30949    
         814   78.90010    
         815   78.90010    
         816   76.25245    
         817   82.60682    
         818   76.25245    
         819   85.78400    
         820   76.78197    
         821   121.7921    
         822   67.77995    
         823  0.0000000E+00
         824  0.0000000E+00
         825  0.0000000E+00
         826  0.0000000E+00
         827  0.0000000E+00
         828  0.0000000E+00
         829  0.0000000E+00
         830  0.0000000E+00
         831  0.0000000E+00
         832  0.0000000E+00
         833  0.0000000E+00
         834  0.0000000E+00
         835  0.0000000E+00
         836  0.0000000E+00
         837  0.0000000E+00
         838  0.0000000E+00
         839  0.0000000E+00
         840  0.0000000E+00
         841  0.0000000E+00
         842  0.0000000E+00
         843  0.0000000E+00
         844  0.0000000E+00
         845  0.0000000E+00
         846  0.0000000E+00
         847  0.0000000E+00
         848  0.0000000E+00
         849  0.0000000E+00
         850  0.0000000E+00
         851  0.0000000E+00
         852  0.0000000E+00
         853  0.0000000E+00
         854  0.0000000E+00
         855  0.0000000E+00
         856  0.0000000E+00
         857  0.0000000E+00
         858  0.0000000E+00
         859  0.0000000E+00
         860  0.0000000E+00
         861  0.0000000E+00
         862  0.0000000E+00
         863  0.0000000E+00
         864  0.0000000E+00
         865  0.0000000E+00
         866  0.0000000E+00
         867  0.0000000E+00
         868  0.0000000E+00
         869  0.0000000E+00
         870  0.0000000E+00
         871  0.0000000E+00
         872  0.0000000E+00
         873  0.0000000E+00
         874  0.0000000E+00
         875  0.0000000E+00
         876  0.0000000E+00
         877  0.0000000E+00
         878  0.0000000E+00
         879  0.0000000E+00
         880  0.0000000E+00
         881  0.0000000E+00
         882  0.0000000E+00
         883  0.0000000E+00
         884  0.0000000E+00
         885  0.0000000E+00
         886  0.0000000E+00
         887  0.0000000E+00
         888  0.0000000E+00
         889  0.0000000E+00
         890  0.0000000E+00
         891  0.0000000E+00
         892  0.0000000E+00
         893  0.0000000E+00
         894  0.0000000E+00
         895  0.0000000E+00
         896  0.0000000E+00
         897  0.0000000E+00
         898  0.0000000E+00
         899  0.0000000E+00
         900  0.0000000E+00
         901  0.0000000E+00
         902  0.0000000E+00
         903  0.0000000E+00
         904  0.0000000E+00
         905  0.0000000E+00
         906  0.0000000E+00
         907  0.0000000E+00
         908  0.0000000E+00
         909  0.0000000E+00
         910  0.0000000E+00
         911  0.0000000E+00
         912  0.0000000E+00
         913  0.0000000E+00
         914  0.0000000E+00
         915  0.0000000E+00
         916  0.0000000E+00
         917  0.0000000E+00
         918  0.0000000E+00
         919  0.0000000E+00
         920  0.0000000E+00
         921  0.0000000E+00
         922  0.0000000E+00
         923  0.0000000E+00
         924  0.0000000E+00
         925  0.0000000E+00
         926  0.0000000E+00
         927  0.0000000E+00
         928  0.0000000E+00
         929  0.0000000E+00
         930  0.0000000E+00
         931  0.0000000E+00
         932  0.0000000E+00
         933  0.0000000E+00
         934  0.0000000E+00
         935  0.0000000E+00
         936  0.0000000E+00
         937  0.0000000E+00
         938  0.0000000E+00
         939  0.0000000E+00
         940  0.0000000E+00
         941  0.0000000E+00
         942  0.0000000E+00
         943  0.0000000E+00
         944  0.0000000E+00
         945  0.0000000E+00
         946  0.0000000E+00
         947  0.0000000E+00
         948  0.0000000E+00
         949  0.0000000E+00
         950  0.0000000E+00
         951  0.0000000E+00
         952  0.0000000E+00
         953  0.0000000E+00
         954  0.0000000E+00
         955  0.0000000E+00
         956  0.0000000E+00
         957  0.0000000E+00
         958  0.0000000E+00
         959  0.0000000E+00
         960  0.0000000E+00
         961  0.0000000E+00
         962  0.0000000E+00
         963  0.0000000E+00
         964  0.0000000E+00
         965  0.0000000E+00
         966  0.0000000E+00
         967  0.0000000E+00
         968  0.0000000E+00
         969  0.0000000E+00
         970  0.0000000E+00
         971  0.0000000E+00
         972  0.0000000E+00
         973  0.0000000E+00
         974  0.0000000E+00
         975  0.0000000E+00
         976  0.0000000E+00
         977  0.0000000E+00
         978  0.0000000E+00
         979  0.0000000E+00
         980  0.0000000E+00
         981  0.0000000E+00
         982  0.0000000E+00
         983  0.0000000E+00
         984  0.0000000E+00
         985  0.0000000E+00
         986  0.0000000E+00
         987  0.0000000E+00
         988  0.0000000E+00
         989  0.0000000E+00
         990  0.0000000E+00
         991  0.0000000E+00
         992  0.0000000E+00
         993  0.0000000E+00
         994  0.0000000E+00
         995  0.0000000E+00
         996  0.0000000E+00
         997  0.0000000E+00
         998  0.0000000E+00
         999  0.0000000E+00
        1000  0.0000000E+00
        1001  0.0000000E+00
        1002  0.0000000E+00
        1003  0.0000000E+00
        1004  0.0000000E+00
        1005  0.0000000E+00
        1006  0.0000000E+00
        1007  0.0000000E+00
        1008  0.0000000E+00
        1009  0.0000000E+00
        1010  0.0000000E+00
        1011  0.0000000E+00
        1012  0.0000000E+00
        1013  0.0000000E+00
        1014  0.0000000E+00
        1015  0.0000000E+00
        1016  0.0000000E+00
        1017  0.0000000E+00
        1018  0.0000000E+00
        1019  0.0000000E+00
        1020  0.0000000E+00
        1021  0.0000000E+00
        1022  0.0000000E+00
        1023  0.0000000E+00
        1024  0.0000000E+00
