 #   Y    A
           1  0.0000000E+00
           2  0.0000000E+00
           3  0.0000000E+00
           4  0.0000000E+00
           5  0.0000000E+00
           6  0.0000000E+00
           7  0.0000000E+00
           8  0.0000000E+00
           9  0.0000000E+00
          10  0.0000000E+00
          11  0.0000000E+00
          12  0.0000000E+00
          13  0.0000000E+00
          14  0.0000000E+00
          15  0.0000000E+00
          16  0.0000000E+00
          17  0.0000000E+00
          18  0.0000000E+00
          19  0.0000000E+00
          20  0.0000000E+00
          21  0.0000000E+00
          22  0.0000000E+00
          23  0.0000000E+00
          24  0.0000000E+00
          25  0.0000000E+00
          26  0.0000000E+00
          27  0.0000000E+00
          28  0.0000000E+00
          29  0.0000000E+00
          30  0.0000000E+00
          31  0.0000000E+00
          32  0.0000000E+00
          33  0.0000000E+00
          34  0.0000000E+00
          35  0.0000000E+00
          36  0.0000000E+00
          37  0.0000000E+00
          38  0.0000000E+00
          39  0.0000000E+00
          40  0.0000000E+00
          41  0.0000000E+00
          42  0.0000000E+00
          43  0.0000000E+00
          44  0.0000000E+00
          45  0.0000000E+00
          46  0.0000000E+00
          47  0.0000000E+00
          48  0.0000000E+00
          49  0.0000000E+00
          50  0.0000000E+00
          51  0.0000000E+00
          52  0.0000000E+00
          53  0.0000000E+00
          54  0.0000000E+00
          55  0.0000000E+00
          56  0.0000000E+00
          57  0.0000000E+00
          58  0.0000000E+00
          59  0.0000000E+00
          60  0.0000000E+00
          61  0.0000000E+00
          62  0.0000000E+00
          63  0.0000000E+00
          64  0.0000000E+00
          65  0.0000000E+00
          66  0.0000000E+00
          67  0.0000000E+00
          68  0.0000000E+00
          69  0.0000000E+00
          70  0.0000000E+00
          71  0.0000000E+00
          72  0.0000000E+00
          73  0.0000000E+00
          74  0.0000000E+00
          75  0.0000000E+00
          76  0.0000000E+00
          77  0.0000000E+00
          78  0.0000000E+00
          79  0.0000000E+00
          80  0.0000000E+00
          81  0.0000000E+00
          82  0.0000000E+00
          83  0.0000000E+00
          84  0.0000000E+00
          85  0.0000000E+00
          86  0.0000000E+00
          87  0.0000000E+00
          88  0.0000000E+00
          89  0.0000000E+00
          90  0.0000000E+00
          91  0.0000000E+00
          92  0.0000000E+00
          93  0.0000000E+00
          94  0.0000000E+00
          95  0.0000000E+00
          96  0.0000000E+00
          97  0.0000000E+00
          98  0.0000000E+00
          99  0.0000000E+00
         100  0.0000000E+00
         101  0.0000000E+00
         102  0.0000000E+00
         103  0.0000000E+00
         104  0.0000000E+00
         105  0.0000000E+00
         106  0.0000000E+00
         107  0.0000000E+00
         108  0.0000000E+00
         109  0.0000000E+00
         110  0.0000000E+00
         111  0.0000000E+00
         112  0.0000000E+00
         113  0.0000000E+00
         114  0.0000000E+00
         115  0.0000000E+00
         116  0.0000000E+00
         117  0.0000000E+00
         118  0.0000000E+00
         119  0.0000000E+00
         120  0.0000000E+00
         121  0.0000000E+00
         122  0.0000000E+00
         123  0.0000000E+00
         124  0.0000000E+00
         125  0.0000000E+00
         126  0.0000000E+00
         127  0.0000000E+00
         128  0.0000000E+00
         129  0.0000000E+00
         130  0.0000000E+00
         131  0.0000000E+00
         132  0.0000000E+00
         133  0.0000000E+00
         134  0.0000000E+00
         135  0.0000000E+00
         136  0.0000000E+00
         137  0.0000000E+00
         138  0.0000000E+00
         139  0.0000000E+00
         140  0.0000000E+00
         141  0.0000000E+00
         142  0.0000000E+00
         143  0.0000000E+00
         144  0.0000000E+00
         145  0.0000000E+00
         146  0.0000000E+00
         147  0.0000000E+00
         148  0.0000000E+00
         149  0.0000000E+00
         150  0.0000000E+00
         151  0.0000000E+00
         152  0.0000000E+00
         153  0.0000000E+00
         154  0.0000000E+00
         155  0.0000000E+00
         156  0.0000000E+00
         157  0.0000000E+00
         158  0.0000000E+00
         159  0.0000000E+00
         160  0.0000000E+00
         161  0.0000000E+00
         162  0.0000000E+00
         163  0.0000000E+00
         164  0.0000000E+00
         165  0.0000000E+00
         166  0.0000000E+00
         167  0.0000000E+00
         168  0.0000000E+00
         169  0.0000000E+00
         170  0.0000000E+00
         171  0.0000000E+00
         172  0.0000000E+00
         173  0.0000000E+00
         174  0.0000000E+00
         175  0.0000000E+00
         176  0.0000000E+00
         177  0.0000000E+00
         178  0.0000000E+00
         179  0.0000000E+00
         180  0.0000000E+00
         181  0.0000000E+00
         182  0.0000000E+00
         183  0.0000000E+00
         184  0.0000000E+00
         185  0.0000000E+00
         186  0.0000000E+00
         187  0.0000000E+00
         188  0.0000000E+00
         189  0.0000000E+00
         190  0.0000000E+00
         191  0.0000000E+00
         192  0.0000000E+00
         193  0.0000000E+00
         194  0.0000000E+00
         195  0.0000000E+00
         196  0.0000000E+00
         197  0.0000000E+00
         198  0.0000000E+00
         199  0.0000000E+00
         200  0.0000000E+00
         201  0.0000000E+00
         202  0.0000000E+00
         203  0.0000000E+00
         204  0.0000000E+00
         205  0.0000000E+00
         206  0.0000000E+00
         207  0.0000000E+00
         208  0.0000000E+00
         209  0.0000000E+00
         210  0.0000000E+00
         211  0.0000000E+00
         212  0.0000000E+00
         213  0.0000000E+00
         214  0.0000000E+00
         215  0.0000000E+00
         216  0.0000000E+00
         217  0.0000000E+00
         218  0.0000000E+00
         219  0.0000000E+00
         220  0.0000000E+00
         221  0.0000000E+00
         222  0.0000000E+00
         223  0.0000000E+00
         224  0.0000000E+00
         225  0.0000000E+00
         226  0.0000000E+00
         227  0.0000000E+00
         228  0.0000000E+00
         229  0.0000000E+00
         230  0.0000000E+00
         231  0.0000000E+00
         232  0.0000000E+00
         233  0.0000000E+00
         234  0.0000000E+00
         235  0.0000000E+00
         236  0.0000000E+00
         237  0.0000000E+00
         238  0.0000000E+00
         239  0.0000000E+00
         240  0.0000000E+00
         241  0.0000000E+00
         242  0.0000000E+00
         243  0.0000000E+00
         244  0.0000000E+00
         245  0.0000000E+00
         246  0.0000000E+00
         247  0.0000000E+00
         248  0.0000000E+00
         249  0.0000000E+00
         250  0.0000000E+00
         251  0.0000000E+00
         252  0.0000000E+00
         253  0.0000000E+00
         254  0.0000000E+00
         255  0.0000000E+00
         256  0.0000000E+00
         257  0.0000000E+00
         258  0.0000000E+00
         259  0.0000000E+00
         260  0.0000000E+00
         261  0.0000000E+00
         262  0.0000000E+00
         263  0.0000000E+00
         264  0.0000000E+00
         265  0.0000000E+00
         266  0.0000000E+00
         267  0.0000000E+00
         268  0.0000000E+00
         269  0.0000000E+00
         270  0.0000000E+00
         271  0.0000000E+00
         272  0.0000000E+00
         273  0.0000000E+00
         274  0.0000000E+00
         275  0.0000000E+00
         276  0.0000000E+00
         277  0.0000000E+00
         278  0.0000000E+00
         279  0.0000000E+00
         280  0.0000000E+00
         281  0.0000000E+00
         282  0.0000000E+00
         283  0.0000000E+00
         284  0.0000000E+00
         285  0.0000000E+00
         286  0.0000000E+00
         287  0.0000000E+00
         288  0.0000000E+00
         289  0.0000000E+00
         290  0.0000000E+00
         291  0.0000000E+00
         292  0.0000000E+00
         293  0.0000000E+00
         294  0.0000000E+00
         295  0.0000000E+00
         296  0.0000000E+00
         297  0.0000000E+00
         298  0.0000000E+00
         299  0.0000000E+00
         300  0.0000000E+00
         301  0.0000000E+00
         302  0.0000000E+00
         303  0.0000000E+00
         304  0.0000000E+00
         305  0.0000000E+00
         306  0.0000000E+00
         307  0.0000000E+00
         308  0.0000000E+00
         309  0.0000000E+00
         310  0.0000000E+00
         311  0.0000000E+00
         312  0.0000000E+00
         313  0.0000000E+00
         314  0.0000000E+00
         315  0.0000000E+00
         316  0.0000000E+00
         317  0.0000000E+00
         318  0.0000000E+00
         319  0.0000000E+00
         320  0.0000000E+00
         321  0.0000000E+00
         322  0.0000000E+00
         323  0.0000000E+00
         324  0.0000000E+00
         325  0.0000000E+00
         326  0.0000000E+00
         327  0.0000000E+00
         328  0.0000000E+00
         329  0.0000000E+00
         330  0.0000000E+00
         331  0.0000000E+00
         332  0.0000000E+00
         333  0.0000000E+00
         334  0.0000000E+00
         335  0.0000000E+00
         336  0.0000000E+00
         337  0.0000000E+00
         338   2.647655    
         339   10.06109    
         340   19.06311    
         341   22.76983    
         342   29.65373    
         343   32.30138    
         344   35.47857    
         345   33.88998    
         346   24.35842    
         347   36.53763    
         348   34.94904    
         349   57.18933    
         350   29.65373    
         351   36.00810    
         352   37.06716    
         353   36.00810    
         354   42.36247    
         355   37.06716    
         356   39.18529    
         357   44.48059    
         358   46.06919    
         359   52.95309    
         360   41.30341    
         361   45.01012    
         362   56.13028    
         363   56.65981    
         364   56.13027    
         365   42.36247    
         366   49.77590    
         367   50.83496    
         368   42.36247    
         369   54.54168    
         370   56.13028    
         371   47.65778    
         372   50.30544    
         373   45.01012    
         374   57.71887    
         375   60.36652    
         376   51.36449    
         377   69.36855    
         378   58.24840    
         379   59.30746    
         380   70.42760    
         381   73.07526    
         382   60.36652    
         383   63.01418    
         384   79.42963    
         385   64.60277    
         386   70.42760    
         387   79.42963    
         388   71.48667    
         389   75.19338    
         390   93.72697    
         391   79.95917    
         392   85.78400    
         393   78.90010    
         394   105.9062    
         395   100.0813    
         396   97.43369    
         397   100.6109    
         398   106.4357    
         399   104.3176    
         400   131.3237    
         401   127.0874    
         402   122.8512    
         403   122.8512    
         404   147.7391    
         405   147.7391    
         406   172.0975    
         407   154.6230    
         408   192.7492    
         409   205.9875    
         410   191.1606    
         411   238.2889    
         412   253.1158    
         413   263.7064    
         414   302.8917    
         415   312.9528    
         416   351.0790    
         417   390.7938    
         418   410.3864    
         419   461.7509    
         420   511.5268    
         421   593.6041    
         422   673.0338    
         423   749.2862    
         424   789.5305    
         425   783.7057    
         426   815.4775    
         427   795.8849    
         428   829.2454    
         429   762.5245    
         430   759.8768    
         431   740.2842    
         432   764.6426    
         433   758.8177    
         434   760.4064    
         435   768.3493    
         436   743.4614    
         437   764.1131    
         438   738.1661    
         439   738.1661    
         440   763.0540    
         441   750.8748    
         442   801.7098    
         443   794.2963    
         444   828.7158    
         445   840.3655    
         446   837.1884    
         447   854.6628    
         448   893.8481    
         449   894.3777    
         450   925.0905    
         451   953.6851    
         452   1007.168    
         453   1035.762    
         454   1099.836    
         455   1116.251    
         456   1215.803    
         457   1267.167    
         458   1315.355    
         459   1425.497    
         460   1509.693    
         461   1549.407    
         462   1698.735    
         463   1720.975    
         464   1733.155    
         465   1791.932    
         466   1818.409    
         467   1883.541    
         468   1984.152    
         469   2108.592    
         470   2383.418    
         471   2799.630    
         472   3168.183    
         473   3450.953    
         474   3995.311    
         475   5111.032    
         476   6448.098    
         477   5632.620    
         478   4398.813    
         479   3749.079    
         480   3570.627    
         481   3047.450    
         482   2604.233    
         483   2285.455    
         484   2128.185    
         485   2009.570    
         486   1860.242    
         487   1770.222    
         488   1711.973    
         489   1686.026    
         490   1612.951    
         491   1574.825    
         492   1511.811    
         493   1490.629    
         494   1445.619    
         495   1441.383    
         496   1426.556    
         497   1422.320    
         498   1427.615    
         499   1465.741    
         500   1430.263    
         501   1417.025    
         502   1378.898    
         503   1392.137    
         504   1312.177    
         505   1411.200    
         506   1323.298    
         507   1357.188    
         508   1347.127    
         509   1331.770    
         510   1334.418    
         511   1272.463    
         512   1281.994    
         513   1293.644    
         514   1236.455    
         515   1235.396    
         516   1226.394    
         517   1194.622    
         518   1237.514    
         519   1187.208    
         520   1177.147    
         521   1133.196    
         522   1140.609    
         523   1124.194    
         524   1167.616    
         525   1086.597    
         526   1105.661    
         527   1052.707    
         528   1096.129    
         529   1079.714    
         530   1058.003    
         531   1092.422    
         532   1017.758    
         533   1014.581    
         534   1016.699    
         535   1001.343    
         536   996.0476    
         537   1054.826    
         538   1033.644    
         539   970.1006    
         540   1055.355    
         541   1000.813    
         542   958.9804    
         543   1070.711    
         544   998.6953    
         545   1089.245    
         546   1024.642    
         547   1073.889    
         548   1053.766    
         549   1065.946    
         550   1010.874    
         551   1060.121    
         552   1035.762    
         553   1109.367    
         554   1037.351    
         555   1086.597    
         556   1078.125    
         557   1032.585    
         558   1096.658    
         559   1015.640    
         560   1076.536    
         561   1068.593    
         562   958.4509    
         563   1100.895    
         564   1014.581    
         565   1089.245    
         566   1076.536    
         567   1043.705    
         568   1023.054    
         569   1087.127    
         570   1012.993    
         571   1044.764    
         572   1088.186    
         573   1047.942    
         574   1132.137    
         575   1058.532    
         576   1083.420    
         577   1058.532    
         578   1090.834    
         579   1109.897    
         580   1105.661    
         581   1096.129    
         582   1021.995    
         583   1088.186    
         584   1029.408    
         585   1081.302    
         586   1037.880    
         587   1116.251    
         588   1039.999    
         589   1095.070    
         590   1052.707    
         591   1104.601    
         592   1067.534    
         593   1113.074    
         594   1050.060    
         595   1050.060    
         596   1047.942    
         597   1087.656    
         598   1024.642    
         599   1095.599    
         600   1024.642    
         601   1009.286    
         602   1034.174    
         603   1017.758    
         604   1041.587    
         605   1060.121    
         606   1074.948    
         607   1077.595    
         608   1090.834    
         609   1081.832    
         610   1079.184    
         611   1136.373    
         612   1110.956    
         613   1071.771    
         614   1095.070    
         615   1106.190    
         616   1083.420    
         617   1088.715    
         618   1093.481    
         619   1078.125    
         620   1070.182    
         621   1083.420    
         622   1083.420    
         623   1097.188    
         624   1092.422    
         625   1095.070    
         626   1040.528    
         627   1127.371    
         628   1071.771    
         629   1047.412    
         630   1080.772    
         631   1066.475    
         632   1056.944    
         633   1073.359    
         634   1044.764    
         635   1036.821    
         636   1082.361    
         637   1029.938    
         638   1112.544    
         639   1056.944    
         640   1064.357    
         641   1048.471    
         642   1067.005    
         643   1022.524    
         644   984.9274    
         645   997.1066    
         646   1019.876    
         647   942.0355    
         648   988.1046    
         649   939.3878    
         650   919.7952    
         651   893.3186    
         652   855.1924    
         653   793.7668    
         654   793.7668    
         655   767.2902    
         656   724.3983    
         657   690.5083    
         658   701.6284    
         659   653.9706    
         660   637.0256    
         661   603.6652    
         662   586.7202    
         663   549.6531    
         664   544.8873    
         665   518.4107    
         666   506.2315    
         667   497.7590    
         668   483.9912    
         669   474.4597    
         670   456.4556    
         671   472.8711    
         672   424.1542    
         673   401.9139    
         674   423.0952    
         675   393.9710    
         676   375.9669    
         677   362.7287    
         678   365.3763    
         679   355.8448    
         680   337.3112    
         681   341.5474    
         682   341.5474    
         683   330.9568    
         684   311.8937    
         685   317.7185    
         686   318.2480    
         687   303.4212    
         688   307.1279    
         689   280.6514    
         690   289.1239    
         691   297.5963    
         692   264.7654    
         693   272.1789    
         694   244.1137    
         695   245.1728    
         696   253.1158    
         697   251.5272    
         698   212.3419    
         699   215.5191    
         700   217.6372    
         701   217.1077    
         702   200.6922    
         703   198.0446    
         704   184.8063    
         705   200.1627    
         706   193.8083    
         707   189.5721    
         708   160.9774    
         709   161.5069    
         710   157.8002    
         711   164.1546    
         712   144.5619    
         713   140.8552    
         714   142.4438    
         715   126.0284    
         716   115.9673    
         717   101.1404    
         718   64.60277    
         719   5.824840    
         720  0.0000000E+00
         721  0.0000000E+00
         722  0.0000000E+00
         723  0.0000000E+00
         724  0.0000000E+00
         725  0.0000000E+00
         726  0.0000000E+00
         727  0.0000000E+00
         728  0.0000000E+00
         729  0.0000000E+00
         730  0.0000000E+00
         731  0.0000000E+00
         732  0.0000000E+00
         733  0.0000000E+00
         734  0.0000000E+00
         735  0.0000000E+00
         736  0.0000000E+00
         737  0.0000000E+00
         738  0.0000000E+00
         739  0.0000000E+00
         740  0.0000000E+00
         741  0.0000000E+00
         742  0.0000000E+00
         743  0.0000000E+00
         744  0.0000000E+00
         745  0.0000000E+00
         746  0.0000000E+00
         747  0.0000000E+00
         748  0.0000000E+00
         749  0.0000000E+00
         750  0.0000000E+00
         751  0.0000000E+00
         752  0.0000000E+00
         753  0.0000000E+00
         754  0.0000000E+00
         755  0.0000000E+00
         756  0.0000000E+00
         757  0.0000000E+00
         758  0.0000000E+00
         759  0.0000000E+00
         760  0.0000000E+00
         761  0.0000000E+00
         762  0.0000000E+00
         763  0.0000000E+00
         764  0.0000000E+00
         765  0.0000000E+00
         766  0.0000000E+00
         767  0.0000000E+00
         768  0.0000000E+00
         769  0.0000000E+00
         770  0.0000000E+00
         771  0.0000000E+00
         772  0.0000000E+00
         773  0.0000000E+00
         774  0.0000000E+00
         775  0.0000000E+00
         776  0.0000000E+00
         777  0.0000000E+00
         778  0.0000000E+00
         779  0.0000000E+00
         780  0.0000000E+00
         781  0.0000000E+00
         782  0.0000000E+00
         783  0.0000000E+00
         784  0.0000000E+00
         785  0.0000000E+00
         786  0.0000000E+00
         787  0.0000000E+00
         788  0.0000000E+00
         789  0.0000000E+00
         790  0.0000000E+00
         791  0.0000000E+00
         792  0.0000000E+00
         793  0.0000000E+00
         794  0.0000000E+00
         795  0.0000000E+00
         796  0.0000000E+00
         797  0.0000000E+00
         798  0.0000000E+00
         799  0.0000000E+00
         800  0.0000000E+00
         801  0.0000000E+00
         802  0.0000000E+00
         803  0.0000000E+00
         804  0.0000000E+00
         805  0.0000000E+00
         806  0.0000000E+00
         807  0.0000000E+00
         808  0.0000000E+00
         809  0.0000000E+00
         810  0.0000000E+00
         811  0.0000000E+00
         812  0.0000000E+00
         813  0.0000000E+00
         814  0.0000000E+00
         815  0.0000000E+00
         816  0.0000000E+00
         817  0.0000000E+00
         818  0.0000000E+00
         819  0.0000000E+00
         820  0.0000000E+00
         821  0.0000000E+00
         822  0.0000000E+00
         823  0.0000000E+00
         824  0.0000000E+00
         825  0.0000000E+00
         826  0.0000000E+00
         827  0.0000000E+00
         828  0.0000000E+00
         829  0.0000000E+00
         830  0.0000000E+00
         831  0.0000000E+00
         832  0.0000000E+00
         833  0.0000000E+00
         834  0.0000000E+00
         835  0.0000000E+00
         836  0.0000000E+00
         837  0.0000000E+00
         838  0.0000000E+00
         839  0.0000000E+00
         840  0.0000000E+00
         841  0.0000000E+00
         842  0.0000000E+00
         843  0.0000000E+00
         844  0.0000000E+00
         845  0.0000000E+00
         846  0.0000000E+00
         847  0.0000000E+00
         848  0.0000000E+00
         849  0.0000000E+00
         850  0.0000000E+00
         851  0.0000000E+00
         852  0.0000000E+00
         853  0.0000000E+00
         854  0.0000000E+00
         855  0.0000000E+00
         856  0.0000000E+00
         857  0.0000000E+00
         858  0.0000000E+00
         859  0.0000000E+00
         860  0.0000000E+00
         861  0.0000000E+00
         862  0.0000000E+00
         863  0.0000000E+00
         864  0.0000000E+00
         865  0.0000000E+00
         866  0.0000000E+00
         867  0.0000000E+00
         868  0.0000000E+00
         869  0.0000000E+00
         870  0.0000000E+00
         871  0.0000000E+00
         872  0.0000000E+00
         873  0.0000000E+00
         874  0.0000000E+00
         875  0.0000000E+00
         876  0.0000000E+00
         877  0.0000000E+00
         878  0.0000000E+00
         879  0.0000000E+00
         880  0.0000000E+00
         881  0.0000000E+00
         882  0.0000000E+00
         883  0.0000000E+00
         884  0.0000000E+00
         885  0.0000000E+00
         886  0.0000000E+00
         887  0.0000000E+00
         888  0.0000000E+00
         889  0.0000000E+00
         890  0.0000000E+00
         891  0.0000000E+00
         892  0.0000000E+00
         893  0.0000000E+00
         894  0.0000000E+00
         895  0.0000000E+00
         896  0.0000000E+00
         897  0.0000000E+00
         898  0.0000000E+00
         899  0.0000000E+00
         900  0.0000000E+00
         901  0.0000000E+00
         902  0.0000000E+00
         903  0.0000000E+00
         904  0.0000000E+00
         905  0.0000000E+00
         906  0.0000000E+00
         907  0.0000000E+00
         908  0.0000000E+00
         909  0.0000000E+00
         910  0.0000000E+00
         911  0.0000000E+00
         912  0.0000000E+00
         913  0.0000000E+00
         914  0.0000000E+00
         915  0.0000000E+00
         916  0.0000000E+00
         917  0.0000000E+00
         918  0.0000000E+00
         919  0.0000000E+00
         920  0.0000000E+00
         921  0.0000000E+00
         922  0.0000000E+00
         923  0.0000000E+00
         924  0.0000000E+00
         925  0.0000000E+00
         926  0.0000000E+00
         927  0.0000000E+00
         928  0.0000000E+00
         929  0.0000000E+00
         930  0.0000000E+00
         931  0.0000000E+00
         932  0.0000000E+00
         933  0.0000000E+00
         934  0.0000000E+00
         935  0.0000000E+00
         936  0.0000000E+00
         937  0.0000000E+00
         938  0.0000000E+00
         939  0.0000000E+00
         940  0.0000000E+00
         941  0.0000000E+00
         942  0.0000000E+00
         943  0.0000000E+00
         944  0.0000000E+00
         945  0.0000000E+00
         946  0.0000000E+00
         947  0.0000000E+00
         948  0.0000000E+00
         949  0.0000000E+00
         950  0.0000000E+00
         951  0.0000000E+00
         952  0.0000000E+00
         953  0.0000000E+00
         954  0.0000000E+00
         955  0.0000000E+00
         956  0.0000000E+00
         957  0.0000000E+00
         958  0.0000000E+00
         959  0.0000000E+00
         960  0.0000000E+00
         961  0.0000000E+00
         962  0.0000000E+00
         963  0.0000000E+00
         964  0.0000000E+00
         965  0.0000000E+00
         966  0.0000000E+00
         967  0.0000000E+00
         968  0.0000000E+00
         969  0.0000000E+00
         970  0.0000000E+00
         971  0.0000000E+00
         972  0.0000000E+00
         973  0.0000000E+00
         974  0.0000000E+00
         975  0.0000000E+00
         976  0.0000000E+00
         977  0.0000000E+00
         978  0.0000000E+00
         979  0.0000000E+00
         980  0.0000000E+00
         981  0.0000000E+00
         982  0.0000000E+00
         983  0.0000000E+00
         984  0.0000000E+00
         985  0.0000000E+00
         986  0.0000000E+00
         987  0.0000000E+00
         988  0.0000000E+00
         989  0.0000000E+00
         990  0.0000000E+00
         991  0.0000000E+00
         992  0.0000000E+00
         993  0.0000000E+00
         994  0.0000000E+00
         995  0.0000000E+00
         996  0.0000000E+00
         997  0.0000000E+00
         998  0.0000000E+00
         999  0.0000000E+00
        1000  0.0000000E+00
        1001  0.0000000E+00
        1002  0.0000000E+00
        1003  0.0000000E+00
        1004  0.0000000E+00
        1005  0.0000000E+00
        1006  0.0000000E+00
        1007  0.0000000E+00
        1008  0.0000000E+00
        1009  0.0000000E+00
        1010  0.0000000E+00
        1011  0.0000000E+00
        1012  0.0000000E+00
        1013  0.0000000E+00
        1014  0.0000000E+00
        1015  0.0000000E+00
        1016  0.0000000E+00
        1017  0.0000000E+00
        1018  0.0000000E+00
        1019  0.0000000E+00
        1020  0.0000000E+00
        1021  0.0000000E+00
        1022  0.0000000E+00
        1023  0.0000000E+00
        1024  0.0000000E+00
