 #   Y    A
           1  0.0000000E+00
           2  0.0000000E+00
           3  0.0000000E+00
           4  0.0000000E+00
           5  0.0000000E+00
           6  0.0000000E+00
           7  0.0000000E+00
           8  0.0000000E+00
           9  0.0000000E+00
          10  0.0000000E+00
          11  0.0000000E+00
          12  0.0000000E+00
          13  0.0000000E+00
          14  0.0000000E+00
          15  0.0000000E+00
          16  0.0000000E+00
          17  0.0000000E+00
          18  0.0000000E+00
          19  0.0000000E+00
          20  0.0000000E+00
          21  0.0000000E+00
          22  0.0000000E+00
          23  0.0000000E+00
          24  0.0000000E+00
          25  0.0000000E+00
          26  0.0000000E+00
          27  0.0000000E+00
          28  0.0000000E+00
          29  0.0000000E+00
          30  0.0000000E+00
          31  0.0000000E+00
          32  0.0000000E+00
          33  0.0000000E+00
          34  0.0000000E+00
          35  0.0000000E+00
          36  0.0000000E+00
          37  0.0000000E+00
          38  0.0000000E+00
          39  0.0000000E+00
          40  0.0000000E+00
          41  0.0000000E+00
          42  0.0000000E+00
          43  0.0000000E+00
          44  0.0000000E+00
          45  0.0000000E+00
          46  0.0000000E+00
          47  0.0000000E+00
          48  0.0000000E+00
          49  0.0000000E+00
          50  0.0000000E+00
          51  0.0000000E+00
          52  0.0000000E+00
          53  0.0000000E+00
          54  0.0000000E+00
          55  0.0000000E+00
          56  0.0000000E+00
          57  0.0000000E+00
          58  0.0000000E+00
          59  0.0000000E+00
          60  0.0000000E+00
          61  0.0000000E+00
          62  0.0000000E+00
          63  0.0000000E+00
          64  0.0000000E+00
          65  0.0000000E+00
          66  0.0000000E+00
          67  0.0000000E+00
          68  0.0000000E+00
          69  0.0000000E+00
          70  0.0000000E+00
          71  0.0000000E+00
          72  0.0000000E+00
          73  0.0000000E+00
          74  0.0000000E+00
          75  0.0000000E+00
          76  0.0000000E+00
          77  0.0000000E+00
          78  0.0000000E+00
          79  0.0000000E+00
          80  0.0000000E+00
          81  0.0000000E+00
          82  0.0000000E+00
          83  0.0000000E+00
          84  0.0000000E+00
          85  0.0000000E+00
          86  0.0000000E+00
          87  0.0000000E+00
          88  0.0000000E+00
          89  0.0000000E+00
          90  0.0000000E+00
          91  0.0000000E+00
          92  0.0000000E+00
          93  0.0000000E+00
          94  0.0000000E+00
          95  0.0000000E+00
          96  0.0000000E+00
          97  0.0000000E+00
          98  0.0000000E+00
          99  0.0000000E+00
         100  0.0000000E+00
         101  0.0000000E+00
         102  0.0000000E+00
         103  0.0000000E+00
         104  0.0000000E+00
         105  0.0000000E+00
         106  0.0000000E+00
         107  0.0000000E+00
         108  0.0000000E+00
         109  0.0000000E+00
         110  0.0000000E+00
         111  0.0000000E+00
         112  0.0000000E+00
         113  0.0000000E+00
         114  0.0000000E+00
         115  0.0000000E+00
         116  0.0000000E+00
         117  0.0000000E+00
         118  0.0000000E+00
         119  0.0000000E+00
         120  0.0000000E+00
         121  0.0000000E+00
         122  0.0000000E+00
         123  0.0000000E+00
         124  0.0000000E+00
         125  0.0000000E+00
         126  0.0000000E+00
         127  0.0000000E+00
         128  0.0000000E+00
         129  0.0000000E+00
         130  0.0000000E+00
         131  0.0000000E+00
         132  0.0000000E+00
         133  0.0000000E+00
         134  0.0000000E+00
         135  0.0000000E+00
         136  0.0000000E+00
         137  0.0000000E+00
         138  0.0000000E+00
         139  0.0000000E+00
         140  0.0000000E+00
         141  0.0000000E+00
         142  0.0000000E+00
         143  0.0000000E+00
         144  0.0000000E+00
         145  0.0000000E+00
         146  0.0000000E+00
         147  0.0000000E+00
         148  0.0000000E+00
         149  0.0000000E+00
         150  0.0000000E+00
         151  0.0000000E+00
         152  0.0000000E+00
         153  0.0000000E+00
         154  0.0000000E+00
         155  0.0000000E+00
         156  0.0000000E+00
         157  0.0000000E+00
         158  0.0000000E+00
         159  0.0000000E+00
         160  0.0000000E+00
         161  0.0000000E+00
         162  0.0000000E+00
         163  0.0000000E+00
         164  0.0000000E+00
         165  0.0000000E+00
         166  0.0000000E+00
         167  0.0000000E+00
         168  0.0000000E+00
         169  0.0000000E+00
         170  0.0000000E+00
         171  0.0000000E+00
         172  0.0000000E+00
         173  0.0000000E+00
         174  0.0000000E+00
         175  0.0000000E+00
         176  0.0000000E+00
         177  0.0000000E+00
         178  0.0000000E+00
         179  0.0000000E+00
         180  0.0000000E+00
         181  0.0000000E+00
         182  0.0000000E+00
         183  0.0000000E+00
         184  0.0000000E+00
         185  0.0000000E+00
         186  0.0000000E+00
         187  0.0000000E+00
         188  0.0000000E+00
         189  0.0000000E+00
         190  0.0000000E+00
         191  0.0000000E+00
         192  0.0000000E+00
         193  0.0000000E+00
         194  0.0000000E+00
         195  0.0000000E+00
         196  0.0000000E+00
         197  0.0000000E+00
         198  0.0000000E+00
         199  0.0000000E+00
         200  0.0000000E+00
         201  0.0000000E+00
         202  0.0000000E+00
         203  0.0000000E+00
         204  0.0000000E+00
         205  0.0000000E+00
         206  0.0000000E+00
         207  0.0000000E+00
         208  0.0000000E+00
         209  0.0000000E+00
         210  0.0000000E+00
         211  0.0000000E+00
         212  0.0000000E+00
         213  0.0000000E+00
         214  0.0000000E+00
         215  0.0000000E+00
         216  0.0000000E+00
         217  0.0000000E+00
         218  0.0000000E+00
         219  0.0000000E+00
         220  0.0000000E+00
         221  0.0000000E+00
         222  0.0000000E+00
         223  0.0000000E+00
         224  0.0000000E+00
         225  0.0000000E+00
         226  0.0000000E+00
         227  0.0000000E+00
         228  0.0000000E+00
         229  0.0000000E+00
         230  0.0000000E+00
         231  0.0000000E+00
         232  0.0000000E+00
         233  0.0000000E+00
         234  0.0000000E+00
         235  0.0000000E+00
         236  0.0000000E+00
         237  0.0000000E+00
         238  0.0000000E+00
         239  0.0000000E+00
         240  0.0000000E+00
         241  0.0000000E+00
         242  0.0000000E+00
         243  0.0000000E+00
         244  0.0000000E+00
         245  0.0000000E+00
         246  0.0000000E+00
         247  0.0000000E+00
         248  0.0000000E+00
         249  0.0000000E+00
         250  0.0000000E+00
         251  0.0000000E+00
         252  0.0000000E+00
         253  0.0000000E+00
         254  0.0000000E+00
         255  0.0000000E+00
         256  0.0000000E+00
         257  0.0000000E+00
         258  0.0000000E+00
         259  0.0000000E+00
         260  0.0000000E+00
         261  0.0000000E+00
         262  0.0000000E+00
         263  0.0000000E+00
         264  0.0000000E+00
         265  0.0000000E+00
         266  0.0000000E+00
         267  0.0000000E+00
         268  0.0000000E+00
         269  0.0000000E+00
         270  0.0000000E+00
         271  0.0000000E+00
         272  0.0000000E+00
         273  0.0000000E+00
         274  0.0000000E+00
         275  0.0000000E+00
         276  0.0000000E+00
         277  0.0000000E+00
         278  0.0000000E+00
         279  0.0000000E+00
         280  0.0000000E+00
         281  0.0000000E+00
         282  0.0000000E+00
         283  0.0000000E+00
         284  0.0000000E+00
         285  0.0000000E+00
         286  0.0000000E+00
         287   1.588593    
         288   7.413432    
         289   13.76780    
         290   18.00405    
         291   21.18124    
         292   21.71077    
         293   22.24030    
         294   26.47654    
         295   24.35842    
         296   21.71077    
         297   27.53561    
         298   17.47452    
         299   29.12420    
         300   15.35640    
         301   33.88998    
         302   35.47857    
         303   23.29936    
         304   25.94701    
         305   25.41748    
         306   21.71077    
         307   27.53561    
         308   25.94701    
         309   24.35842    
         310   31.77185    
         311   25.94701    
         312   27.00607    
         313   24.35842    
         314   28.59467    
         315   27.53561    
         316   34.41951    
         317   30.71279    
         318   32.30138    
         319   23.82889    
         320   27.00607    
         321   30.18326    
         322   42.36247    
         323   32.30138    
         324   30.71279    
         325   33.88998    
         326   33.88998    
         327   29.12420    
         328   22.76983    
         329   32.83091    
         330   30.18326    
         331   27.53561    
         332   36.00810    
         333   33.36045    
         334   39.18528    
         335   36.53763    
         336   30.18326    
         337   33.88998    
         338   32.30138    
         339   35.47857    
         340   33.36045    
         341   38.65575    
         342   43.42153    
         343   43.42153    
         344   32.30138    
         345   34.41951    
         346   45.01012    
         347   30.18326    
         348   38.65575    
         349   32.83091    
         350   45.53966    
         351   54.54168    
         352   36.00810    
         353   36.00810    
         354   36.53763    
         355   41.30341    
         356   60.89605    
         357   45.53966    
         358   47.12825    
         359   57.18933    
         360   48.18731    
         361   41.83294    
         362   48.18731    
         363   51.89403    
         364   50.30544    
         365   46.59872    
         366   60.36652    
         367   60.89605    
         368   56.13027    
         369   48.18731    
         370   58.77793    
         371   61.42558    
         372   63.54370    
         373   60.36652    
         374   75.19338    
         375   65.13230    
         376   68.83901    
         377   73.07526    
         378   85.78400    
         379   77.84104    
         380   75.19338    
         381   87.37260    
         382   94.25650    
         383   97.43369    
         384   93.72697    
         385   99.02228    
         386   104.3176    
         387   117.5559    
         388   117.5559    
         389   125.4988    
         390   130.2646    
         391   137.1485    
         392   149.8572    
         393   177.9224    
         394   166.2727    
         395   182.1586    
         396   187.9835    
         397   203.3399    
         398   211.8123    
         399   219.7553    
         400   239.8775    
         401   249.9386    
         402   276.9446    
         403   281.7104    
         404   270.5903    
         405   275.8856    
         406   309.7756    
         407   294.4192    
         408   325.1320    
         409   306.0688    
         410   303.9507    
         411   309.7756    
         412   321.9548    
         413   301.8326    
         414   315.0709    
         415   317.1890    
         416   306.0688    
         417   313.4823    
         418   316.6595    
         419   302.3621    
         420   334.6635    
         421   341.5474    
         422   362.1991    
         423   354.2562    
         424   344.1951    
         425   384.4394    
         426   396.6186    
         427   400.8549    
         428   422.0361    
         429   443.2173    
         430   473.4006    
         431   526.3537    
         432   523.7061    
         433   586.7202    
         434   603.6652    
         435   565.0095    
         436   613.1968    
         437   613.1968    
         438   629.0827    
         439   647.0867    
         440   655.5592    
         441   715.9258    
         442   680.9767    
         443   696.3331    
         444   707.4532    
         445   802.7688    
         446   809.6527    
         447   818.6547    
         448   889.6119    
         449   861.0172    
         450   899.1434    
         451   904.9683    
         452   944.1536    
         453   973.2778    
         454   949.4489    
         455   938.8583    
         456   975.3959    
         457   980.6912    
         458   969.5710    
         459   949.4489    
         460   976.9845    
         461   900.7321    
         462   956.3328    
         463   946.8012    
         464   912.3817    
         465   943.0945    
         466   892.2595    
         467   955.8032    
         468   880.0803    
         469   962.6871    
         470   943.6240    
         471   944.1536    
         472   938.8583    
         473   955.8032    
         474   951.0375    
         475   969.5710    
         476   993.9294    
         477   982.8093    
         478   1027.290    
         479   1002.402    
         480   1047.942    
         481   1035.762    
         482   1090.304    
         483   1056.944    
         484   1085.538    
         485   1076.536    
         486   1115.722    
         487   1082.891    
         488   1124.194    
         489   1071.241    
         490   1113.074    
         491   1118.899    
         492   1099.836    
         493   1132.667    
         494   1090.834    
         495   1142.198    
         496   1101.424    
         497   1157.554    
         498   1132.667    
         499   1144.316    
         500   1110.956    
         501   1139.550    
         502   1156.495    
         503   1151.200    
         504   1197.799    
         505   1153.318    
         506   1191.444    
         507   1178.736    
         508   1192.504    
         509   1189.856    
         510   1209.448    
         511   1222.687    
         512   1180.854    
         513   1210.508    
         514   1217.921    
         515   1196.740    
         516   1230.100    
         517   1244.927    
         518   1230.100    
         519   1222.157    
         520   1222.157    
         521   1254.459    
         522   1234.337    
         523   1249.693    
         524   1261.343    
         525   1267.167    
         526   1307.412    
         527   1272.992    
         528   1307.412    
         529   1352.422    
         530   1351.892    
         531   1363.012    
         532   1396.373    
         533   1439.794    
         534   1429.204    
         535   1418.084    
         536   1439.265    
         537   1460.446    
         538   1463.623    
         539   1487.452    
         540   1505.986    
         541   1536.699    
         542   1458.328    
         543   1499.102    
         544   1513.929    
         545   1467.860    
         546   1463.094    
         547   1481.627    
         548   1474.744    
         549   1480.039    
         550   1471.566    
         551   1482.157    
         552   1524.519    
         553   1481.098    
         554   1563.175    
         555   1576.413    
         556   1557.880    
         557   1571.118    
         558   1677.024    
         559   1643.134    
         560   1715.680    
         561   1757.513    
         562   1765.456    
         563   1866.067    
         564   1897.839    
         565   2004.274    
         566   2084.763    
         567   2171.606    
         568   2310.343    
         569   2420.486    
         570   2527.451    
         571   2710.668    
         572   2944.721    
         573   3227.491    
         574   3425.535    
         575   3900.524    
         576   4437.999    
         577   5239.708    
         578   6124.554    
         579   6441.214    
         580   6258.525    
         581   5066.551    
         582   4188.589    
         583   3548.386    
         584   2917.715    
         585   2762.033    
         586   2525.862    
         587   2253.154    
         588   2110.181    
         589   1995.272    
         590   1901.545    
         591   1780.812    
         592   1726.800    
         593   1721.505    
         594   1600.242    
         595   1569.530    
         596   1461.505    
         597   1511.281    
         598   1430.263    
         599   1370.426    
         600   1296.292    
         601   1287.290    
         602   1254.459    
         603   1233.277    
         604   1207.860    
         605   1191.974    
         606   1168.145    
         607   1130.019    
         608   1099.836    
         609   1099.836    
         610   1120.487    
         611   1121.017    
         612   1093.481    
         613   1029.938    
         614   1025.172    
         615   1018.817    
         616   992.8704    
         617   947.3307    
         618   961.6281    
         619   956.3328    
         620   902.3206    
         621   908.6750    
         622   884.8461    
         623   840.8950    
         624   862.6058    
         625   864.7239    
         626   848.3085    
         627   823.9501    
         628   846.1904    
         629   804.3574    
         630   832.4225    
         631   809.6527    
         632   792.7078    
         633   781.5876    
         634   803.8279    
         635   792.7077    
         636   751.9338    
         637   767.2902    
         638   746.6385    
         639   742.4023    
         640   720.6915    
         641   719.1030    
         642   738.1661    
         643   698.4512    
         644   706.3942    
         645   677.7995    
         646   684.6834    
         647   662.9727    
         648   662.9727    
         649   653.9706    
         650   668.7975    
         651   634.3780    
         652   650.7935    
         653   642.3210    
         654   616.9035    
         655   637.5552    
         656   610.5491    
         657   591.4860    
         658   598.8994    
         659   585.1317    
         660   580.3658    
         661   588.3088    
         662   565.5390    
         663   559.7141    
         664   523.1765    
         665   557.5960    
         666   530.5900    
         667   528.4718    
         668   540.6510    
         669   533.2376    
         670   530.0604    
         671   489.2865    
         672   531.1194    
         673   496.1704    
         674   509.4087    
         675   519.4698    
         676   500.9362    
         677   491.9342    
         678   501.9953    
         679   494.0523    
         680   480.8140    
         681   481.3436    
         682   485.5798    
         683   467.5758    
         684   471.8120    
         685   482.9322    
         686   457.5147    
         687   471.8120    
         688   476.5778    
         689   456.9851    
         690   468.6348    
         691   464.9281    
         692   442.1583    
         693   450.1013    
         694   459.6328    
         695   462.8100    
         696   448.5127    
         697   450.6308    
         698   444.8059    
         699   454.3375    
         700   441.0992    
         701   436.8630    
         702   435.8039    
         703   426.8019    
         704   431.0381    
         705   434.2153    
         706   419.3885    
         707   417.7999    
         708   416.2113    
         709   411.4455    
         710   377.0260    
         711   415.1522    
         712   369.0830    
         713   387.0871    
         714   387.0871    
         715   361.1401    
         716   368.5535    
         717   345.2542    
         718   351.0790    
         719   332.5454    
         720   321.9548    
         721   330.4273    
         722   306.5984    
         723   315.0709    
         724   301.8326    
         725   313.4823    
         726   283.8286    
         727   298.1259    
         728   278.0037    
         729   276.9446    
         730   264.7654    
         731   275.3560    
         732   260.5292    
         733   256.8225    
         734   248.8795    
         735   267.9426    
         736   223.9916    
         737   244.1137    
         738   251.5272    
         739   218.6963    
         740   229.8164    
         741   217.6372    
         742   182.6882    
         743   182.6882    
         744   180.5700    
         745   170.5089    
         746   171.0385    
         747   175.2747    
         748   167.8613    
         749   162.5660    
         750   165.2136    
         751   155.6821    
         752   171.5680    
         753   141.3848    
         754   156.7411    
         755   149.3277    
         756   148.7982    
         757   150.3868    
         758   136.0894    
         759   153.0344    
         760   137.1485    
         761   140.8552    
         762   141.9143    
         763   132.3827    
         764   129.7351    
         765   137.1485    
         766   133.4418    
         767   128.1465    
         768   127.6169    
         769   134.5008    
         770   120.7330    
         771   130.2646    
         772   126.0284    
         773   111.2015    
         774   125.4988    
         775   123.3807    
         776   113.3196    
         777   111.7310    
         778   133.4418    
         779   99.02228    
         780   117.0263    
         781   111.7310    
         782   119.6740    
         783   105.9062    
         784   101.6699    
         785   118.0854    
         786   106.4357    
         787   107.4948    
         788   108.5538    
         789   99.02228    
         790   103.2585    
         791   98.49274    
         792   110.1424    
         793   99.02228    
         794   100.0813    
         795   108.0243    
         796   97.43369    
         797   95.31556    
         798   92.13837    
         799   95.31556    
         800   95.84509    
         801   90.54978    
         802   93.19743    
         803   91.07932    
         804   91.60884    
         805   87.90213    
         806   87.37260    
         807   94.25650    
         808   83.13635    
         809   90.02025    
         810   74.13432    
         811   87.37260    
         812   81.01823    
         813   78.37057    
         814   82.07729    
         815   85.78400    
         816   74.66386    
         817   85.78400    
         818   71.48667    
         819   80.48869    
         820   69.36855    
         821   73.60479    
         822   76.78197    
         823   75.72292    
         824   70.42760    
         825   78.37057    
         826   84.19541    
         827   62.48465    
         828   72.01620    
         829   74.13432    
         830   72.01620    
         831   69.36855    
         832   73.07526    
         833   77.31151    
         834   78.37057    
         835   78.37057    
         836   141.9143    
         837   28.06514    
         838  0.0000000E+00
         839  0.0000000E+00
         840  0.0000000E+00
         841  0.0000000E+00
         842  0.0000000E+00
         843  0.0000000E+00
         844  0.0000000E+00
         845  0.0000000E+00
         846  0.0000000E+00
         847  0.0000000E+00
         848  0.0000000E+00
         849  0.0000000E+00
         850  0.0000000E+00
         851  0.0000000E+00
         852  0.0000000E+00
         853  0.0000000E+00
         854  0.0000000E+00
         855  0.0000000E+00
         856  0.0000000E+00
         857  0.0000000E+00
         858  0.0000000E+00
         859  0.0000000E+00
         860  0.0000000E+00
         861  0.0000000E+00
         862  0.0000000E+00
         863  0.0000000E+00
         864  0.0000000E+00
         865  0.0000000E+00
         866  0.0000000E+00
         867  0.0000000E+00
         868  0.0000000E+00
         869  0.0000000E+00
         870  0.0000000E+00
         871  0.0000000E+00
         872  0.0000000E+00
         873  0.0000000E+00
         874  0.0000000E+00
         875  0.0000000E+00
         876  0.0000000E+00
         877  0.0000000E+00
         878  0.0000000E+00
         879  0.0000000E+00
         880  0.0000000E+00
         881  0.0000000E+00
         882  0.0000000E+00
         883  0.0000000E+00
         884  0.0000000E+00
         885  0.0000000E+00
         886  0.0000000E+00
         887  0.0000000E+00
         888  0.0000000E+00
         889  0.0000000E+00
         890  0.0000000E+00
         891  0.0000000E+00
         892  0.0000000E+00
         893  0.0000000E+00
         894  0.0000000E+00
         895  0.0000000E+00
         896  0.0000000E+00
         897  0.0000000E+00
         898  0.0000000E+00
         899  0.0000000E+00
         900  0.0000000E+00
         901  0.0000000E+00
         902  0.0000000E+00
         903  0.0000000E+00
         904  0.0000000E+00
         905  0.0000000E+00
         906  0.0000000E+00
         907  0.0000000E+00
         908  0.0000000E+00
         909  0.0000000E+00
         910  0.0000000E+00
         911  0.0000000E+00
         912  0.0000000E+00
         913  0.0000000E+00
         914  0.0000000E+00
         915  0.0000000E+00
         916  0.0000000E+00
         917  0.0000000E+00
         918  0.0000000E+00
         919  0.0000000E+00
         920  0.0000000E+00
         921  0.0000000E+00
         922  0.0000000E+00
         923  0.0000000E+00
         924  0.0000000E+00
         925  0.0000000E+00
         926  0.0000000E+00
         927  0.0000000E+00
         928  0.0000000E+00
         929  0.0000000E+00
         930  0.0000000E+00
         931  0.0000000E+00
         932  0.0000000E+00
         933  0.0000000E+00
         934  0.0000000E+00
         935  0.0000000E+00
         936  0.0000000E+00
         937  0.0000000E+00
         938  0.0000000E+00
         939  0.0000000E+00
         940  0.0000000E+00
         941  0.0000000E+00
         942  0.0000000E+00
         943  0.0000000E+00
         944  0.0000000E+00
         945  0.0000000E+00
         946  0.0000000E+00
         947  0.0000000E+00
         948  0.0000000E+00
         949  0.0000000E+00
         950  0.0000000E+00
         951  0.0000000E+00
         952  0.0000000E+00
         953  0.0000000E+00
         954  0.0000000E+00
         955  0.0000000E+00
         956  0.0000000E+00
         957  0.0000000E+00
         958  0.0000000E+00
         959  0.0000000E+00
         960  0.0000000E+00
         961  0.0000000E+00
         962  0.0000000E+00
         963  0.0000000E+00
         964  0.0000000E+00
         965  0.0000000E+00
         966  0.0000000E+00
         967  0.0000000E+00
         968  0.0000000E+00
         969  0.0000000E+00
         970  0.0000000E+00
         971  0.0000000E+00
         972  0.0000000E+00
         973  0.0000000E+00
         974  0.0000000E+00
         975  0.0000000E+00
         976  0.0000000E+00
         977  0.0000000E+00
         978  0.0000000E+00
         979  0.0000000E+00
         980  0.0000000E+00
         981  0.0000000E+00
         982  0.0000000E+00
         983  0.0000000E+00
         984  0.0000000E+00
         985  0.0000000E+00
         986  0.0000000E+00
         987  0.0000000E+00
         988  0.0000000E+00
         989  0.0000000E+00
         990  0.0000000E+00
         991  0.0000000E+00
         992  0.0000000E+00
         993  0.0000000E+00
         994  0.0000000E+00
         995  0.0000000E+00
         996  0.0000000E+00
         997  0.0000000E+00
         998  0.0000000E+00
         999  0.0000000E+00
        1000  0.0000000E+00
        1001  0.0000000E+00
        1002  0.0000000E+00
        1003  0.0000000E+00
        1004  0.0000000E+00
        1005  0.0000000E+00
        1006  0.0000000E+00
        1007  0.0000000E+00
        1008  0.0000000E+00
        1009  0.0000000E+00
        1010  0.0000000E+00
        1011  0.0000000E+00
        1012  0.0000000E+00
        1013  0.0000000E+00
        1014  0.0000000E+00
        1015  0.0000000E+00
        1016  0.0000000E+00
        1017  0.0000000E+00
        1018  0.0000000E+00
        1019  0.0000000E+00
        1020  0.0000000E+00
        1021  0.0000000E+00
        1022  0.0000000E+00
        1023  0.0000000E+00
        1024  0.0000000E+00
