 #   Y    A
           1  0.0000000E+00
           2  0.0000000E+00
           3  0.0000000E+00
           4  0.0000000E+00
           5  0.0000000E+00
           6  0.0000000E+00
           7  0.0000000E+00
           8  0.0000000E+00
           9  0.0000000E+00
          10  0.0000000E+00
          11  0.0000000E+00
          12  0.0000000E+00
          13  0.0000000E+00
          14  0.0000000E+00
          15  0.0000000E+00
          16  0.0000000E+00
          17  0.0000000E+00
          18  0.0000000E+00
          19  0.0000000E+00
          20  0.0000000E+00
          21  0.0000000E+00
          22  0.0000000E+00
          23  0.0000000E+00
          24  0.0000000E+00
          25  0.0000000E+00
          26  0.0000000E+00
          27  0.0000000E+00
          28  0.0000000E+00
          29  0.0000000E+00
          30  0.0000000E+00
          31  0.0000000E+00
          32  0.0000000E+00
          33  0.0000000E+00
          34  0.0000000E+00
          35  0.0000000E+00
          36  0.0000000E+00
          37  0.0000000E+00
          38  0.0000000E+00
          39  0.0000000E+00
          40  0.0000000E+00
          41  0.0000000E+00
          42  0.0000000E+00
          43  0.0000000E+00
          44  0.0000000E+00
          45  0.0000000E+00
          46  0.0000000E+00
          47  0.0000000E+00
          48  0.0000000E+00
          49  0.0000000E+00
          50  0.0000000E+00
          51  0.0000000E+00
          52  0.0000000E+00
          53  0.0000000E+00
          54  0.0000000E+00
          55  0.0000000E+00
          56  0.0000000E+00
          57  0.0000000E+00
          58  0.0000000E+00
          59  0.0000000E+00
          60  0.0000000E+00
          61  0.0000000E+00
          62  0.0000000E+00
          63  0.0000000E+00
          64  0.0000000E+00
          65  0.0000000E+00
          66  0.0000000E+00
          67  0.0000000E+00
          68  0.0000000E+00
          69  0.0000000E+00
          70  0.0000000E+00
          71  0.0000000E+00
          72  0.0000000E+00
          73  0.0000000E+00
          74  0.0000000E+00
          75  0.0000000E+00
          76  0.0000000E+00
          77  0.0000000E+00
          78  0.0000000E+00
          79  0.0000000E+00
          80  0.0000000E+00
          81  0.0000000E+00
          82  0.0000000E+00
          83  0.0000000E+00
          84  0.0000000E+00
          85  0.0000000E+00
          86  0.0000000E+00
          87  0.0000000E+00
          88  0.0000000E+00
          89  0.0000000E+00
          90  0.0000000E+00
          91  0.0000000E+00
          92  0.0000000E+00
          93  0.0000000E+00
          94  0.0000000E+00
          95  0.0000000E+00
          96  0.0000000E+00
          97  0.0000000E+00
          98  0.0000000E+00
          99  0.0000000E+00
         100  0.0000000E+00
         101  0.0000000E+00
         102  0.0000000E+00
         103  0.0000000E+00
         104  0.0000000E+00
         105  0.0000000E+00
         106  0.0000000E+00
         107  0.0000000E+00
         108  0.0000000E+00
         109  0.0000000E+00
         110  0.0000000E+00
         111  0.0000000E+00
         112  0.0000000E+00
         113  0.0000000E+00
         114  0.0000000E+00
         115  0.0000000E+00
         116  0.0000000E+00
         117  0.0000000E+00
         118  0.0000000E+00
         119  0.0000000E+00
         120  0.0000000E+00
         121  0.0000000E+00
         122  0.0000000E+00
         123  0.0000000E+00
         124  0.0000000E+00
         125  0.0000000E+00
         126  0.0000000E+00
         127  0.0000000E+00
         128  0.0000000E+00
         129  0.0000000E+00
         130  0.0000000E+00
         131  0.0000000E+00
         132  0.0000000E+00
         133  0.0000000E+00
         134  0.0000000E+00
         135  0.0000000E+00
         136  0.0000000E+00
         137  0.0000000E+00
         138  0.0000000E+00
         139  0.0000000E+00
         140  0.0000000E+00
         141  0.0000000E+00
         142  0.0000000E+00
         143  0.0000000E+00
         144  0.0000000E+00
         145  0.0000000E+00
         146  0.0000000E+00
         147  0.0000000E+00
         148  0.0000000E+00
         149  0.0000000E+00
         150  0.0000000E+00
         151  0.0000000E+00
         152  0.0000000E+00
         153  0.0000000E+00
         154  0.0000000E+00
         155  0.0000000E+00
         156  0.0000000E+00
         157  0.0000000E+00
         158  0.0000000E+00
         159  0.0000000E+00
         160  0.0000000E+00
         161  0.0000000E+00
         162  0.0000000E+00
         163  0.0000000E+00
         164  0.0000000E+00
         165  0.0000000E+00
         166  0.0000000E+00
         167  0.0000000E+00
         168  0.0000000E+00
         169  0.0000000E+00
         170  0.0000000E+00
         171  0.0000000E+00
         172  0.0000000E+00
         173  0.0000000E+00
         174  0.0000000E+00
         175  0.0000000E+00
         176  0.0000000E+00
         177  0.0000000E+00
         178  0.0000000E+00
         179  0.0000000E+00
         180  0.0000000E+00
         181  0.0000000E+00
         182  0.0000000E+00
         183  0.0000000E+00
         184  0.0000000E+00
         185  0.0000000E+00
         186  0.0000000E+00
         187  0.0000000E+00
         188  0.0000000E+00
         189  0.0000000E+00
         190  0.0000000E+00
         191  0.0000000E+00
         192  0.0000000E+00
         193  0.0000000E+00
         194  0.0000000E+00
         195  0.0000000E+00
         196  0.0000000E+00
         197  0.0000000E+00
         198  0.0000000E+00
         199  0.0000000E+00
         200  0.0000000E+00
         201  0.0000000E+00
         202  0.0000000E+00
         203  0.0000000E+00
         204  0.0000000E+00
         205  0.0000000E+00
         206  0.0000000E+00
         207  0.0000000E+00
         208  0.0000000E+00
         209  0.0000000E+00
         210  0.0000000E+00
         211  0.0000000E+00
         212  0.0000000E+00
         213  0.0000000E+00
         214  0.0000000E+00
         215  0.0000000E+00
         216  0.0000000E+00
         217  0.0000000E+00
         218  0.0000000E+00
         219  0.0000000E+00
         220  0.0000000E+00
         221  0.0000000E+00
         222  0.0000000E+00
         223  0.0000000E+00
         224  0.0000000E+00
         225  0.0000000E+00
         226  0.0000000E+00
         227  0.0000000E+00
         228  0.0000000E+00
         229  0.0000000E+00
         230  0.0000000E+00
         231  0.0000000E+00
         232  0.0000000E+00
         233  0.0000000E+00
         234  0.0000000E+00
         235  0.0000000E+00
         236  0.0000000E+00
         237  0.0000000E+00
         238  0.0000000E+00
         239  0.0000000E+00
         240  0.0000000E+00
         241  0.0000000E+00
         242  0.0000000E+00
         243  0.0000000E+00
         244  0.0000000E+00
         245  0.0000000E+00
         246  0.0000000E+00
         247  0.0000000E+00
         248  0.0000000E+00
         249  0.0000000E+00
         250  0.0000000E+00
         251  0.0000000E+00
         252  0.0000000E+00
         253  0.0000000E+00
         254  0.0000000E+00
         255  0.0000000E+00
         256  0.0000000E+00
         257  0.0000000E+00
         258  0.0000000E+00
         259  0.0000000E+00
         260  0.0000000E+00
         261  0.0000000E+00
         262  0.0000000E+00
         263  0.0000000E+00
         264  0.0000000E+00
         265  0.0000000E+00
         266  0.0000000E+00
         267  0.0000000E+00
         268  0.0000000E+00
         269  0.0000000E+00
         270  0.0000000E+00
         271  0.0000000E+00
         272  0.0000000E+00
         273  0.0000000E+00
         274  0.0000000E+00
         275  0.0000000E+00
         276  0.0000000E+00
         277  0.0000000E+00
         278  0.0000000E+00
         279  0.0000000E+00
         280  0.0000000E+00
         281  0.0000000E+00
         282  0.0000000E+00
         283  0.0000000E+00
         284  0.0000000E+00
         285  0.0000000E+00
         286  0.0000000E+00
         287  0.0000000E+00
         288  0.0000000E+00
         289  0.0000000E+00
         290  0.0000000E+00
         291  0.0000000E+00
         292  0.0000000E+00
         293  0.0000000E+00
         294  0.0000000E+00
         295  0.0000000E+00
         296  0.0000000E+00
         297  0.0000000E+00
         298  0.0000000E+00
         299  0.0000000E+00
         300  0.0000000E+00
         301  0.0000000E+00
         302  0.0000000E+00
         303  0.0000000E+00
         304  0.0000000E+00
         305  0.0000000E+00
         306  0.0000000E+00
         307  0.0000000E+00
         308  0.0000000E+00
         309  0.0000000E+00
         310  0.0000000E+00
         311  0.0000000E+00
         312  0.0000000E+00
         313  0.0000000E+00
         314  0.0000000E+00
         315  0.0000000E+00
         316  0.0000000E+00
         317  0.0000000E+00
         318  0.0000000E+00
         319  0.0000000E+00
         320  0.0000000E+00
         321  0.0000000E+00
         322  0.0000000E+00
         323  0.0000000E+00
         324  0.0000000E+00
         325  0.0000000E+00
         326  0.0000000E+00
         327  0.0000000E+00
         328  0.0000000E+00
         329  0.0000000E+00
         330  0.0000000E+00
         331  0.0000000E+00
         332  0.0000000E+00
         333   1.588593    
         334   9.002025    
         335   16.41546    
         336   20.65170    
         337   26.47654    
         338   28.59467    
         339   29.12420    
         340   33.36045    
         341   30.71279    
         342   26.47654    
         343   28.59467    
         344   34.94904    
         345   51.89403    
         346   29.12420    
         347   32.83091    
         348   31.77185    
         349   34.41951    
         350   33.88998    
         351   40.24435    
         352   32.83091    
         353   36.00810    
         354   43.95107    
         355   40.24435    
         356   47.12825    
         357   39.18529    
         358   38.65575    
         359   50.30544    
         360   50.83496    
         361   45.53966    
         362   47.12825    
         363   40.77388    
         364   39.18529    
         365   47.65778    
         366   38.12622    
         367   46.06919    
         368   56.65981    
         369   40.24435    
         370   47.12825    
         371   39.18529    
         372   41.83294    
         373   55.07121    
         374   53.48262    
         375   43.42153    
         376   59.30746    
         377   49.77590    
         378   51.36449    
         379   57.71887    
         380   65.13230    
         381   56.65981    
         382   53.48262    
         383   58.24840    
         384   61.95511    
         385   69.89808    
         386   65.13230    
         387   52.95309    
         388   74.66386    
         389   60.89605    
         390   65.66183    
         391   78.37057    
         392   74.66386    
         393   73.60479    
         394   74.13432    
         395   78.37057    
         396   86.84306    
         397   88.43166    
         398   84.19541    
         399   92.13837    
         400   96.37462    
         401   87.90213    
         402   100.6109    
         403   119.6740    
         404   107.4948    
         405   111.7310    
         406   108.5538    
         407   128.6760    
         408   131.8532    
         409   150.3868    
         410   144.5619    
         411   154.6230    
         412   174.7452    
         413   192.2197    
         414   182.6882    
         415   210.2238    
         416   233.5231    
         417   243.0547    
         418   266.3540    
         419   295.4782    
         420   321.9548    
         421   337.3112    
         422   382.8508    
         423   424.6838    
         424   456.4556    
         425   524.7651    
         426   620.0807    
         427   676.2109    
         428   715.9258    
         429   730.7526    
         430   700.5693    
         431   713.2781    
         432   729.6935    
         433   732.3412    
         434   721.7506    
         435   705.8647    
         436   704.8056    
         437   695.8036    
         438   723.3392    
         439   692.0969    
         440   714.8667    
         441   701.6284    
         442   685.7425    
         443   730.7526    
         444   682.5653    
         445   701.6284    
         446   735.5184    
         447   728.6345    
         448   772.0560    
         449   742.9318    
         450   804.3574    
         451   765.7017    
         452   792.7077    
         453   835.0702    
         454   834.0112    
         455   899.1434    
         456   929.8562    
         457   928.2676    
         458   1000.813    
         459   1033.644    
         460   1064.887    
         461   1123.135    
         462   1201.506    
         463   1193.563    
         464   1199.917    
         465   1247.575    
         466   1274.051    
         467   1251.281    
         468   1299.998    
         469   1248.634    
         470   1287.819    
         471   1280.406    
         472   1278.817    
         473   1306.882    
         474   1331.770    
         475   1376.780    
         476   1424.438    
         477   1468.389    
         478   1529.815    
         479   1553.114    
         480   1675.436    
         481   1696.617    
         482   1822.116    
         483   1893.602    
         484   1937.024    
         485   2033.928    
         486   2148.307    
         487   2395.068    
         488   2687.369    
         489   3194.660    
         490   3808.916    
         491   4349.037    
         492   4657.224    
         493   4485.126    
         494   4864.800    
         495   4576.735    
         496   3875.107    
         497   3462.073    
         498   3340.810    
         499   3203.662    
         500   3065.454    
         501   2661.952    
         502   2437.431    
         503   2240.975    
         504   2082.645    
         505   1973.032    
         506   2021.219    
         507   1933.317    
         508   1814.173    
         509   1693.440    
         510   1606.597    
         511   1541.994    
         512   1472.625    
         513   1475.273    
         514   1481.098    
         515   1429.733    
         516   1385.782    
         517   1366.190    
         518   1279.876    
         519   1293.644    
         520   1325.416    
         521   1253.929    
         522   1296.821    
         523   1212.626    
         524   1242.809    
         525   1219.510    
         526   1192.504    
         527   1208.919    
         528   1162.320    
         529   1165.497    
         530   1131.608    
         531   1175.029    
         532   1140.609    
         533   1163.909    
         534   1130.019    
         535   1143.257    
         536   1134.255    
         537   1144.846    
         538   1137.432    
         539   1186.149    
         540   1098.247    
         541   1120.487    
         542   1152.789    
         543   1063.298    
         544   1133.196    
         545   1109.367    
         546   1156.495    
         547   1142.198    
         548   1095.599    
         549   1218.980    
         550   1138.491    
         551   1069.652    
         552   1150.141    
         553   1119.428    
         554   1139.021    
         555   1172.911    
         556   1137.962    
         557   1160.202    
         558   1107.249    
         559   1142.728    
         560   1103.542    
         561   1108.308    
         562   1095.599    
         563   1042.117    
         564   1126.842    
         565   1055.355    
         566   1075.477    
         567   1061.709    
         568   1038.410    
         569   1038.410    
         570   1063.828    
         571   1012.463    
         572   1020.406    
         573   1077.066    
         574   1030.997    
         575   1121.017    
         576   998.6953    
         577   1065.946    
         578   1051.648    
         579   1083.420    
         580   1086.597    
         581   1043.705    
         582   1035.233    
         583   1015.111    
         584   1098.777    
         585   981.7502    
         586   1091.893    
         587   1003.461    
         588   1108.838    
         589   1009.815    
         590   1082.361    
         591   1025.701    
         592   1091.363    
         593   1044.764    
         594   1091.363    
         595   1044.235    
         596   1034.174    
         597   1046.353    
         598   1098.777    
         599   1013.522    
         600   1078.654    
         601   969.0415    
         602   1015.111    
         603   1004.520    
         604   1042.646    
         605   1032.056    
         606   1074.418    
         607   1042.117    
         608   1067.005    
         609   1057.473    
         610   1073.359    
         611   1085.009    
         612   1113.603    
         613   1083.420    
         614   1082.891    
         615   1079.714    
         616   1130.548    
         617   1092.952    
         618   1100.365    
         619   1123.665    
         620   1077.595    
         621   1068.064    
         622   1124.724    
         623   1047.942    
         624   1084.479    
         625   1095.599    
         626   1065.946    
         627   1067.005    
         628   1067.534    
         629   1059.062    
         630   1046.353    
         631   1032.585    
         632   1035.233    
         633   1015.111    
         634   1028.879    
         635   1024.642    
         636   986.5161    
         637   1039.999    
         638   975.3959    
         639   1068.064    
         640   984.9274    
         641   1024.642    
         642   959.5099    
         643   984.9274    
         644   954.2147    
         645   944.1536    
         646   899.6730    
         647   928.2676    
         648   890.6710    
         649   843.0132    
         650   882.7280    
         651   825.0091    
         652   808.5936    
         653   757.7587    
         654   765.1721    
         655   697.3922    
         656   673.0338    
         657   677.7996    
         658   634.3780    
         659   610.0196    
         660   614.7853    
         661   560.7732    
         662   578.2477    
         663   540.1215    
         664   535.8853    
         665   520.5289    
         666   467.5758    
         667   492.9933    
         668   455.9261    
         669   445.3355    
         670   442.1583    
         671   410.3864    
         672   432.6267    
         673   403.5025    
         674   396.0891    
         675   384.9690    
         676   388.1461    
         677   376.4965    
         678   365.9059    
         679   370.1421    
         680   326.7206    
         681   351.6085    
         682   335.7226    
         683   314.5414    
         684   323.0139    
         685   289.6534    
         686   303.4212    
         687   300.7735    
         688   280.6514    
         689   277.4742    
         690   278.5332    
         691   279.0628    
         692   282.2400    
         693   252.5862    
         694   263.7064    
         695   253.6453    
         696   257.3520    
         697   256.8225    
         698   239.3480    
         699   244.1137    
         700   231.4050    
         701   237.7594    
         702   234.0526    
         703   232.9936    
         704   221.8734    
         705   209.1647    
         706   204.9285    
         707   202.2808    
         708   210.2238    
         709   217.1077    
         710   183.7472    
         711   176.8633    
         712   182.6882    
         713   188.5130    
         714   181.0996    
         715   180.0405    
         716   159.9183    
         717   164.6841    
         718   156.7411    
         719   165.7432    
         720   166.8022    
         721   158.8593    
         722   148.2686    
         723   134.5008    
         724   137.1485    
         725   140.8552    
         726   141.9143    
         727   128.6760    
         728   129.7351    
         729   121.7921    
         730   116.4968    
         731   113.3196    
         732   111.7310    
         733   90.02025    
         734   21.18124    
         735  0.0000000E+00
         736  0.0000000E+00
         737  0.0000000E+00
         738  0.0000000E+00
         739  0.0000000E+00
         740  0.0000000E+00
         741  0.0000000E+00
         742  0.0000000E+00
         743  0.0000000E+00
         744  0.0000000E+00
         745  0.0000000E+00
         746  0.0000000E+00
         747  0.0000000E+00
         748  0.0000000E+00
         749  0.0000000E+00
         750  0.0000000E+00
         751  0.0000000E+00
         752  0.0000000E+00
         753  0.0000000E+00
         754  0.0000000E+00
         755  0.0000000E+00
         756  0.0000000E+00
         757  0.0000000E+00
         758  0.0000000E+00
         759  0.0000000E+00
         760  0.0000000E+00
         761  0.0000000E+00
         762  0.0000000E+00
         763  0.0000000E+00
         764  0.0000000E+00
         765  0.0000000E+00
         766  0.0000000E+00
         767  0.0000000E+00
         768  0.0000000E+00
         769  0.0000000E+00
         770  0.0000000E+00
         771  0.0000000E+00
         772  0.0000000E+00
         773  0.0000000E+00
         774  0.0000000E+00
         775  0.0000000E+00
         776  0.0000000E+00
         777  0.0000000E+00
         778  0.0000000E+00
         779  0.0000000E+00
         780  0.0000000E+00
         781  0.0000000E+00
         782  0.0000000E+00
         783  0.0000000E+00
         784  0.0000000E+00
         785  0.0000000E+00
         786  0.0000000E+00
         787  0.0000000E+00
         788  0.0000000E+00
         789  0.0000000E+00
         790  0.0000000E+00
         791  0.0000000E+00
         792  0.0000000E+00
         793  0.0000000E+00
         794  0.0000000E+00
         795  0.0000000E+00
         796  0.0000000E+00
         797  0.0000000E+00
         798  0.0000000E+00
         799  0.0000000E+00
         800  0.0000000E+00
         801  0.0000000E+00
         802  0.0000000E+00
         803  0.0000000E+00
         804  0.0000000E+00
         805  0.0000000E+00
         806  0.0000000E+00
         807  0.0000000E+00
         808  0.0000000E+00
         809  0.0000000E+00
         810  0.0000000E+00
         811  0.0000000E+00
         812  0.0000000E+00
         813  0.0000000E+00
         814  0.0000000E+00
         815  0.0000000E+00
         816  0.0000000E+00
         817  0.0000000E+00
         818  0.0000000E+00
         819  0.0000000E+00
         820  0.0000000E+00
         821  0.0000000E+00
         822  0.0000000E+00
         823  0.0000000E+00
         824  0.0000000E+00
         825  0.0000000E+00
         826  0.0000000E+00
         827  0.0000000E+00
         828  0.0000000E+00
         829  0.0000000E+00
         830  0.0000000E+00
         831  0.0000000E+00
         832  0.0000000E+00
         833  0.0000000E+00
         834  0.0000000E+00
         835  0.0000000E+00
         836  0.0000000E+00
         837  0.0000000E+00
         838  0.0000000E+00
         839  0.0000000E+00
         840  0.0000000E+00
         841  0.0000000E+00
         842  0.0000000E+00
         843  0.0000000E+00
         844  0.0000000E+00
         845  0.0000000E+00
         846  0.0000000E+00
         847  0.0000000E+00
         848  0.0000000E+00
         849  0.0000000E+00
         850  0.0000000E+00
         851  0.0000000E+00
         852  0.0000000E+00
         853  0.0000000E+00
         854  0.0000000E+00
         855  0.0000000E+00
         856  0.0000000E+00
         857  0.0000000E+00
         858  0.0000000E+00
         859  0.0000000E+00
         860  0.0000000E+00
         861  0.0000000E+00
         862  0.0000000E+00
         863  0.0000000E+00
         864  0.0000000E+00
         865  0.0000000E+00
         866  0.0000000E+00
         867  0.0000000E+00
         868  0.0000000E+00
         869  0.0000000E+00
         870  0.0000000E+00
         871  0.0000000E+00
         872  0.0000000E+00
         873  0.0000000E+00
         874  0.0000000E+00
         875  0.0000000E+00
         876  0.0000000E+00
         877  0.0000000E+00
         878  0.0000000E+00
         879  0.0000000E+00
         880  0.0000000E+00
         881  0.0000000E+00
         882  0.0000000E+00
         883  0.0000000E+00
         884  0.0000000E+00
         885  0.0000000E+00
         886  0.0000000E+00
         887  0.0000000E+00
         888  0.0000000E+00
         889  0.0000000E+00
         890  0.0000000E+00
         891  0.0000000E+00
         892  0.0000000E+00
         893  0.0000000E+00
         894  0.0000000E+00
         895  0.0000000E+00
         896  0.0000000E+00
         897  0.0000000E+00
         898  0.0000000E+00
         899  0.0000000E+00
         900  0.0000000E+00
         901  0.0000000E+00
         902  0.0000000E+00
         903  0.0000000E+00
         904  0.0000000E+00
         905  0.0000000E+00
         906  0.0000000E+00
         907  0.0000000E+00
         908  0.0000000E+00
         909  0.0000000E+00
         910  0.0000000E+00
         911  0.0000000E+00
         912  0.0000000E+00
         913  0.0000000E+00
         914  0.0000000E+00
         915  0.0000000E+00
         916  0.0000000E+00
         917  0.0000000E+00
         918  0.0000000E+00
         919  0.0000000E+00
         920  0.0000000E+00
         921  0.0000000E+00
         922  0.0000000E+00
         923  0.0000000E+00
         924  0.0000000E+00
         925  0.0000000E+00
         926  0.0000000E+00
         927  0.0000000E+00
         928  0.0000000E+00
         929  0.0000000E+00
         930  0.0000000E+00
         931  0.0000000E+00
         932  0.0000000E+00
         933  0.0000000E+00
         934  0.0000000E+00
         935  0.0000000E+00
         936  0.0000000E+00
         937  0.0000000E+00
         938  0.0000000E+00
         939  0.0000000E+00
         940  0.0000000E+00
         941  0.0000000E+00
         942  0.0000000E+00
         943  0.0000000E+00
         944  0.0000000E+00
         945  0.0000000E+00
         946  0.0000000E+00
         947  0.0000000E+00
         948  0.0000000E+00
         949  0.0000000E+00
         950  0.0000000E+00
         951  0.0000000E+00
         952  0.0000000E+00
         953  0.0000000E+00
         954  0.0000000E+00
         955  0.0000000E+00
         956  0.0000000E+00
         957  0.0000000E+00
         958  0.0000000E+00
         959  0.0000000E+00
         960  0.0000000E+00
         961  0.0000000E+00
         962  0.0000000E+00
         963  0.0000000E+00
         964  0.0000000E+00
         965  0.0000000E+00
         966  0.0000000E+00
         967  0.0000000E+00
         968  0.0000000E+00
         969  0.0000000E+00
         970  0.0000000E+00
         971  0.0000000E+00
         972  0.0000000E+00
         973  0.0000000E+00
         974  0.0000000E+00
         975  0.0000000E+00
         976  0.0000000E+00
         977  0.0000000E+00
         978  0.0000000E+00
         979  0.0000000E+00
         980  0.0000000E+00
         981  0.0000000E+00
         982  0.0000000E+00
         983  0.0000000E+00
         984  0.0000000E+00
         985  0.0000000E+00
         986  0.0000000E+00
         987  0.0000000E+00
         988  0.0000000E+00
         989  0.0000000E+00
         990  0.0000000E+00
         991  0.0000000E+00
         992  0.0000000E+00
         993  0.0000000E+00
         994  0.0000000E+00
         995  0.0000000E+00
         996  0.0000000E+00
         997  0.0000000E+00
         998  0.0000000E+00
         999  0.0000000E+00
        1000  0.0000000E+00
        1001  0.0000000E+00
        1002  0.0000000E+00
        1003  0.0000000E+00
        1004  0.0000000E+00
        1005  0.0000000E+00
        1006  0.0000000E+00
        1007  0.0000000E+00
        1008  0.0000000E+00
        1009  0.0000000E+00
        1010  0.0000000E+00
        1011  0.0000000E+00
        1012  0.0000000E+00
        1013  0.0000000E+00
        1014  0.0000000E+00
        1015  0.0000000E+00
        1016  0.0000000E+00
        1017  0.0000000E+00
        1018  0.0000000E+00
        1019  0.0000000E+00
        1020  0.0000000E+00
        1021  0.0000000E+00
        1022  0.0000000E+00
        1023  0.0000000E+00
        1024  0.0000000E+00
