 #   Y    A
           1  0.0000000E+00
           2  0.0000000E+00
           3  0.0000000E+00
           4  0.0000000E+00
           5  0.0000000E+00
           6  0.0000000E+00
           7  0.0000000E+00
           8  0.0000000E+00
           9  0.0000000E+00
          10  0.0000000E+00
          11  0.0000000E+00
          12  0.0000000E+00
          13  0.0000000E+00
          14  0.0000000E+00
          15  0.0000000E+00
          16  0.0000000E+00
          17  0.0000000E+00
          18  0.0000000E+00
          19  0.0000000E+00
          20  0.0000000E+00
          21  0.0000000E+00
          22  0.0000000E+00
          23  0.0000000E+00
          24  0.0000000E+00
          25  0.0000000E+00
          26  0.0000000E+00
          27  0.0000000E+00
          28  0.0000000E+00
          29  0.0000000E+00
          30  0.0000000E+00
          31  0.0000000E+00
          32  0.0000000E+00
          33  0.0000000E+00
          34  0.0000000E+00
          35  0.0000000E+00
          36  0.0000000E+00
          37  0.0000000E+00
          38  0.0000000E+00
          39  0.0000000E+00
          40  0.0000000E+00
          41  0.0000000E+00
          42  0.0000000E+00
          43  0.0000000E+00
          44  0.0000000E+00
          45  0.0000000E+00
          46  0.0000000E+00
          47  0.0000000E+00
          48  0.0000000E+00
          49  0.0000000E+00
          50  0.0000000E+00
          51  0.0000000E+00
          52  0.0000000E+00
          53  0.0000000E+00
          54  0.0000000E+00
          55  0.0000000E+00
          56  0.0000000E+00
          57  0.0000000E+00
          58  0.0000000E+00
          59  0.0000000E+00
          60  0.0000000E+00
          61  0.0000000E+00
          62  0.0000000E+00
          63  0.0000000E+00
          64  0.0000000E+00
          65  0.0000000E+00
          66  0.0000000E+00
          67  0.0000000E+00
          68  0.0000000E+00
          69  0.0000000E+00
          70  0.0000000E+00
          71  0.0000000E+00
          72  0.0000000E+00
          73  0.0000000E+00
          74  0.0000000E+00
          75  0.0000000E+00
          76  0.0000000E+00
          77  0.0000000E+00
          78  0.0000000E+00
          79  0.0000000E+00
          80  0.0000000E+00
          81  0.0000000E+00
          82  0.0000000E+00
          83  0.0000000E+00
          84  0.0000000E+00
          85  0.0000000E+00
          86  0.0000000E+00
          87  0.0000000E+00
          88  0.0000000E+00
          89  0.0000000E+00
          90  0.0000000E+00
          91  0.0000000E+00
          92  0.0000000E+00
          93  0.0000000E+00
          94  0.0000000E+00
          95  0.0000000E+00
          96  0.0000000E+00
          97  0.0000000E+00
          98  0.0000000E+00
          99  0.0000000E+00
         100  0.0000000E+00
         101  0.0000000E+00
         102  0.0000000E+00
         103  0.0000000E+00
         104  0.0000000E+00
         105  0.0000000E+00
         106  0.0000000E+00
         107  0.0000000E+00
         108  0.0000000E+00
         109  0.0000000E+00
         110  0.0000000E+00
         111  0.0000000E+00
         112  0.0000000E+00
         113  0.0000000E+00
         114  0.0000000E+00
         115  0.0000000E+00
         116  0.0000000E+00
         117  0.0000000E+00
         118  0.0000000E+00
         119  0.0000000E+00
         120  0.0000000E+00
         121  0.0000000E+00
         122  0.0000000E+00
         123  0.0000000E+00
         124  0.0000000E+00
         125  0.0000000E+00
         126  0.0000000E+00
         127  0.0000000E+00
         128  0.0000000E+00
         129  0.0000000E+00
         130  0.0000000E+00
         131  0.0000000E+00
         132  0.0000000E+00
         133  0.0000000E+00
         134  0.0000000E+00
         135  0.0000000E+00
         136  0.0000000E+00
         137  0.0000000E+00
         138  0.0000000E+00
         139  0.0000000E+00
         140  0.0000000E+00
         141  0.0000000E+00
         142  0.0000000E+00
         143  0.0000000E+00
         144  0.0000000E+00
         145  0.0000000E+00
         146  0.0000000E+00
         147  0.0000000E+00
         148  0.0000000E+00
         149  0.0000000E+00
         150  0.0000000E+00
         151  0.0000000E+00
         152  0.0000000E+00
         153  0.0000000E+00
         154  0.0000000E+00
         155  0.0000000E+00
         156  0.0000000E+00
         157  0.0000000E+00
         158  0.0000000E+00
         159  0.0000000E+00
         160  0.0000000E+00
         161  0.0000000E+00
         162  0.0000000E+00
         163  0.0000000E+00
         164  0.0000000E+00
         165  0.0000000E+00
         166  0.0000000E+00
         167  0.0000000E+00
         168  0.0000000E+00
         169  0.0000000E+00
         170  0.0000000E+00
         171  0.0000000E+00
         172  0.0000000E+00
         173  0.0000000E+00
         174  0.0000000E+00
         175  0.0000000E+00
         176  0.0000000E+00
         177  0.0000000E+00
         178  0.0000000E+00
         179  0.0000000E+00
         180  0.0000000E+00
         181  0.0000000E+00
         182  0.0000000E+00
         183  0.0000000E+00
         184  0.0000000E+00
         185  0.0000000E+00
         186  0.0000000E+00
         187  0.0000000E+00
         188  0.0000000E+00
         189  0.0000000E+00
         190  0.0000000E+00
         191  0.0000000E+00
         192  0.0000000E+00
         193  0.0000000E+00
         194  0.0000000E+00
         195  0.0000000E+00
         196  0.0000000E+00
         197  0.0000000E+00
         198  0.0000000E+00
         199  0.0000000E+00
         200  0.0000000E+00
         201  0.0000000E+00
         202  0.0000000E+00
         203  0.0000000E+00
         204  0.0000000E+00
         205  0.0000000E+00
         206  0.0000000E+00
         207  0.0000000E+00
         208  0.0000000E+00
         209  0.0000000E+00
         210  0.0000000E+00
         211  0.0000000E+00
         212  0.0000000E+00
         213  0.0000000E+00
         214  0.0000000E+00
         215  0.0000000E+00
         216  0.0000000E+00
         217  0.0000000E+00
         218  0.0000000E+00
         219  0.0000000E+00
         220  0.0000000E+00
         221  0.0000000E+00
         222  0.0000000E+00
         223  0.0000000E+00
         224  0.0000000E+00
         225  0.0000000E+00
         226  0.0000000E+00
         227  0.0000000E+00
         228  0.0000000E+00
         229  0.0000000E+00
         230  0.0000000E+00
         231  0.0000000E+00
         232  0.0000000E+00
         233  0.0000000E+00
         234  0.0000000E+00
         235  0.0000000E+00
         236  0.0000000E+00
         237  0.0000000E+00
         238  0.0000000E+00
         239  0.0000000E+00
         240  0.0000000E+00
         241  0.0000000E+00
         242  0.0000000E+00
         243  0.0000000E+00
         244  0.0000000E+00
         245  0.0000000E+00
         246  0.0000000E+00
         247  0.0000000E+00
         248  0.0000000E+00
         249  0.0000000E+00
         250  0.0000000E+00
         251  0.0000000E+00
         252  0.0000000E+00
         253  0.0000000E+00
         254  0.0000000E+00
         255  0.0000000E+00
         256  0.0000000E+00
         257  0.0000000E+00
         258  0.0000000E+00
         259  0.0000000E+00
         260  0.0000000E+00
         261  0.0000000E+00
         262  0.0000000E+00
         263  0.0000000E+00
         264  0.0000000E+00
         265  0.0000000E+00
         266  0.0000000E+00
         267  0.0000000E+00
         268  0.0000000E+00
         269  0.0000000E+00
         270  0.0000000E+00
         271  0.0000000E+00
         272  0.0000000E+00
         273  0.0000000E+00
         274  0.0000000E+00
         275  0.0000000E+00
         276  0.0000000E+00
         277  0.0000000E+00
         278  0.0000000E+00
         279  0.0000000E+00
         280  0.0000000E+00
         281  0.0000000E+00
         282  0.0000000E+00
         283  0.0000000E+00
         284  0.0000000E+00
         285  0.0000000E+00
         286  0.0000000E+00
         287  0.0000000E+00
         288  0.0000000E+00
         289  0.0000000E+00
         290  0.0000000E+00
         291  0.0000000E+00
         292  0.0000000E+00
         293  0.0000000E+00
         294  0.0000000E+00
         295  0.0000000E+00
         296  0.0000000E+00
         297  0.0000000E+00
         298  0.0000000E+00
         299  0.0000000E+00
         300  0.0000000E+00
         301  0.0000000E+00
         302  0.0000000E+00
         303  0.0000000E+00
         304  0.0000000E+00
         305  0.0000000E+00
         306  0.0000000E+00
         307  0.0000000E+00
         308  0.0000000E+00
         309  0.0000000E+00
         310  0.0000000E+00
         311  0.0000000E+00
         312  0.0000000E+00
         313  0.0000000E+00
         314  0.0000000E+00
         315  0.0000000E+00
         316   3.706716    
         317   9.531556    
         318   19.59264    
         319   19.59264    
         320   23.29936    
         321   23.82889    
         322   28.59467    
         323   27.53561    
         324   28.06514    
         325   22.76983    
         326   27.53561    
         327   24.88795    
         328   32.30138    
         329   43.95107    
         330   25.41748    
         331   29.65373    
         332   23.82889    
         333   29.12420    
         334   29.12420    
         335   27.53561    
         336   36.53763    
         337   31.77185    
         338   27.53561    
         339   31.77185    
         340   34.94904    
         341   34.94904    
         342   39.71482    
         343   30.71279    
         344   33.88998    
         345   33.88998    
         346   43.42153    
         347   38.12622    
         348   39.71482    
         349   37.59669    
         350   33.88998    
         351   36.00810    
         352   31.77185    
         353   37.06716    
         354   33.36045    
         355   37.59669    
         356   40.77388    
         357   46.59872    
         358   34.94904    
         359   37.59669    
         360   33.88998    
         361   36.00810    
         362   38.12622    
         363   50.83496    
         364   45.53966    
         365   41.30341    
         366   41.83294    
         367   46.59872    
         368   38.65575    
         369   40.77388    
         370   40.24435    
         371   53.48262    
         372   46.59872    
         373   44.48059    
         374   39.71482    
         375   47.65778    
         376   59.30746    
         377   49.77590    
         378   63.01418    
         379   53.48262    
         380   41.83294    
         381   56.13027    
         382   59.30746    
         383   54.01215    
         384   49.77590    
         385   67.25042    
         386   71.48667    
         387   50.83496    
         388   67.77995    
         389   61.95511    
         390   55.60074    
         391   74.13432    
         392   70.42760    
         393   69.89808    
         394   75.19338    
         395   76.78197    
         396   79.42963    
         397   79.42963    
         398   70.95714    
         399   91.60884    
         400   103.2585    
         401   97.96321    
         402   91.60884    
         403   94.78603    
         404   105.9062    
         405   106.4357    
         406   117.0263    
         407   127.0874    
         408   126.0284    
         409   137.1485    
         410   141.3848    
         411   172.6271    
         412   155.1525    
         413   185.8653    
         414   183.2177    
         415   207.5761    
         416   222.4030    
         417   224.5211    
         418   248.3500    
         419   279.0628    
         420   304.4803    
         421   321.9548    
         422   338.8998    
         423   363.2582    
         424   380.7327    
         425   430.5086    
         426   417.7999    
         427   471.2825    
         428   463.3395    
         429   479.2254    
         430   459.6328    
         431   472.8711    
         432   450.1013    
         433   481.8731    
         434   437.9220    
         435   477.6368    
         436   492.9933    
         437   489.2865    
         438   524.2356    
         439   513.6450    
         440   550.1826    
         441   548.5940    
         442   545.4168    
         443   577.7182    
         444   576.1296    
         445   567.1276    
         446   591.4860    
         447   602.0766    
         448   628.5532    
         449   653.4411    
         450   654.5002    
         451   660.8546    
         452   718.0439    
         453   728.1050    
         454   758.8177    
         455   784.2352    
         456   818.6547    
         457   902.3206    
         458   922.9724    
         459   953.6851    
         460   1007.697    
         461   1021.995    
         462   1097.718    
         463   1095.070    
         464   1117.840    
         465   1153.318    
         466   1140.609    
         467   1157.555    
         468   1115.192    
         469   1061.709    
         470   1096.658    
         471   1034.703    
         472   1020.936    
         473   994.9885    
         474   1030.997    
         475   1018.817    
         476   1003.461    
         477   1021.995    
         478   1019.347    
         479   1047.942    
         480   1027.290    
         481   1063.828    
         482   1106.190    
         483   1096.129    
         484   1129.489    
         485   1140.609    
         486   1136.903    
         487   1169.734    
         488   1154.377    
         489   1196.740    
         490   1153.848    
         491   1188.797    
         492   1162.850    
         493   1162.320    
         494   1182.443    
         495   1161.791    
         496   1220.039    
         497   1167.086    
         498   1252.341    
         499   1209.978    
         500   1289.408    
         501   1271.404    
         502   1285.171    
         503   1305.823    
         504   1346.068    
         505   1306.353    
         506   1334.947    
         507   1271.404    
         508   1357.188    
         509   1325.945    
         510   1361.424    
         511   1387.901    
         512   1388.430    
         513   1428.674    
         514   1472.096    
         515   1469.978    
         516   1476.332    
         517   1532.992    
         518   1576.413    
         519   1585.416    
         520   1630.955    
         521   1745.863    
         522   1838.531    
         523   1944.967    
         524   2078.938    
         525   2200.730    
         526   2433.724    
         527   2717.023    
         528   3017.796    
         529   3446.187    
         530   3892.052    
         531   4308.263    
         532   4597.387    
         533   4552.907    
         534   4667.285    
         535   4894.454    
         536   4748.303    
         537   4857.387    
         538   4743.008    
         539   4542.845    
         540   4271.196    
         541   3565.331    
         542   2674.660    
         543   2391.361    
         544   2069.407    
         545   1926.433    
         546   1751.688    
         547   1638.898    
         548   1591.770    
         549   1438.206    
         550   1442.442    
         551   1389.489    
         552   1396.373    
         553   1325.945    
         554   1272.463    
         555   1296.821    
         556   1178.206    
         557   1243.339    
         558   1250.752    
         559   1267.697    
         560   1213.155    
         561   1216.862    
         562   1192.504    
         563   1155.436    
         564   1173.970    
         565   1118.899    
         566   1113.074    
         567   1101.424    
         568   1131.078    
         569   1114.662    
         570   1134.255    
         571   1139.021    
         572   1138.491    
         573   1095.070    
         574   1120.487    
         575   1137.432    
         576   1103.013    
         577   1112.015    
         578   1126.842    
         579   1100.365    
         580   1092.952    
         581   1127.901    
         582   1104.072    
         583   1061.180    
         584   1074.948    
         585   1057.473    
         586   1098.777    
         587   1042.117    
         588   1082.891    
         589   1119.428    
         590   1081.832    
         591   1098.777    
         592   1109.367    
         593   1076.536    
         594   1071.771    
         595   1065.946    
         596   1082.361    
         597   1090.834    
         598   1087.127    
         599   1142.198    
         600   1143.787    
         601   1114.662    
         602   1059.591    
         603   1115.192    
         604   1063.828    
         605   1143.787    
         606   1108.838    
         607   1121.546    
         608   1133.726    
         609   1113.074    
         610   1089.245    
         611   1038.940    
         612   1098.247    
         613   1113.074    
         614   1079.184    
         615   1058.532    
         616   1084.479    
         617   1083.420    
         618   1077.066    
         619   1125.253    
         620   1079.714    
         621   1090.834    
         622   1105.661    
         623   1072.300    
         624   1050.060    
         625   1105.131    
         626   1054.826    
         627   1035.233    
         628   1030.997    
         629   989.1637    
         630   1015.640    
         631   1009.815    
         632   977.5140    
         633   962.6871    
         634   946.8012    
         635   934.0925    
         636   905.4978    
         637   894.3777    
         638   904.9683    
         639   897.5549    
         640   885.3756    
         641   884.8461    
         642   810.7118    
         643   886.4347    
         644   835.0702    
         645   783.7057    
         646   820.7728    
         647   751.4043    
         648   721.2211    
         649   724.9278    
         650   715.9258    
         651   703.2170    
         652   677.7995    
         653   700.5693    
         654   669.8566    
         655   654.5002    
         656   658.2069    
         657   650.2639    
         658   646.5572    
         659   616.9035    
         660   585.1317    
         661   623.7874    
         662   585.6611    
         663   559.7142    
         664   559.7142    
         665   544.3577    
         666   539.5920    
         667   514.7040    
         668   512.0563    
         669   491.9342    
         670   482.4026    
         671   490.8751    
         672   458.0442    
         673   468.6348    
         674   442.6878    
         675   427.8610    
         676   455.3965    
         677   398.7368    
         678   418.8589    
         679   409.3274    
         680   388.6757    
         681   372.2602    
         682   392.9119    
         683   375.9669    
         684   359.0219    
         685   346.8427    
         686   364.8468    
         687   340.4883    
         688   327.7796    
         689   327.7796    
         690   318.2480    
         691   308.7165    
         692   317.7185    
         693   314.5414    
         694   301.3031    
         695   298.1259    
         696   274.2970    
         697   272.7084    
         698   283.2990    
         699   264.7654    
         700   282.7695    
         701   247.8204    
         702   263.1768    
         703   248.3500    
         704   250.4681    
         705   243.5842    
         706   245.1728    
         707   234.5822    
         708   217.6372    
         709   229.2869    
         710   229.2869    
         711   214.4600    
         712   206.5170    
         713   222.9325    
         714   198.5741    
         715   204.3989    
         716   194.3378    
         717   207.0466    
         718   191.6902    
         719   192.7492    
         720   192.2197    
         721   186.9244    
         722   182.6882    
         723   176.3338    
         724   190.1016    
         725   169.4499    
         726   182.1586    
         727   166.8022    
         728   176.8633    
         729   164.1546    
         730   175.2747    
         731   147.2096    
         732   167.3318    
         733   172.0975    
         734   150.9163    
         735   161.5069    
         736   160.4479    
         737   142.9733    
         738   157.2707    
         739   147.7391    
         740   147.7391    
         741   133.4418    
         742   147.2096    
         743   142.9733    
         744   140.3257    
         745   150.3868    
         746   132.9122    
         747   120.7330    
         748   136.6190    
         749   123.9102    
         750   130.2646    
         751   129.7351    
         752   126.0284    
         753   120.7330    
         754   126.0284    
         755   116.4968    
         756   114.3787    
         757   114.9082    
         758   109.6129    
         759   117.5559    
         760   119.1444    
         761   109.6129    
         762   106.4357    
         763   112.2605    
         764   95.31556    
         765   100.0813    
         766   103.7881    
         767   98.49274    
         768   111.7310    
         769   92.66791    
         770   96.37462    
         771   99.55180    
         772   93.19743    
         773   96.90415    
         774   100.6109    
         775   89.49072    
         776   112.7901    
         777   87.37260    
         778  0.0000000E+00
         779  0.0000000E+00
         780  0.0000000E+00
         781  0.0000000E+00
         782  0.0000000E+00
         783  0.0000000E+00
         784  0.0000000E+00
         785  0.0000000E+00
         786  0.0000000E+00
         787  0.0000000E+00
         788  0.0000000E+00
         789  0.0000000E+00
         790  0.0000000E+00
         791  0.0000000E+00
         792  0.0000000E+00
         793  0.0000000E+00
         794  0.0000000E+00
         795  0.0000000E+00
         796  0.0000000E+00
         797  0.0000000E+00
         798  0.0000000E+00
         799  0.0000000E+00
         800  0.0000000E+00
         801  0.0000000E+00
         802  0.0000000E+00
         803  0.0000000E+00
         804  0.0000000E+00
         805  0.0000000E+00
         806  0.0000000E+00
         807  0.0000000E+00
         808  0.0000000E+00
         809  0.0000000E+00
         810  0.0000000E+00
         811  0.0000000E+00
         812  0.0000000E+00
         813  0.0000000E+00
         814  0.0000000E+00
         815  0.0000000E+00
         816  0.0000000E+00
         817  0.0000000E+00
         818  0.0000000E+00
         819  0.0000000E+00
         820  0.0000000E+00
         821  0.0000000E+00
         822  0.0000000E+00
         823  0.0000000E+00
         824  0.0000000E+00
         825  0.0000000E+00
         826  0.0000000E+00
         827  0.0000000E+00
         828  0.0000000E+00
         829  0.0000000E+00
         830  0.0000000E+00
         831  0.0000000E+00
         832  0.0000000E+00
         833  0.0000000E+00
         834  0.0000000E+00
         835  0.0000000E+00
         836  0.0000000E+00
         837  0.0000000E+00
         838  0.0000000E+00
         839  0.0000000E+00
         840  0.0000000E+00
         841  0.0000000E+00
         842  0.0000000E+00
         843  0.0000000E+00
         844  0.0000000E+00
         845  0.0000000E+00
         846  0.0000000E+00
         847  0.0000000E+00
         848  0.0000000E+00
         849  0.0000000E+00
         850  0.0000000E+00
         851  0.0000000E+00
         852  0.0000000E+00
         853  0.0000000E+00
         854  0.0000000E+00
         855  0.0000000E+00
         856  0.0000000E+00
         857  0.0000000E+00
         858  0.0000000E+00
         859  0.0000000E+00
         860  0.0000000E+00
         861  0.0000000E+00
         862  0.0000000E+00
         863  0.0000000E+00
         864  0.0000000E+00
         865  0.0000000E+00
         866  0.0000000E+00
         867  0.0000000E+00
         868  0.0000000E+00
         869  0.0000000E+00
         870  0.0000000E+00
         871  0.0000000E+00
         872  0.0000000E+00
         873  0.0000000E+00
         874  0.0000000E+00
         875  0.0000000E+00
         876  0.0000000E+00
         877  0.0000000E+00
         878  0.0000000E+00
         879  0.0000000E+00
         880  0.0000000E+00
         881  0.0000000E+00
         882  0.0000000E+00
         883  0.0000000E+00
         884  0.0000000E+00
         885  0.0000000E+00
         886  0.0000000E+00
         887  0.0000000E+00
         888  0.0000000E+00
         889  0.0000000E+00
         890  0.0000000E+00
         891  0.0000000E+00
         892  0.0000000E+00
         893  0.0000000E+00
         894  0.0000000E+00
         895  0.0000000E+00
         896  0.0000000E+00
         897  0.0000000E+00
         898  0.0000000E+00
         899  0.0000000E+00
         900  0.0000000E+00
         901  0.0000000E+00
         902  0.0000000E+00
         903  0.0000000E+00
         904  0.0000000E+00
         905  0.0000000E+00
         906  0.0000000E+00
         907  0.0000000E+00
         908  0.0000000E+00
         909  0.0000000E+00
         910  0.0000000E+00
         911  0.0000000E+00
         912  0.0000000E+00
         913  0.0000000E+00
         914  0.0000000E+00
         915  0.0000000E+00
         916  0.0000000E+00
         917  0.0000000E+00
         918  0.0000000E+00
         919  0.0000000E+00
         920  0.0000000E+00
         921  0.0000000E+00
         922  0.0000000E+00
         923  0.0000000E+00
         924  0.0000000E+00
         925  0.0000000E+00
         926  0.0000000E+00
         927  0.0000000E+00
         928  0.0000000E+00
         929  0.0000000E+00
         930  0.0000000E+00
         931  0.0000000E+00
         932  0.0000000E+00
         933  0.0000000E+00
         934  0.0000000E+00
         935  0.0000000E+00
         936  0.0000000E+00
         937  0.0000000E+00
         938  0.0000000E+00
         939  0.0000000E+00
         940  0.0000000E+00
         941  0.0000000E+00
         942  0.0000000E+00
         943  0.0000000E+00
         944  0.0000000E+00
         945  0.0000000E+00
         946  0.0000000E+00
         947  0.0000000E+00
         948  0.0000000E+00
         949  0.0000000E+00
         950  0.0000000E+00
         951  0.0000000E+00
         952  0.0000000E+00
         953  0.0000000E+00
         954  0.0000000E+00
         955  0.0000000E+00
         956  0.0000000E+00
         957  0.0000000E+00
         958  0.0000000E+00
         959  0.0000000E+00
         960  0.0000000E+00
         961  0.0000000E+00
         962  0.0000000E+00
         963  0.0000000E+00
         964  0.0000000E+00
         965  0.0000000E+00
         966  0.0000000E+00
         967  0.0000000E+00
         968  0.0000000E+00
         969  0.0000000E+00
         970  0.0000000E+00
         971  0.0000000E+00
         972  0.0000000E+00
         973  0.0000000E+00
         974  0.0000000E+00
         975  0.0000000E+00
         976  0.0000000E+00
         977  0.0000000E+00
         978  0.0000000E+00
         979  0.0000000E+00
         980  0.0000000E+00
         981  0.0000000E+00
         982  0.0000000E+00
         983  0.0000000E+00
         984  0.0000000E+00
         985  0.0000000E+00
         986  0.0000000E+00
         987  0.0000000E+00
         988  0.0000000E+00
         989  0.0000000E+00
         990  0.0000000E+00
         991  0.0000000E+00
         992  0.0000000E+00
         993  0.0000000E+00
         994  0.0000000E+00
         995  0.0000000E+00
         996  0.0000000E+00
         997  0.0000000E+00
         998  0.0000000E+00
         999  0.0000000E+00
        1000  0.0000000E+00
        1001  0.0000000E+00
        1002  0.0000000E+00
        1003  0.0000000E+00
        1004  0.0000000E+00
        1005  0.0000000E+00
        1006  0.0000000E+00
        1007  0.0000000E+00
        1008  0.0000000E+00
        1009  0.0000000E+00
        1010  0.0000000E+00
        1011  0.0000000E+00
        1012  0.0000000E+00
        1013  0.0000000E+00
        1014  0.0000000E+00
        1015  0.0000000E+00
        1016  0.0000000E+00
        1017  0.0000000E+00
        1018  0.0000000E+00
        1019  0.0000000E+00
        1020  0.0000000E+00
        1021  0.0000000E+00
        1022  0.0000000E+00
        1023  0.0000000E+00
        1024  0.0000000E+00
