 #   Y    A
           1  0.0000000E+00
           2  0.0000000E+00
           3  0.0000000E+00
           4  0.0000000E+00
           5  0.0000000E+00
           6  0.0000000E+00
           7  0.0000000E+00
           8  0.0000000E+00
           9  0.0000000E+00
          10  0.0000000E+00
          11  0.0000000E+00
          12  0.0000000E+00
          13  0.0000000E+00
          14  0.0000000E+00
          15  0.0000000E+00
          16  0.0000000E+00
          17  0.0000000E+00
          18  0.0000000E+00
          19  0.0000000E+00
          20  0.0000000E+00
          21  0.0000000E+00
          22  0.0000000E+00
          23  0.0000000E+00
          24  0.0000000E+00
          25  0.0000000E+00
          26  0.0000000E+00
          27  0.0000000E+00
          28  0.0000000E+00
          29  0.0000000E+00
          30  0.0000000E+00
          31  0.0000000E+00
          32  0.0000000E+00
          33  0.0000000E+00
          34  0.0000000E+00
          35  0.0000000E+00
          36  0.0000000E+00
          37  0.0000000E+00
          38  0.0000000E+00
          39  0.0000000E+00
          40  0.0000000E+00
          41  0.0000000E+00
          42  0.0000000E+00
          43  0.0000000E+00
          44  0.0000000E+00
          45  0.0000000E+00
          46  0.0000000E+00
          47  0.0000000E+00
          48  0.0000000E+00
          49  0.0000000E+00
          50  0.0000000E+00
          51  0.0000000E+00
          52  0.0000000E+00
          53  0.0000000E+00
          54  0.0000000E+00
          55  0.0000000E+00
          56  0.0000000E+00
          57  0.0000000E+00
          58  0.0000000E+00
          59  0.0000000E+00
          60  0.0000000E+00
          61  0.0000000E+00
          62  0.0000000E+00
          63  0.0000000E+00
          64  0.0000000E+00
          65  0.0000000E+00
          66  0.0000000E+00
          67  0.0000000E+00
          68  0.0000000E+00
          69  0.0000000E+00
          70  0.0000000E+00
          71  0.0000000E+00
          72  0.0000000E+00
          73  0.0000000E+00
          74  0.0000000E+00
          75  0.0000000E+00
          76  0.0000000E+00
          77  0.0000000E+00
          78  0.0000000E+00
          79  0.0000000E+00
          80  0.0000000E+00
          81  0.0000000E+00
          82  0.0000000E+00
          83  0.0000000E+00
          84  0.0000000E+00
          85  0.0000000E+00
          86  0.0000000E+00
          87  0.0000000E+00
          88  0.0000000E+00
          89  0.0000000E+00
          90  0.0000000E+00
          91  0.0000000E+00
          92  0.0000000E+00
          93  0.0000000E+00
          94  0.0000000E+00
          95  0.0000000E+00
          96  0.0000000E+00
          97  0.0000000E+00
          98  0.0000000E+00
          99  0.0000000E+00
         100  0.0000000E+00
         101  0.0000000E+00
         102  0.0000000E+00
         103  0.0000000E+00
         104  0.0000000E+00
         105  0.0000000E+00
         106  0.0000000E+00
         107  0.0000000E+00
         108  0.0000000E+00
         109  0.0000000E+00
         110  0.0000000E+00
         111  0.0000000E+00
         112  0.0000000E+00
         113  0.0000000E+00
         114  0.0000000E+00
         115  0.0000000E+00
         116  0.0000000E+00
         117  0.0000000E+00
         118  0.0000000E+00
         119  0.0000000E+00
         120  0.0000000E+00
         121  0.0000000E+00
         122  0.0000000E+00
         123  0.0000000E+00
         124  0.0000000E+00
         125  0.0000000E+00
         126  0.0000000E+00
         127  0.0000000E+00
         128  0.0000000E+00
         129  0.0000000E+00
         130  0.0000000E+00
         131  0.0000000E+00
         132  0.0000000E+00
         133  0.0000000E+00
         134  0.0000000E+00
         135  0.0000000E+00
         136  0.0000000E+00
         137  0.0000000E+00
         138  0.0000000E+00
         139  0.0000000E+00
         140  0.0000000E+00
         141  0.0000000E+00
         142  0.0000000E+00
         143  0.0000000E+00
         144  0.0000000E+00
         145  0.0000000E+00
         146  0.0000000E+00
         147  0.0000000E+00
         148  0.0000000E+00
         149  0.0000000E+00
         150  0.0000000E+00
         151  0.0000000E+00
         152  0.0000000E+00
         153  0.0000000E+00
         154  0.0000000E+00
         155  0.0000000E+00
         156  0.0000000E+00
         157  0.0000000E+00
         158  0.0000000E+00
         159  0.0000000E+00
         160  0.0000000E+00
         161  0.0000000E+00
         162  0.0000000E+00
         163  0.0000000E+00
         164  0.0000000E+00
         165  0.0000000E+00
         166  0.0000000E+00
         167  0.0000000E+00
         168  0.0000000E+00
         169  0.0000000E+00
         170  0.0000000E+00
         171  0.0000000E+00
         172  0.0000000E+00
         173  0.0000000E+00
         174  0.0000000E+00
         175  0.0000000E+00
         176  0.0000000E+00
         177  0.0000000E+00
         178  0.0000000E+00
         179  0.0000000E+00
         180  0.0000000E+00
         181  0.0000000E+00
         182  0.0000000E+00
         183  0.0000000E+00
         184  0.0000000E+00
         185  0.0000000E+00
         186  0.0000000E+00
         187  0.0000000E+00
         188  0.0000000E+00
         189  0.0000000E+00
         190  0.0000000E+00
         191  0.0000000E+00
         192  0.0000000E+00
         193  0.0000000E+00
         194  0.0000000E+00
         195  0.0000000E+00
         196  0.0000000E+00
         197  0.0000000E+00
         198  0.0000000E+00
         199  0.0000000E+00
         200  0.0000000E+00
         201  0.0000000E+00
         202  0.0000000E+00
         203  0.0000000E+00
         204  0.0000000E+00
         205  0.0000000E+00
         206  0.0000000E+00
         207  0.0000000E+00
         208  0.0000000E+00
         209  0.0000000E+00
         210  0.0000000E+00
         211  0.0000000E+00
         212  0.0000000E+00
         213  0.0000000E+00
         214  0.0000000E+00
         215  0.0000000E+00
         216  0.0000000E+00
         217  0.0000000E+00
         218  0.0000000E+00
         219  0.0000000E+00
         220  0.0000000E+00
         221  0.0000000E+00
         222  0.0000000E+00
         223  0.0000000E+00
         224  0.0000000E+00
         225  0.0000000E+00
         226  0.0000000E+00
         227  0.0000000E+00
         228  0.0000000E+00
         229  0.0000000E+00
         230  0.0000000E+00
         231  0.0000000E+00
         232  0.0000000E+00
         233  0.0000000E+00
         234  0.0000000E+00
         235  0.0000000E+00
         236  0.0000000E+00
         237  0.0000000E+00
         238  0.0000000E+00
         239  0.0000000E+00
         240  0.0000000E+00
         241  0.0000000E+00
         242  0.0000000E+00
         243  0.0000000E+00
         244  0.0000000E+00
         245  0.0000000E+00
         246  0.0000000E+00
         247  0.0000000E+00
         248  0.0000000E+00
         249  0.0000000E+00
         250  0.0000000E+00
         251  0.0000000E+00
         252  0.0000000E+00
         253  0.0000000E+00
         254  0.0000000E+00
         255  0.0000000E+00
         256  0.0000000E+00
         257  0.0000000E+00
         258  0.0000000E+00
         259  0.0000000E+00
         260  0.0000000E+00
         261  0.0000000E+00
         262  0.0000000E+00
         263  0.0000000E+00
         264  0.0000000E+00
         265  0.0000000E+00
         266  0.0000000E+00
         267  0.0000000E+00
         268  0.0000000E+00
         269  0.0000000E+00
         270  0.0000000E+00
         271  0.0000000E+00
         272  0.0000000E+00
         273  0.0000000E+00
         274  0.0000000E+00
         275  0.0000000E+00
         276  0.0000000E+00
         277  0.0000000E+00
         278  0.0000000E+00
         279  0.0000000E+00
         280  0.0000000E+00
         281  0.0000000E+00
         282  0.0000000E+00
         283  0.0000000E+00
         284  0.0000000E+00
         285  0.0000000E+00
         286  0.0000000E+00
         287  0.0000000E+00
         288  0.0000000E+00
         289  0.0000000E+00
         290  0.0000000E+00
         291  0.0000000E+00
         292  0.0000000E+00
         293  0.0000000E+00
         294  0.0000000E+00
         295  0.0000000E+00
         296  0.0000000E+00
         297  0.0000000E+00
         298  0.0000000E+00
         299  0.0000000E+00
         300  0.0000000E+00
         301  0.0000000E+00
         302  0.0000000E+00
         303  0.0000000E+00
         304  0.0000000E+00
         305  0.0000000E+00
         306  0.0000000E+00
         307  0.0000000E+00
         308  0.0000000E+00
         309  0.0000000E+00
         310  0.0000000E+00
         311  0.0000000E+00
         312  0.0000000E+00
         313  0.0000000E+00
         314  0.0000000E+00
         315  0.0000000E+00
         316  0.0000000E+00
         317  0.0000000E+00
         318  0.0000000E+00
         319  0.0000000E+00
         320  0.0000000E+00
         321  0.0000000E+00
         322  0.0000000E+00
         323  0.0000000E+00
         324  0.0000000E+00
         325  0.0000000E+00
         326  0.0000000E+00
         327  0.0000000E+00
         328  0.0000000E+00
         329  0.0000000E+00
         330  0.0000000E+00
         331  0.0000000E+00
         332  0.0000000E+00
         333  0.0000000E+00
         334  0.0000000E+00
         335   1.059062    
         336   9.002025    
         337   13.76780    
         338   21.71077    
         339   29.12420    
         340   28.59467    
         341   29.65373    
         342   33.36045    
         343   31.77185    
         344   27.00607    
         345   31.77185    
         346   38.65575    
         347   48.71684    
         348   34.41951    
         349   30.71279    
         350   33.88998    
         351   33.36045    
         352   38.65575    
         353   38.12622    
         354   33.88998    
         355   41.30341    
         356   48.18731    
         357   43.42153    
         358   41.83294    
         359   40.77388    
         360   48.18731    
         361   50.83496    
         362   54.54168    
         363   47.12825    
         364   41.83294    
         365   45.01012    
         366   47.65778    
         367   39.71482    
         368   49.77590    
         369   58.24840    
         370   41.30341    
         371   47.65778    
         372   37.59669    
         373   52.95309    
         374   60.36652    
         375   49.77590    
         376   51.89403    
         377   57.71886    
         378   54.54168    
         379   55.60074    
         380   66.19136    
         381   65.66183    
         382   54.54168    
         383   57.18933    
         384   64.07323    
         385   73.60479    
         386   70.42760    
         387   58.77793    
         388   76.25245    
         389   67.25042    
         390   67.25042    
         391   83.66588    
         392   80.48869    
         393   78.37057    
         394   74.66386    
         395   89.49072    
         396   91.60884    
         397   94.25650    
         398   88.96119    
         399   95.31556    
         400   98.49274    
         401   95.84509    
         402   123.3807    
         403   120.2035    
         404   110.6720    
         405   113.8491    
         406   133.9713    
         407   138.7371    
         408   155.1525    
         409   151.4458    
         410   164.1546    
         411   180.5700    
         412   191.6902    
         413   203.8694    
         414   212.8714    
         415   242.5251    
         416   271.6494    
         417   276.9446    
         418   322.4843    
         419   332.0159    
         420   386.0280    
         421   396.0891    
         422   462.2805    
         423   507.8201    
         424   584.0726    
         425   675.6814    
         426   748.7567    
         427   764.6426    
         428   746.1090    
         429   760.4064    
         430   754.5815    
         431   790.5896    
         432   759.3473    
         433   727.5754    
         434   730.2231    
         435   727.0459    
         436   738.1661    
         437   705.3351    
         438   738.6956    
         439   720.6915    
         440   701.0989    
         441   756.1701    
         442   692.0969    
         443   722.8097    
         444   744.5204    
         445   751.9338    
         446   775.2332    
         447   766.7607    
         448   812.3004    
         449   786.3533    
         450   800.6507    
         451   858.3696    
         452   823.4205    
         453   901.2615    
         454   921.3837    
         455   938.8583    
         456   990.7523    
         457   1029.938    
         458   1080.243    
         459   1112.544    
         460   1193.033    
         461   1218.451    
         462   1240.691    
         463   1324.357    
         464   1367.778    
         465   1346.068    
         466   1441.383    
         467   1404.845    
         468   1411.200    
         469   1410.141    
         470   1466.271    
         471   1494.336    
         472   1527.167    
         473   1593.888    
         474   1618.776    
         475   1742.686    
         476   1861.831    
         477   1987.329    
         478   2171.077    
         479   2340.527    
         480   2369.121    
         481   2564.518    
         482   2950.546    
         483   3579.099    
         484   4652.458    
         485   5490.176    
         486   5324.962    
         487   4435.351    
         488   4843.619    
         489   4134.047    
         490   3271.971    
         491   2891.768    
         492   2663.540    
         493   2557.634    
         494   2400.893    
         495   2303.459    
         496   2101.708    
         497   2014.335    
         498   1838.531    
         499   1780.812    
         500   1701.912    
         501   1674.377    
         502   1677.024    
         503   1672.788    
         504   1653.195    
         505   1559.998    
         506   1521.342    
         507   1466.271    
         508   1462.564    
         509   1366.719    
         510   1381.017    
         511   1414.377    
         512   1402.727    
         513   1359.835    
         514   1332.829    
         515   1335.477    
         516   1266.638    
         517   1267.167    
         518   1276.169    
         519   1246.516    
         520   1276.699    
         521   1243.868    
         522   1203.624    
         523   1215.273    
         524   1186.679    
         525   1215.273    
         526   1200.976    
         527   1140.080    
         528   1141.139    
         529   1151.730    
         530   1143.257    
         531   1137.432    
         532   1153.848    
         533   1113.074    
         534   1121.017    
         535   1140.609    
         536   1101.954    
         537   1107.249    
         538   1142.728    
         539   1105.661    
         540   1057.473    
         541   1137.962    
         542   1075.477    
         543   1054.296    
         544   1127.901    
         545   1059.062    
         546   1155.966    
         547   1079.714    
         548   1161.791    
         549   1106.719    
         550   1077.066    
         551   1080.243    
         552   1073.359    
         553   1051.119    
         554   1086.597    
         555   1019.347    
         556   1127.371    
         557   1041.058    
         558   1031.526    
         559   1072.300    
         560   1016.170    
         561   1081.832    
         562   1019.347    
         563   1005.579    
         564   1043.705    
         565   1051.119    
         566   1065.416    
         567   1035.762    
         568   1012.463    
         569   1073.359    
         570   1049.001    
         571   1009.286    
         572   1064.357    
         573   1053.766    
         574   1065.946    
         575   1090.304    
         576   1051.648    
         577   1065.416    
         578   1073.889    
         579   1060.650    
         580   1115.722    
         581   1052.178    
         582   1045.823    
         583   1041.058    
         584   1034.703    
         585   1070.182    
         586   1042.646    
         587   1069.123    
         588   1070.182    
         589   1034.703    
         590   1080.243    
         591   1057.473    
         592   1072.300    
         593   1093.481    
         594   1066.475    
         595   1065.946    
         596   997.6362    
         597   1117.840    
         598   1046.353    
         599   1041.058    
         600   1072.830    
         601   954.2147    
         602   1051.648    
         603   990.7523    
         604   1046.883    
         605   1057.473    
         606   1065.416    
         607   1080.773    
         608   1031.526    
         609   1100.365    
         610   1088.186    
         611   1124.194    
         612   1079.184    
         613   1095.599    
         614   1084.479    
         615   1130.019    
         616   1104.601    
         617   1096.658    
         618   1079.184    
         619   1142.198    
         620   1033.115    
         621   1058.532    
         622   1145.905    
         623   1076.007    
         624   1068.064    
         625   1112.015    
         626   1045.294    
         627   1116.781    
         628   1047.942    
         629   1054.826    
         630   1079.714    
         631   1031.526    
         632   1035.762    
         633   1048.471    
         634   1041.058    
         635   1025.701    
         636   1076.007    
         637   990.2228    
         638   1064.357    
         639   1055.885    
         640   1046.883    
         641   1025.172    
         642   1004.520    
         643   1008.227    
         644   969.5710    
         645   926.1495    
         646   976.4550    
         647   943.6240    
         648   886.9642    
         649   928.7972    
         650   862.6058    
         651   841.9541    
         652   820.7729    
         653   797.4735    
         654   747.1681    
         655   728.6345    
         656   691.0378    
         657   670.9156    
         658   656.6183    
         659   612.1377    
         660   633.8484    
         661   583.0135    
         662   570.8343    
         663   549.1235    
         664   515.2335    
         665   516.8221    
         666   493.5228    
         667   481.3436    
         668   461.2214    
         669   434.2153    
         670   454.3375    
         671   441.6288    
         672   416.2113    
         673   417.7999    
         674   406.1502    
         675   398.2072    
         676   389.7347    
         677   360.0810    
         678   378.0851    
         679   354.2562    
         680   338.3702    
         681   327.2501    
         682   321.4252    
         683   330.4273    
         684   305.5393    
         685   298.1259    
         686   305.0098    
         687   300.7735    
         688   296.5373    
         689   281.1809    
         690   287.5353    
         691   267.4131    
         692   273.2379    
         693   277.4742    
         694   267.9426    
         695   246.7614    
         696   266.3540    
         697   248.3500    
         698   258.9406    
         699   232.4641    
         700   229.8164    
         701   212.8714    
         702   225.0506    
         703   223.9916    
         704   229.2869    
         705   185.3358    
         706   198.0446    
         707   195.3969    
         708   194.8674    
         709   194.3378    
         710   182.6882    
         711   172.0975    
         712   167.3318    
         713   176.3338    
         714   177.3929    
         715   165.2136    
         716   156.2116    
         717   142.4438    
         718   153.5640    
         719   148.2686    
         720   141.3848    
         721   137.6780    
         722   131.8532    
         723   127.0874    
         724   119.6740    
         725   115.4377    
         726   95.84509    
         727   54.01215    
         728  0.0000000E+00
         729  0.0000000E+00
         730  0.0000000E+00
         731  0.0000000E+00
         732  0.0000000E+00
         733  0.0000000E+00
         734  0.0000000E+00
         735  0.0000000E+00
         736  0.0000000E+00
         737  0.0000000E+00
         738  0.0000000E+00
         739  0.0000000E+00
         740  0.0000000E+00
         741  0.0000000E+00
         742  0.0000000E+00
         743  0.0000000E+00
         744  0.0000000E+00
         745  0.0000000E+00
         746  0.0000000E+00
         747  0.0000000E+00
         748  0.0000000E+00
         749  0.0000000E+00
         750  0.0000000E+00
         751  0.0000000E+00
         752  0.0000000E+00
         753  0.0000000E+00
         754  0.0000000E+00
         755  0.0000000E+00
         756  0.0000000E+00
         757  0.0000000E+00
         758  0.0000000E+00
         759  0.0000000E+00
         760  0.0000000E+00
         761  0.0000000E+00
         762  0.0000000E+00
         763  0.0000000E+00
         764  0.0000000E+00
         765  0.0000000E+00
         766  0.0000000E+00
         767  0.0000000E+00
         768  0.0000000E+00
         769  0.0000000E+00
         770  0.0000000E+00
         771  0.0000000E+00
         772  0.0000000E+00
         773  0.0000000E+00
         774  0.0000000E+00
         775  0.0000000E+00
         776  0.0000000E+00
         777  0.0000000E+00
         778  0.0000000E+00
         779  0.0000000E+00
         780  0.0000000E+00
         781  0.0000000E+00
         782  0.0000000E+00
         783  0.0000000E+00
         784  0.0000000E+00
         785  0.0000000E+00
         786  0.0000000E+00
         787  0.0000000E+00
         788  0.0000000E+00
         789  0.0000000E+00
         790  0.0000000E+00
         791  0.0000000E+00
         792  0.0000000E+00
         793  0.0000000E+00
         794  0.0000000E+00
         795  0.0000000E+00
         796  0.0000000E+00
         797  0.0000000E+00
         798  0.0000000E+00
         799  0.0000000E+00
         800  0.0000000E+00
         801  0.0000000E+00
         802  0.0000000E+00
         803  0.0000000E+00
         804  0.0000000E+00
         805  0.0000000E+00
         806  0.0000000E+00
         807  0.0000000E+00
         808  0.0000000E+00
         809  0.0000000E+00
         810  0.0000000E+00
         811  0.0000000E+00
         812  0.0000000E+00
         813  0.0000000E+00
         814  0.0000000E+00
         815  0.0000000E+00
         816  0.0000000E+00
         817  0.0000000E+00
         818  0.0000000E+00
         819  0.0000000E+00
         820  0.0000000E+00
         821  0.0000000E+00
         822  0.0000000E+00
         823  0.0000000E+00
         824  0.0000000E+00
         825  0.0000000E+00
         826  0.0000000E+00
         827  0.0000000E+00
         828  0.0000000E+00
         829  0.0000000E+00
         830  0.0000000E+00
         831  0.0000000E+00
         832  0.0000000E+00
         833  0.0000000E+00
         834  0.0000000E+00
         835  0.0000000E+00
         836  0.0000000E+00
         837  0.0000000E+00
         838  0.0000000E+00
         839  0.0000000E+00
         840  0.0000000E+00
         841  0.0000000E+00
         842  0.0000000E+00
         843  0.0000000E+00
         844  0.0000000E+00
         845  0.0000000E+00
         846  0.0000000E+00
         847  0.0000000E+00
         848  0.0000000E+00
         849  0.0000000E+00
         850  0.0000000E+00
         851  0.0000000E+00
         852  0.0000000E+00
         853  0.0000000E+00
         854  0.0000000E+00
         855  0.0000000E+00
         856  0.0000000E+00
         857  0.0000000E+00
         858  0.0000000E+00
         859  0.0000000E+00
         860  0.0000000E+00
         861  0.0000000E+00
         862  0.0000000E+00
         863  0.0000000E+00
         864  0.0000000E+00
         865  0.0000000E+00
         866  0.0000000E+00
         867  0.0000000E+00
         868  0.0000000E+00
         869  0.0000000E+00
         870  0.0000000E+00
         871  0.0000000E+00
         872  0.0000000E+00
         873  0.0000000E+00
         874  0.0000000E+00
         875  0.0000000E+00
         876  0.0000000E+00
         877  0.0000000E+00
         878  0.0000000E+00
         879  0.0000000E+00
         880  0.0000000E+00
         881  0.0000000E+00
         882  0.0000000E+00
         883  0.0000000E+00
         884  0.0000000E+00
         885  0.0000000E+00
         886  0.0000000E+00
         887  0.0000000E+00
         888  0.0000000E+00
         889  0.0000000E+00
         890  0.0000000E+00
         891  0.0000000E+00
         892  0.0000000E+00
         893  0.0000000E+00
         894  0.0000000E+00
         895  0.0000000E+00
         896  0.0000000E+00
         897  0.0000000E+00
         898  0.0000000E+00
         899  0.0000000E+00
         900  0.0000000E+00
         901  0.0000000E+00
         902  0.0000000E+00
         903  0.0000000E+00
         904  0.0000000E+00
         905  0.0000000E+00
         906  0.0000000E+00
         907  0.0000000E+00
         908  0.0000000E+00
         909  0.0000000E+00
         910  0.0000000E+00
         911  0.0000000E+00
         912  0.0000000E+00
         913  0.0000000E+00
         914  0.0000000E+00
         915  0.0000000E+00
         916  0.0000000E+00
         917  0.0000000E+00
         918  0.0000000E+00
         919  0.0000000E+00
         920  0.0000000E+00
         921  0.0000000E+00
         922  0.0000000E+00
         923  0.0000000E+00
         924  0.0000000E+00
         925  0.0000000E+00
         926  0.0000000E+00
         927  0.0000000E+00
         928  0.0000000E+00
         929  0.0000000E+00
         930  0.0000000E+00
         931  0.0000000E+00
         932  0.0000000E+00
         933  0.0000000E+00
         934  0.0000000E+00
         935  0.0000000E+00
         936  0.0000000E+00
         937  0.0000000E+00
         938  0.0000000E+00
         939  0.0000000E+00
         940  0.0000000E+00
         941  0.0000000E+00
         942  0.0000000E+00
         943  0.0000000E+00
         944  0.0000000E+00
         945  0.0000000E+00
         946  0.0000000E+00
         947  0.0000000E+00
         948  0.0000000E+00
         949  0.0000000E+00
         950  0.0000000E+00
         951  0.0000000E+00
         952  0.0000000E+00
         953  0.0000000E+00
         954  0.0000000E+00
         955  0.0000000E+00
         956  0.0000000E+00
         957  0.0000000E+00
         958  0.0000000E+00
         959  0.0000000E+00
         960  0.0000000E+00
         961  0.0000000E+00
         962  0.0000000E+00
         963  0.0000000E+00
         964  0.0000000E+00
         965  0.0000000E+00
         966  0.0000000E+00
         967  0.0000000E+00
         968  0.0000000E+00
         969  0.0000000E+00
         970  0.0000000E+00
         971  0.0000000E+00
         972  0.0000000E+00
         973  0.0000000E+00
         974  0.0000000E+00
         975  0.0000000E+00
         976  0.0000000E+00
         977  0.0000000E+00
         978  0.0000000E+00
         979  0.0000000E+00
         980  0.0000000E+00
         981  0.0000000E+00
         982  0.0000000E+00
         983  0.0000000E+00
         984  0.0000000E+00
         985  0.0000000E+00
         986  0.0000000E+00
         987  0.0000000E+00
         988  0.0000000E+00
         989  0.0000000E+00
         990  0.0000000E+00
         991  0.0000000E+00
         992  0.0000000E+00
         993  0.0000000E+00
         994  0.0000000E+00
         995  0.0000000E+00
         996  0.0000000E+00
         997  0.0000000E+00
         998  0.0000000E+00
         999  0.0000000E+00
        1000  0.0000000E+00
        1001  0.0000000E+00
        1002  0.0000000E+00
        1003  0.0000000E+00
        1004  0.0000000E+00
        1005  0.0000000E+00
        1006  0.0000000E+00
        1007  0.0000000E+00
        1008  0.0000000E+00
        1009  0.0000000E+00
        1010  0.0000000E+00
        1011  0.0000000E+00
        1012  0.0000000E+00
        1013  0.0000000E+00
        1014  0.0000000E+00
        1015  0.0000000E+00
        1016  0.0000000E+00
        1017  0.0000000E+00
        1018  0.0000000E+00
        1019  0.0000000E+00
        1020  0.0000000E+00
        1021  0.0000000E+00
        1022  0.0000000E+00
        1023  0.0000000E+00
        1024  0.0000000E+00
