 #   Y    A
           1  0.0000000E+00
           2  0.0000000E+00
           3  0.0000000E+00
           4  0.0000000E+00
           5  0.0000000E+00
           6  0.0000000E+00
           7  0.0000000E+00
           8  0.0000000E+00
           9  0.0000000E+00
          10  0.0000000E+00
          11  0.0000000E+00
          12  0.0000000E+00
          13  0.0000000E+00
          14  0.0000000E+00
          15  0.0000000E+00
          16  0.0000000E+00
          17  0.0000000E+00
          18  0.0000000E+00
          19  0.0000000E+00
          20  0.0000000E+00
          21  0.0000000E+00
          22  0.0000000E+00
          23  0.0000000E+00
          24  0.0000000E+00
          25  0.0000000E+00
          26  0.0000000E+00
          27  0.0000000E+00
          28  0.0000000E+00
          29  0.0000000E+00
          30  0.0000000E+00
          31  0.0000000E+00
          32  0.0000000E+00
          33  0.0000000E+00
          34  0.0000000E+00
          35  0.0000000E+00
          36  0.0000000E+00
          37  0.0000000E+00
          38  0.0000000E+00
          39  0.0000000E+00
          40  0.0000000E+00
          41  0.0000000E+00
          42  0.0000000E+00
          43  0.0000000E+00
          44  0.0000000E+00
          45  0.0000000E+00
          46  0.0000000E+00
          47  0.0000000E+00
          48  0.0000000E+00
          49  0.0000000E+00
          50  0.0000000E+00
          51  0.0000000E+00
          52  0.0000000E+00
          53  0.0000000E+00
          54  0.0000000E+00
          55  0.0000000E+00
          56  0.0000000E+00
          57  0.0000000E+00
          58  0.0000000E+00
          59  0.0000000E+00
          60  0.0000000E+00
          61  0.0000000E+00
          62  0.0000000E+00
          63  0.0000000E+00
          64  0.0000000E+00
          65  0.0000000E+00
          66  0.0000000E+00
          67  0.0000000E+00
          68  0.0000000E+00
          69  0.0000000E+00
          70  0.0000000E+00
          71  0.0000000E+00
          72  0.0000000E+00
          73  0.0000000E+00
          74  0.0000000E+00
          75  0.0000000E+00
          76  0.0000000E+00
          77  0.0000000E+00
          78  0.0000000E+00
          79  0.0000000E+00
          80  0.0000000E+00
          81  0.0000000E+00
          82  0.0000000E+00
          83  0.0000000E+00
          84  0.0000000E+00
          85  0.0000000E+00
          86  0.0000000E+00
          87  0.0000000E+00
          88  0.0000000E+00
          89  0.0000000E+00
          90  0.0000000E+00
          91  0.0000000E+00
          92  0.0000000E+00
          93  0.0000000E+00
          94  0.0000000E+00
          95  0.0000000E+00
          96  0.0000000E+00
          97  0.0000000E+00
          98  0.0000000E+00
          99  0.0000000E+00
         100  0.0000000E+00
         101  0.0000000E+00
         102  0.0000000E+00
         103  0.0000000E+00
         104  0.0000000E+00
         105  0.0000000E+00
         106  0.0000000E+00
         107  0.0000000E+00
         108  0.0000000E+00
         109  0.0000000E+00
         110  0.0000000E+00
         111  0.0000000E+00
         112  0.0000000E+00
         113  0.0000000E+00
         114  0.0000000E+00
         115  0.0000000E+00
         116  0.0000000E+00
         117  0.0000000E+00
         118  0.0000000E+00
         119  0.0000000E+00
         120  0.0000000E+00
         121  0.0000000E+00
         122  0.0000000E+00
         123  0.0000000E+00
         124  0.0000000E+00
         125  0.0000000E+00
         126  0.0000000E+00
         127  0.0000000E+00
         128  0.0000000E+00
         129  0.0000000E+00
         130  0.0000000E+00
         131  0.0000000E+00
         132  0.0000000E+00
         133  0.0000000E+00
         134  0.0000000E+00
         135  0.0000000E+00
         136  0.0000000E+00
         137  0.0000000E+00
         138  0.0000000E+00
         139  0.0000000E+00
         140  0.0000000E+00
         141  0.0000000E+00
         142  0.0000000E+00
         143  0.0000000E+00
         144  0.0000000E+00
         145  0.0000000E+00
         146  0.0000000E+00
         147  0.0000000E+00
         148  0.0000000E+00
         149  0.0000000E+00
         150  0.0000000E+00
         151  0.0000000E+00
         152  0.0000000E+00
         153  0.0000000E+00
         154  0.0000000E+00
         155  0.0000000E+00
         156  0.0000000E+00
         157  0.0000000E+00
         158  0.0000000E+00
         159  0.0000000E+00
         160  0.0000000E+00
         161  0.0000000E+00
         162  0.0000000E+00
         163  0.0000000E+00
         164  0.0000000E+00
         165  0.0000000E+00
         166  0.0000000E+00
         167  0.0000000E+00
         168  0.0000000E+00
         169  0.0000000E+00
         170  0.0000000E+00
         171  0.0000000E+00
         172  0.0000000E+00
         173  0.0000000E+00
         174  0.0000000E+00
         175  0.0000000E+00
         176  0.0000000E+00
         177  0.0000000E+00
         178  0.0000000E+00
         179  0.0000000E+00
         180  0.0000000E+00
         181  0.0000000E+00
         182  0.0000000E+00
         183  0.0000000E+00
         184  0.0000000E+00
         185  0.0000000E+00
         186  0.0000000E+00
         187  0.0000000E+00
         188  0.0000000E+00
         189  0.0000000E+00
         190  0.0000000E+00
         191  0.0000000E+00
         192  0.0000000E+00
         193  0.0000000E+00
         194  0.0000000E+00
         195  0.0000000E+00
         196  0.0000000E+00
         197  0.0000000E+00
         198  0.0000000E+00
         199  0.0000000E+00
         200  0.0000000E+00
         201  0.0000000E+00
         202  0.0000000E+00
         203  0.0000000E+00
         204  0.0000000E+00
         205  0.0000000E+00
         206  0.0000000E+00
         207  0.0000000E+00
         208  0.0000000E+00
         209  0.0000000E+00
         210  0.0000000E+00
         211  0.0000000E+00
         212  0.0000000E+00
         213  0.0000000E+00
         214  0.0000000E+00
         215  0.0000000E+00
         216  0.0000000E+00
         217  0.0000000E+00
         218  0.0000000E+00
         219  0.0000000E+00
         220  0.0000000E+00
         221  0.0000000E+00
         222  0.0000000E+00
         223  0.0000000E+00
         224  0.0000000E+00
         225  0.0000000E+00
         226  0.0000000E+00
         227  0.0000000E+00
         228  0.0000000E+00
         229  0.0000000E+00
         230  0.0000000E+00
         231  0.0000000E+00
         232  0.0000000E+00
         233  0.0000000E+00
         234  0.0000000E+00
         235  0.0000000E+00
         236  0.0000000E+00
         237  0.0000000E+00
         238  0.0000000E+00
         239  0.0000000E+00
         240  0.0000000E+00
         241  0.0000000E+00
         242  0.0000000E+00
         243  0.0000000E+00
         244  0.0000000E+00
         245  0.0000000E+00
         246  0.0000000E+00
         247  0.0000000E+00
         248  0.0000000E+00
         249  0.0000000E+00
         250  0.0000000E+00
         251  0.0000000E+00
         252  0.0000000E+00
         253  0.0000000E+00
         254  0.0000000E+00
         255  0.0000000E+00
         256  0.0000000E+00
         257  0.0000000E+00
         258  0.0000000E+00
         259  0.0000000E+00
         260  0.0000000E+00
         261  0.0000000E+00
         262  0.0000000E+00
         263  0.0000000E+00
         264  0.0000000E+00
         265  0.0000000E+00
         266  0.0000000E+00
         267  0.0000000E+00
         268  0.0000000E+00
         269  0.0000000E+00
         270  0.0000000E+00
         271  0.0000000E+00
         272  0.0000000E+00
         273  0.0000000E+00
         274  0.0000000E+00
         275  0.0000000E+00
         276  0.0000000E+00
         277  0.0000000E+00
         278  0.0000000E+00
         279  0.0000000E+00
         280  0.0000000E+00
         281  0.0000000E+00
         282  0.0000000E+00
         283  0.0000000E+00
         284  0.0000000E+00
         285  0.0000000E+00
         286  0.0000000E+00
         287  0.0000000E+00
         288  0.0000000E+00
         289  0.0000000E+00
         290  0.0000000E+00
         291  0.0000000E+00
         292  0.0000000E+00
         293  0.0000000E+00
         294  0.0000000E+00
         295  0.0000000E+00
         296  0.0000000E+00
         297  0.0000000E+00
         298  0.0000000E+00
         299  0.0000000E+00
         300  0.0000000E+00
         301  0.0000000E+00
         302  0.0000000E+00
         303  0.0000000E+00
         304   1.588593    
         305   7.942963    
         306   13.76780    
         307   17.47452    
         308   22.24030    
         309   22.24030    
         310   25.94701    
         311   25.94701    
         312   27.53561    
         313   25.41748    
         314   22.76983    
         315   24.88795    
         316   22.24030    
         317   28.59467    
         318   40.24435    
         319   27.53561    
         320   27.00607    
         321   26.47654    
         322   21.18124    
         323   29.12420    
         324   27.53561    
         325   28.06514    
         326   36.53763    
         327   25.41748    
         328   29.65373    
         329   28.06514    
         330   30.71279    
         331   35.47857    
         332   34.94904    
         333   30.71279    
         334   32.30138    
         335   25.94701    
         336   36.53763    
         337   40.77388    
         338   39.71482    
         339   33.36045    
         340   38.12622    
         341   28.59467    
         342   29.65373    
         343   33.36045    
         344   32.30138    
         345   30.18326    
         346   34.94904    
         347   38.12622    
         348   44.48059    
         349   34.41951    
         350   40.24435    
         351   31.24232    
         352   34.41951    
         353   32.83091    
         354   43.42153    
         355   44.48059    
         356   47.65778    
         357   35.47857    
         358   35.47857    
         359   45.53966    
         360   34.94904    
         361   42.89200    
         362   31.24232    
         363   51.89403    
         364   47.65778    
         365   41.83294    
         366   40.77388    
         367   41.30341    
         368   51.36449    
         369   51.36449    
         370   53.48262    
         371   54.54168    
         372   53.48262    
         373   42.36247    
         374   51.89403    
         375   55.07121    
         376   52.95309    
         377   43.95107    
         378   69.36855    
         379   66.19136    
         380   47.65778    
         381   57.71886    
         382   58.77793    
         383   60.89605    
         384   64.60277    
         385   66.19136    
         386   78.37057    
         387   64.60277    
         388   72.54573    
         389   75.19338    
         390   76.25245    
         391   77.84104    
         392   75.19338    
         393   90.02025    
         394   102.7290    
         395   93.19743    
         396   96.37462    
         397   90.02025    
         398   103.2585    
         399   112.2605    
         400   115.9673    
         401   121.2626    
         402   130.2646    
         403   136.0894    
         404   141.9143    
         405   178.9814    
         406   157.8002    
         407   182.1586    
         408   189.5721    
         409   194.8674    
         410   225.0506    
         411   214.4600    
         412   240.4070    
         413   265.2950    
         414   302.8917    
         415   300.7735    
         416   305.0098    
         417   327.2501    
         418   335.7226    
         419   367.4944    
         420   364.3173    
         421   362.1991    
         422   389.2052    
         423   377.5555    
         424   381.7918    
         425   386.5576    
         426   375.4374    
         427   386.5576    
         428   356.3743    
         429   393.4414    
         430   388.1461    
         431   377.5555    
         432   398.2072    
         433   425.2133    
         434   429.9791    
         435   456.4556    
         436   454.8670    
         437   481.3436    
         438   499.3476    
         439   509.9382    
         440   538.5329    
         441   534.8262    
         442   544.3577    
         443   567.1276    
         444   572.4229    
         445   602.6061    
         446   619.5511    
         447   661.3841    
         448   682.0358    
         449   694.7445    
         450   719.1030    
         451   777.8809    
         452   804.3574    
         453   866.3125    
         454   860.4877    
         455   917.6770    
         456   975.9254    
         457   1022.524    
         458   1030.997    
         459   1036.292    
         460   1106.190    
         461   1085.538    
         462   1087.656    
         463   1118.899    
         464   1061.180    
         465   1104.601    
         466   1057.473    
         467   1067.534    
         468   1045.823    
         469   1002.931    
         470   1002.402    
         471   1017.758    
         472   970.1006    
         473   993.4000    
         474   943.6240    
         475   1005.050    
         476   980.6912    
         477   1014.052    
         478   996.0476    
         479   1007.697    
         480   1024.113    
         481   1040.528    
         482   1055.885    
         483   1073.359    
         484   1086.597    
         485   1100.895    
         486   1099.836    
         487   1130.548    
         488   1101.424    
         489   1151.200    
         490   1139.550    
         491   1160.202    
         492   1112.015    
         493   1154.907    
         494   1138.491    
         495   1127.371    
         496   1150.141    
         497   1142.198    
         498   1122.076    
         499   1161.791    
         500   1175.559    
         501   1179.265    
         502   1179.265    
         503   1200.976    
         504   1220.569    
         505   1216.332    
         506   1226.394    
         507   1218.980    
         508   1262.402    
         509   1189.326    
         510   1246.516    
         511   1213.155    
         512   1221.098    
         513   1260.283    
         514   1221.628    
         515   1217.921    
         516   1247.575    
         517   1257.636    
         518   1254.459    
         519   1279.876    
         520   1310.589    
         521   1290.996    
         522   1298.939    
         523   1358.776    
         524   1343.420    
         525   1367.249    
         526   1392.137    
         527   1434.499    
         528   1465.212    
         529   1537.228    
         530   1541.464    
         531   1605.538    
         532   1634.132    
         533   1726.271    
         534   1767.045    
         535   1898.898    
         536   1898.898    
         537   1969.855    
         538   2020.160    
         539   2022.278    
         540   2045.048    
         541   2078.409    
         542   2096.413    
         543   2172.665    
         544   2280.689    
         545   2422.604    
         546   2631.239    
         547   2768.917    
         548   2928.835    
         549   3298.977    
         550   3533.030    
         551   3907.938    
         552   4253.192    
         553   4800.197    
         554   5003.008    
         555   5714.168    
         556   6050.949    
         557   5784.595    
         558   5296.368    
         559   4262.194    
         560   3198.366    
         561   2552.868    
         562   2281.749    
         563   1948.674    
         564   1907.370    
         565   1794.051    
         566   1714.621    
         567   1606.067    
         568   1525.049    
         569   1532.992    
         570   1433.970    
         571   1414.906    
         572   1406.434    
         573   1354.010    
         574   1346.068    
         575   1330.182    
         576   1341.302    
         577   1295.762    
         578   1309.530    
         579   1245.986    
         580   1215.273    
         581   1232.218    
         582   1220.039    
         583   1197.799    
         584   1187.738    
         585   1151.730    
         586   1162.320    
         587   1108.838    
         588   1166.027    
         589   1127.371    
         590   1081.832    
         591   1149.612    
         592   1126.842    
         593   1115.722    
         594   1098.247    
         595   1067.005    
         596   1097.718    
         597   1060.650    
         598   1071.241    
         599   1081.302    
         600   1069.123    
         601   1109.897    
         602   1083.420    
         603   1053.237    
         604   1051.119    
         605   1052.178    
         606   1022.524    
         607   1076.007    
         608   1013.522    
         609   1046.353    
         610   1041.587    
         611   1024.113    
         612   952.0966    
         613   972.7482    
         614   964.2758    
         615   957.3918    
         616   973.2778    
         617   901.2615    
         618   911.3226    
         619   931.9744    
         620   935.1516    
         621   912.3817    
         622   927.7381    
         623   919.2656    
         624   913.4408    
         625   935.6811    
         626   927.7381    
         627   902.8502    
         628   944.1536    
         629   888.5528    
         630   871.6078    
         631   888.0233    
         632   885.9052    
         633   854.6628    
         634   874.7850    
         635   881.1394    
         636   846.1904    
         637   862.6058    
         638   835.5997    
         639   822.3615    
         640   806.4755    
         641   838.7769    
         642   786.8829    
         643   824.4796    
         644   805.9460    
         645   789.0010    
         646   831.3635    
         647   764.1130    
         648   762.5245    
         649   768.8788    
         650   772.5856    
         651   739.7546    
         652   765.1721    
         653   721.7506    
         654   715.9258    
         655   731.2822    
         656   689.9788    
         657   704.8056    
         658   695.2740    
         659   674.6223    
         660   676.2109    
         661   660.8546    
         662   665.0908    
         663   652.3820    
         664   647.0867    
         665   629.6122    
         666   638.6143    
         667   592.5450    
         668   588.3088    
         669   577.7182    
         670   602.0766    
         671   565.0095    
         672   541.7101    
         673   554.9484    
         674   549.1235    
         675   513.1154    
         676   533.2376    
         677   485.0503    
         678   494.0523    
         679   496.7000    
         680   478.1664    
         681   480.8140    
         682   477.6369    
         683   448.5127    
         684   454.8670    
         685   432.0972    
         686   417.7999    
         687   438.9811    
         688   353.1971    
         689   372.7897    
         690   365.9059    
         691   346.3132    
         692   344.7246    
         693   335.7226    
         694   346.8427    
         695   328.8387    
         696   326.7206    
         697   312.9528    
         698   326.1910    
         699   286.4762    
         700   309.2460    
         701   296.0078    
         702   290.7125    
         703   289.6534    
         704   279.5923    
         705   281.7104    
         706   289.1239    
         707   262.6473    
         708   255.2339    
         709   261.0587    
         710   250.4681    
         711   249.4090    
         712   240.9366    
         713   232.9936    
         714   246.7614    
         715   225.5802    
         716   223.9916    
         717   236.7003    
         718   202.2808    
         719   219.2258    
         720   214.9895    
         721   211.2828    
         722   205.4580    
         723   191.1606    
         724   210.7533    
         725   187.4539    
         726   196.4560    
         727   187.4539    
         728   183.7472    
         729   195.3969    
         730   168.9203    
         731   185.8653    
         732   171.5680    
         733   177.3929    
         734   167.3318    
         735   170.5089    
         736   163.6250    
         737   169.9794    
         738   165.7432    
         739   155.1526    
         740   150.9163    
         741   162.5660    
         742   153.0344    
         743   154.0935    
         744   154.0935    
         745   144.5619    
         746   153.5639    
         747   140.8552    
         748   149.8572    
         749   141.9143    
         750   132.9122    
         751   139.7962    
         752   146.6801    
         753   117.0263    
         754   142.9733    
         755   140.8552    
         756   124.4398    
         757   129.2055    
         758   137.6780    
         759   128.6760    
         760   126.5579    
         761   117.0263    
         762   117.0263    
         763   124.4398    
         764   125.4988    
         765   112.7901    
         766   135.0304    
         767   117.0263    
         768   108.5538    
         769   112.7901    
         770   110.6720    
         771   106.4357    
         772   115.4377    
         773   109.6129    
         774   110.6720    
         775   103.7881    
         776   108.5538    
         777   102.7290    
         778   103.2585    
         779   91.07932    
         780   99.55180    
         781   97.43369    
         782   98.49274    
         783   101.6699    
         784   92.66791    
         785   93.72697    
         786   96.37462    
         787   86.84306    
         788   80.48869    
         789   95.84509    
         790   88.96119    
         791   85.25447    
         792   87.37260    
         793   93.19743    
         794   76.78197    
         795   89.49072    
         796   85.25447    
         797   83.66588    
         798   84.72495    
         799   88.96119    
         800   85.25447    
         801   105.9062    
         802   98.49274    
         803  0.0000000E+00
         804  0.0000000E+00
         805  0.0000000E+00
         806  0.0000000E+00
         807  0.0000000E+00
         808  0.0000000E+00
         809  0.0000000E+00
         810  0.0000000E+00
         811  0.0000000E+00
         812  0.0000000E+00
         813  0.0000000E+00
         814  0.0000000E+00
         815  0.0000000E+00
         816  0.0000000E+00
         817  0.0000000E+00
         818  0.0000000E+00
         819  0.0000000E+00
         820  0.0000000E+00
         821  0.0000000E+00
         822  0.0000000E+00
         823  0.0000000E+00
         824  0.0000000E+00
         825  0.0000000E+00
         826  0.0000000E+00
         827  0.0000000E+00
         828  0.0000000E+00
         829  0.0000000E+00
         830  0.0000000E+00
         831  0.0000000E+00
         832  0.0000000E+00
         833  0.0000000E+00
         834  0.0000000E+00
         835  0.0000000E+00
         836  0.0000000E+00
         837  0.0000000E+00
         838  0.0000000E+00
         839  0.0000000E+00
         840  0.0000000E+00
         841  0.0000000E+00
         842  0.0000000E+00
         843  0.0000000E+00
         844  0.0000000E+00
         845  0.0000000E+00
         846  0.0000000E+00
         847  0.0000000E+00
         848  0.0000000E+00
         849  0.0000000E+00
         850  0.0000000E+00
         851  0.0000000E+00
         852  0.0000000E+00
         853  0.0000000E+00
         854  0.0000000E+00
         855  0.0000000E+00
         856  0.0000000E+00
         857  0.0000000E+00
         858  0.0000000E+00
         859  0.0000000E+00
         860  0.0000000E+00
         861  0.0000000E+00
         862  0.0000000E+00
         863  0.0000000E+00
         864  0.0000000E+00
         865  0.0000000E+00
         866  0.0000000E+00
         867  0.0000000E+00
         868  0.0000000E+00
         869  0.0000000E+00
         870  0.0000000E+00
         871  0.0000000E+00
         872  0.0000000E+00
         873  0.0000000E+00
         874  0.0000000E+00
         875  0.0000000E+00
         876  0.0000000E+00
         877  0.0000000E+00
         878  0.0000000E+00
         879  0.0000000E+00
         880  0.0000000E+00
         881  0.0000000E+00
         882  0.0000000E+00
         883  0.0000000E+00
         884  0.0000000E+00
         885  0.0000000E+00
         886  0.0000000E+00
         887  0.0000000E+00
         888  0.0000000E+00
         889  0.0000000E+00
         890  0.0000000E+00
         891  0.0000000E+00
         892  0.0000000E+00
         893  0.0000000E+00
         894  0.0000000E+00
         895  0.0000000E+00
         896  0.0000000E+00
         897  0.0000000E+00
         898  0.0000000E+00
         899  0.0000000E+00
         900  0.0000000E+00
         901  0.0000000E+00
         902  0.0000000E+00
         903  0.0000000E+00
         904  0.0000000E+00
         905  0.0000000E+00
         906  0.0000000E+00
         907  0.0000000E+00
         908  0.0000000E+00
         909  0.0000000E+00
         910  0.0000000E+00
         911  0.0000000E+00
         912  0.0000000E+00
         913  0.0000000E+00
         914  0.0000000E+00
         915  0.0000000E+00
         916  0.0000000E+00
         917  0.0000000E+00
         918  0.0000000E+00
         919  0.0000000E+00
         920  0.0000000E+00
         921  0.0000000E+00
         922  0.0000000E+00
         923  0.0000000E+00
         924  0.0000000E+00
         925  0.0000000E+00
         926  0.0000000E+00
         927  0.0000000E+00
         928  0.0000000E+00
         929  0.0000000E+00
         930  0.0000000E+00
         931  0.0000000E+00
         932  0.0000000E+00
         933  0.0000000E+00
         934  0.0000000E+00
         935  0.0000000E+00
         936  0.0000000E+00
         937  0.0000000E+00
         938  0.0000000E+00
         939  0.0000000E+00
         940  0.0000000E+00
         941  0.0000000E+00
         942  0.0000000E+00
         943  0.0000000E+00
         944  0.0000000E+00
         945  0.0000000E+00
         946  0.0000000E+00
         947  0.0000000E+00
         948  0.0000000E+00
         949  0.0000000E+00
         950  0.0000000E+00
         951  0.0000000E+00
         952  0.0000000E+00
         953  0.0000000E+00
         954  0.0000000E+00
         955  0.0000000E+00
         956  0.0000000E+00
         957  0.0000000E+00
         958  0.0000000E+00
         959  0.0000000E+00
         960  0.0000000E+00
         961  0.0000000E+00
         962  0.0000000E+00
         963  0.0000000E+00
         964  0.0000000E+00
         965  0.0000000E+00
         966  0.0000000E+00
         967  0.0000000E+00
         968  0.0000000E+00
         969  0.0000000E+00
         970  0.0000000E+00
         971  0.0000000E+00
         972  0.0000000E+00
         973  0.0000000E+00
         974  0.0000000E+00
         975  0.0000000E+00
         976  0.0000000E+00
         977  0.0000000E+00
         978  0.0000000E+00
         979  0.0000000E+00
         980  0.0000000E+00
         981  0.0000000E+00
         982  0.0000000E+00
         983  0.0000000E+00
         984  0.0000000E+00
         985  0.0000000E+00
         986  0.0000000E+00
         987  0.0000000E+00
         988  0.0000000E+00
         989  0.0000000E+00
         990  0.0000000E+00
         991  0.0000000E+00
         992  0.0000000E+00
         993  0.0000000E+00
         994  0.0000000E+00
         995  0.0000000E+00
         996  0.0000000E+00
         997  0.0000000E+00
         998  0.0000000E+00
         999  0.0000000E+00
        1000  0.0000000E+00
        1001  0.0000000E+00
        1002  0.0000000E+00
        1003  0.0000000E+00
        1004  0.0000000E+00
        1005  0.0000000E+00
        1006  0.0000000E+00
        1007  0.0000000E+00
        1008  0.0000000E+00
        1009  0.0000000E+00
        1010  0.0000000E+00
        1011  0.0000000E+00
        1012  0.0000000E+00
        1013  0.0000000E+00
        1014  0.0000000E+00
        1015  0.0000000E+00
        1016  0.0000000E+00
        1017  0.0000000E+00
        1018  0.0000000E+00
        1019  0.0000000E+00
        1020  0.0000000E+00
        1021  0.0000000E+00
        1022  0.0000000E+00
        1023  0.0000000E+00
        1024  0.0000000E+00
