 #   Y    A
           1  0.0000000E+00
           2  0.0000000E+00
           3  0.0000000E+00
           4  0.0000000E+00
           5  0.0000000E+00
           6  0.0000000E+00
           7  0.0000000E+00
           8  0.0000000E+00
           9  0.0000000E+00
          10  0.0000000E+00
          11  0.0000000E+00
          12  0.0000000E+00
          13  0.0000000E+00
          14  0.0000000E+00
          15  0.0000000E+00
          16  0.0000000E+00
          17  0.0000000E+00
          18  0.0000000E+00
          19  0.0000000E+00
          20  0.0000000E+00
          21  0.0000000E+00
          22  0.0000000E+00
          23  0.0000000E+00
          24  0.0000000E+00
          25  0.0000000E+00
          26  0.0000000E+00
          27  0.0000000E+00
          28  0.0000000E+00
          29  0.0000000E+00
          30  0.0000000E+00
          31  0.0000000E+00
          32  0.0000000E+00
          33  0.0000000E+00
          34  0.0000000E+00
          35  0.0000000E+00
          36  0.0000000E+00
          37  0.0000000E+00
          38  0.0000000E+00
          39  0.0000000E+00
          40  0.0000000E+00
          41  0.0000000E+00
          42  0.0000000E+00
          43  0.0000000E+00
          44  0.0000000E+00
          45  0.0000000E+00
          46  0.0000000E+00
          47  0.0000000E+00
          48  0.0000000E+00
          49  0.0000000E+00
          50  0.0000000E+00
          51  0.0000000E+00
          52  0.0000000E+00
          53  0.0000000E+00
          54  0.0000000E+00
          55  0.0000000E+00
          56  0.0000000E+00
          57  0.0000000E+00
          58  0.0000000E+00
          59  0.0000000E+00
          60  0.0000000E+00
          61  0.0000000E+00
          62  0.0000000E+00
          63  0.0000000E+00
          64  0.0000000E+00
          65  0.0000000E+00
          66  0.0000000E+00
          67  0.0000000E+00
          68  0.0000000E+00
          69  0.0000000E+00
          70  0.0000000E+00
          71  0.0000000E+00
          72  0.0000000E+00
          73  0.0000000E+00
          74  0.0000000E+00
          75  0.0000000E+00
          76  0.0000000E+00
          77  0.0000000E+00
          78  0.0000000E+00
          79  0.0000000E+00
          80  0.0000000E+00
          81  0.0000000E+00
          82  0.0000000E+00
          83  0.0000000E+00
          84  0.0000000E+00
          85  0.0000000E+00
          86  0.0000000E+00
          87  0.0000000E+00
          88  0.0000000E+00
          89  0.0000000E+00
          90  0.0000000E+00
          91  0.0000000E+00
          92  0.0000000E+00
          93  0.0000000E+00
          94  0.0000000E+00
          95  0.0000000E+00
          96  0.0000000E+00
          97  0.0000000E+00
          98  0.0000000E+00
          99  0.0000000E+00
         100  0.0000000E+00
         101  0.0000000E+00
         102  0.0000000E+00
         103  0.0000000E+00
         104  0.0000000E+00
         105  0.0000000E+00
         106  0.0000000E+00
         107  0.0000000E+00
         108  0.0000000E+00
         109  0.0000000E+00
         110  0.0000000E+00
         111  0.0000000E+00
         112  0.0000000E+00
         113  0.0000000E+00
         114  0.0000000E+00
         115  0.0000000E+00
         116  0.0000000E+00
         117  0.0000000E+00
         118  0.0000000E+00
         119  0.0000000E+00
         120  0.0000000E+00
         121  0.0000000E+00
         122  0.0000000E+00
         123  0.0000000E+00
         124  0.0000000E+00
         125  0.0000000E+00
         126  0.0000000E+00
         127  0.0000000E+00
         128  0.0000000E+00
         129  0.0000000E+00
         130  0.0000000E+00
         131  0.0000000E+00
         132  0.0000000E+00
         133  0.0000000E+00
         134  0.0000000E+00
         135  0.0000000E+00
         136  0.0000000E+00
         137  0.0000000E+00
         138  0.0000000E+00
         139  0.0000000E+00
         140  0.0000000E+00
         141  0.0000000E+00
         142  0.0000000E+00
         143  0.0000000E+00
         144  0.0000000E+00
         145  0.0000000E+00
         146  0.0000000E+00
         147  0.0000000E+00
         148  0.0000000E+00
         149  0.0000000E+00
         150  0.0000000E+00
         151  0.0000000E+00
         152  0.0000000E+00
         153  0.0000000E+00
         154  0.0000000E+00
         155  0.0000000E+00
         156  0.0000000E+00
         157  0.0000000E+00
         158  0.0000000E+00
         159  0.0000000E+00
         160  0.0000000E+00
         161  0.0000000E+00
         162  0.0000000E+00
         163  0.0000000E+00
         164  0.0000000E+00
         165  0.0000000E+00
         166  0.0000000E+00
         167  0.0000000E+00
         168  0.0000000E+00
         169  0.0000000E+00
         170  0.0000000E+00
         171  0.0000000E+00
         172  0.0000000E+00
         173  0.0000000E+00
         174  0.0000000E+00
         175  0.0000000E+00
         176  0.0000000E+00
         177  0.0000000E+00
         178  0.0000000E+00
         179  0.0000000E+00
         180  0.0000000E+00
         181  0.0000000E+00
         182  0.0000000E+00
         183  0.0000000E+00
         184  0.0000000E+00
         185  0.0000000E+00
         186  0.0000000E+00
         187  0.0000000E+00
         188  0.0000000E+00
         189  0.0000000E+00
         190  0.0000000E+00
         191  0.0000000E+00
         192  0.0000000E+00
         193  0.0000000E+00
         194  0.0000000E+00
         195  0.0000000E+00
         196  0.0000000E+00
         197  0.0000000E+00
         198  0.0000000E+00
         199  0.0000000E+00
         200  0.0000000E+00
         201  0.0000000E+00
         202  0.0000000E+00
         203  0.0000000E+00
         204  0.0000000E+00
         205  0.0000000E+00
         206  0.0000000E+00
         207  0.0000000E+00
         208  0.0000000E+00
         209  0.0000000E+00
         210  0.0000000E+00
         211  0.0000000E+00
         212  0.0000000E+00
         213  0.0000000E+00
         214  0.0000000E+00
         215  0.0000000E+00
         216  0.0000000E+00
         217  0.0000000E+00
         218  0.0000000E+00
         219  0.0000000E+00
         220  0.0000000E+00
         221  0.0000000E+00
         222  0.0000000E+00
         223  0.0000000E+00
         224  0.0000000E+00
         225  0.0000000E+00
         226  0.0000000E+00
         227  0.0000000E+00
         228  0.0000000E+00
         229  0.0000000E+00
         230  0.0000000E+00
         231  0.0000000E+00
         232  0.0000000E+00
         233  0.0000000E+00
         234  0.0000000E+00
         235  0.0000000E+00
         236  0.0000000E+00
         237  0.0000000E+00
         238  0.0000000E+00
         239  0.0000000E+00
         240  0.0000000E+00
         241  0.0000000E+00
         242  0.0000000E+00
         243  0.0000000E+00
         244  0.0000000E+00
         245  0.0000000E+00
         246  0.0000000E+00
         247  0.0000000E+00
         248  0.0000000E+00
         249  0.0000000E+00
         250  0.0000000E+00
         251  0.0000000E+00
         252  0.0000000E+00
         253  0.0000000E+00
         254  0.0000000E+00
         255  0.0000000E+00
         256  0.0000000E+00
         257  0.0000000E+00
         258  0.0000000E+00
         259  0.0000000E+00
         260  0.0000000E+00
         261  0.0000000E+00
         262  0.0000000E+00
         263  0.0000000E+00
         264  0.0000000E+00
         265  0.0000000E+00
         266  0.0000000E+00
         267  0.0000000E+00
         268  0.0000000E+00
         269  0.0000000E+00
         270  0.0000000E+00
         271  0.0000000E+00
         272  0.0000000E+00
         273   1.059062    
         274   4.236247    
         275   10.06109    
         276   17.47452    
         277   16.41546    
         278   20.12217    
         279   21.18124    
         280   24.88795    
         281   22.76983    
         282   24.88795    
         283   22.24030    
         284   22.24030    
         285   18.00405    
         286   27.00607    
         287   14.29733    
         288   30.18326    
         289   34.94904    
         290   25.41748    
         291   21.71077    
         292   26.47654    
         293   18.00405    
         294   28.06514    
         295   25.41748    
         296   25.41748    
         297   25.41748    
         298   31.77185    
         299   20.12217    
         300   27.53561    
         301   27.53561    
         302   25.94701    
         303   28.59467    
         304   28.06514    
         305   33.88998    
         306   27.53561    
         307   23.82889    
         308   25.41748    
         309   27.53561    
         310   39.71482    
         311   32.30138    
         312   28.59467    
         313   29.65373    
         314   34.41951    
         315   28.59467    
         316   24.88795    
         317   27.00607    
         318   32.30138    
         319   24.35842    
         320   27.53561    
         321   36.53763    
         322   33.36045    
         323   36.53763    
         324   34.94904    
         325   30.18326    
         326   31.24232    
         327   34.41951    
         328   36.53763    
         329   32.83091    
         330   39.18529    
         331   41.30341    
         332   42.36247    
         333   32.83091    
         334   32.30138    
         335   46.59872    
         336   31.77185    
         337   32.83091    
         338   33.88998    
         339   36.53763    
         340   56.13028    
         341   36.53763    
         342   40.24435    
         343   38.65575    
         344   34.41951    
         345   45.53966    
         346   61.42558    
         347   41.30341    
         348   56.65981    
         349   47.12825    
         350   42.89200    
         351   44.48059    
         352   51.89403    
         353   42.36247    
         354   53.48262    
         355   43.42153    
         356   60.36652    
         357   61.42558    
         358   51.36449    
         359   54.54168    
         360   48.71684    
         361   70.95714    
         362   68.83901    
         363   50.83496    
         364   90.02025    
         365   61.95511    
         366   71.48667    
         367   76.25245    
         368   84.19541    
         369   84.72495    
         370   85.25447    
         371   91.07932    
         372   105.3766    
         373   93.72697    
         374   103.2585    
         375   103.2585    
         376   121.2626    
         377   119.6740    
         378   129.7351    
         379   140.8552    
         380   133.9713    
         381   152.5049    
         382   178.4519    
         383   173.6861    
         384   187.4539    
         385   189.5721    
         386   198.5741    
         387   211.8123    
         388   214.9895    
         389   236.7003    
         390   243.5842    
         391   255.2339    
         392   267.9426    
         393   254.7044    
         394   249.4090    
         395   272.1789    
         396   275.8856    
         397   260.5292    
         398   290.7125    
         399   274.2970    
         400   265.2950    
         401   279.0628    
         402   292.3011    
         403   257.8815    
         404   285.4171    
         405   267.9426    
         406   289.1239    
         407   284.3581    
         408   290.1829    
         409   273.2379    
         410   291.7715    
         411   317.1890    
         412   312.9528    
         413   331.4863    
         414   357.4333    
         415   341.0179    
         416   356.9038    
         417   387.6166    
         418   399.2663    
         419   416.2113    
         420   437.9221    
         421   434.7448    
         422   502.5248    
         423   520.5289    
         424   490.8751    
         425   533.2376    
         426   551.2416    
         427   554.4188    
         428   535.8853    
         429   555.4779    
         430   589.8974    
         431   579.8363    
         432   601.0176    
         433   610.5491    
         434   633.3189    
         435   656.6183    
         436   630.6713    
         437   670.9156    
         438   669.8566    
         439   728.6345    
         440   764.1130    
         441   727.5754    
         442   814.4185    
         443   779.9990    
         444   802.7688    
         445   810.7118    
         446   843.0132    
         447   825.0091    
         448   851.4857    
         449   825.0091    
         450   839.8360    
         451   796.9440    
         452   865.7830    
         453   839.3065    
         454   845.1313    
         455   823.9501    
         456   843.0132    
         457   839.3065    
         458   815.4775    
         459   838.7769    
         460   848.3085    
         461   842.4836    
         462   829.2454    
         463   837.7178    
         464   856.7809    
         465   867.3716    
         466   856.7809    
         467   835.0702    
         468   921.3837    
         469   855.1924    
         470   897.0253    
         471   916.0884    
         472   920.8542    
         473   949.9784    
         474   941.5059    
         475   1001.343    
         476   971.6891    
         477   1028.879    
         478   972.7482    
         479   1020.406    
         480   1028.879    
         481   1046.883    
         482   1059.062    
         483   1009.286    
         484   1086.597    
         485   1014.581    
         486   1067.534    
         487   1063.298    
         488   1077.595    
         489   1052.178    
         490   1093.481    
         491   1037.880    
         492   1103.542    
         493   1089.775    
         494   1053.766    
         495   1099.836    
         496   1078.125    
         497   1091.893    
         498   1106.720    
         499   1137.962    
         500   1127.901    
         501   1121.546    
         502   1117.840    
         503   1137.432    
         504   1117.310    
         505   1163.379    
         506   1142.198    
         507   1163.909    
         508   1139.550    
         509   1171.322    
         510   1172.911    
         511   1163.379    
         512   1184.031    
         513   1140.609    
         514   1180.854    
         515   1187.208    
         516   1218.451    
         517   1230.630    
         518   1203.624    
         519   1231.159    
         520   1231.689    
         521   1230.630    
         522   1234.866    
         523   1256.047    
         524   1234.866    
         525   1253.400    
         526   1258.695    
         527   1281.994    
         528   1275.110    
         529   1284.642    
         530   1279.876    
         531   1313.766    
         532   1355.070    
         533   1334.947    
         534   1334.418    
         535   1356.129    
         536   1349.245    
         537   1360.894    
         538   1373.603    
         539   1350.304    
         540   1373.603    
         541   1393.196    
         542   1369.367    
         543   1361.953    
         544   1314.825    
         545   1309.000    
         546   1313.237    
         547   1316.943    
         548   1287.819    
         549   1299.469    
         550   1331.770    
         551   1287.290    
         552   1295.762    
         553   1330.711    
         554   1330.711    
         555   1325.945    
         556   1386.841    
         557   1356.658    
         558   1351.892    
         559   1432.381    
         560   1375.721    
         561   1432.911    
         562   1379.958    
         563   1482.157    
         564   1496.454    
         565   1461.505    
         566   1542.523    
         567   1553.114    
         568   1535.640    
         569   1612.951    
         570   1581.179    
         571   1641.016    
         572   1679.142    
         573   1644.723    
         574   1679.672    
         575   1678.613    
         576   1728.918    
         577   1730.507    
         578   1769.163    
         579   1792.992    
         580   1834.295    
         581   1869.244    
         582   1917.431    
         583   2005.333    
         584   2046.637    
         585   2065.700    
         586   2163.663    
         587   2341.585    
         588   2485.618    
         589   2685.781    
         590   2929.365    
         591   3472.134    
         592   4085.331    
         593   4756.776    
         594   5400.156    
         595   5982.640    
         596   6183.332    
         597   5363.618    
         598   4350.625    
         599   3608.223    
         600   3169.772    
         601   2759.915    
         602   2575.638    
         603   2415.190    
         604   2285.455    
         605   2099.061    
         606   1971.973    
         607   1862.890    
         608   1769.692    
         609   1794.580    
         610   1660.609    
         611   1598.654    
         612   1516.047    
         613   1469.978    
         614   1380.487    
         615   1435.558    
         616   1381.546    
         617   1372.015    
         618   1295.233    
         619   1206.801    
         620   1205.212    
         621   1190.385    
         622   1116.251    
         623   1128.430    
         624   1105.131    
         625   1062.239    
         626   1002.402    
         627   983.3389    
         628   948.3898    
         629   930.3857    
         630   870.0192    
         631   903.9092    
         632   838.2474    
         633   818.1252    
         634   816.0071    
         635   789.5306    
         636   796.9440    
         637   771.5265    
         638   746.1090    
         639   736.0479    
         640   768.3493    
         641   767.2902    
         642   705.3351    
         643   697.3922    
         644   711.6895    
         645   703.2170    
         646   683.0948    
         647   679.9177    
         648   665.6203    
         649   674.0928    
         650   640.2028    
         651   645.4982    
         652   638.0847    
         653   639.1438    
         654   599.4290    
         655   625.3760    
         656   583.5430    
         657   622.1988    
         658   584.6021    
         659   576.1296    
         660   593.0746    
         661   556.5369    
         662   562.3618    
         663   555.4779    
         664   542.2396    
         665   509.4087    
         666   545.4168    
         667   499.8772    
         668   515.7631    
         669   508.8792    
         670   507.8201    
         671   480.2845    
         672   467.0462    
         673   478.6959    
         674   479.7550    
         675   460.1623    
         676   456.9851    
         677   452.2194    
         678   465.9872    
         679   455.9261    
         680   441.0992    
         681   432.6267    
         682   438.4516    
         683   419.3885    
         684   434.7448    
         685   429.9791    
         686   429.4496    
         687   412.5045    
         688   424.1542    
         689   397.1482    
         690   393.4414    
         691   408.2683    
         692   395.0300    
         693   401.3844    
         694   386.5576    
         695   384.4394    
         696   391.3233    
         697   382.8508    
         698   374.3783    
         699   391.8528    
         700   381.2622    
         701   367.4944    
         702   380.7327    
         703   366.4354    
         704   368.0240    
         705   361.1401    
         706   369.0830    
         707   364.3173    
         708   369.6125    
         709   367.4944    
         710   362.1991    
         711   346.8427    
         712   360.6105    
         713   368.5535    
         714   347.9018    
         715   363.7877    
         716   363.7877    
         717   365.3763    
         718   338.8998    
         719   363.2582    
         720   366.9649    
         721   346.8427    
         722   355.8448    
         723   352.6676    
         724   342.0769    
         725   370.1421    
         726   345.2541    
         727   356.9038    
         728   352.6676    
         729   347.9018    
         730   358.4924    
         731   350.0199    
         732   352.6676    
         733   340.4883    
         734   337.3112    
         735   353.1971    
         736   331.4863    
         737   336.7816    
         738   336.2521    
         739   314.5414    
         740   342.0769    
         741   296.0078    
         742   333.0749    
         743   312.9528    
         744   295.4782    
         745   309.2460    
         746   294.9487    
         747   296.5373    
         748   292.8306    
         749   283.2990    
         750   280.1218    
         751   296.0078    
         752   249.9386    
         753   279.0628    
         754   281.7104    
         755   247.8204    
         756   253.1158    
         757   256.2929    
         758   243.5842    
         759   244.1137    
         760   232.4641    
         761   230.3459    
         762   231.4050    
         763   219.2258    
         764   227.6983    
         765   217.6372    
         766   208.6352    
         767   206.5170    
         768   189.5721    
         769   204.9285    
         770   186.3949    
         771   196.4560    
         772   182.1586    
         773   174.2157    
         774   183.7472    
         775   174.2157    
         776   160.9774    
         777   184.8063    
         778   159.9183    
         779   168.3908    
         780   165.7432    
         781   144.5619    
         782   129.2055    
         783   111.2015    
         784   132.3827    
         785   113.8491    
         786   111.7310    
         787   114.9082    
         788   122.8512    
         789   112.7901    
         790   113.8491    
         791   112.2605    
         792   103.2585    
         793   112.2605    
         794   110.6720    
         795   103.7881    
         796   101.6699    
         797   103.2585    
         798   120.7330    
         799   83.13635    
         800   104.3176    
         801   104.8471    
         802   103.7881    
         803   97.96321    
         804   96.90415    
         805   92.13837    
         806   105.3766    
         807   93.72697    
         808   98.49274    
         809   99.02228    
         810   88.43166    
         811   88.96119    
         812   94.78603    
         813   93.19743    
         814   90.54978    
         815   90.54978    
         816   91.07932    
         817   93.72697    
         818   83.66588    
         819   87.37260    
         820   81.54776    
         821   90.54978    
         822   85.78400    
         823   83.13635    
         824   79.42963    
         825   84.72495    
         826   78.37057    
         827   85.25447    
         828   79.95917    
         829   76.78198    
         830   79.95916    
         831   78.37057    
         832   76.25245    
         833   75.19338    
         834   66.19136    
         835   81.01823    
         836   72.01620    
         837   73.07526    
         838   71.48667    
         839   78.37057    
         840   67.25042    
         841   70.95714    
         842   67.77995    
         843   68.83901    
         844   72.54573    
         845   63.01418    
         846   64.07323    
         847   67.25042    
         848   66.72089    
         849   67.25042    
         850   64.60277    
         851   73.07526    
         852   67.25042    
         853   54.54168    
         854   66.72089    
         855   64.07323    
         856   69.89808    
         857   62.48465    
         858   68.83901    
         859   63.54370    
         860   77.84104    
         861   66.19136    
         862   106.4357    
         863   91.60884    
         864  0.0000000E+00
         865  0.0000000E+00
         866  0.0000000E+00
         867  0.0000000E+00
         868  0.0000000E+00
         869  0.0000000E+00
         870  0.0000000E+00
         871  0.0000000E+00
         872  0.0000000E+00
         873  0.0000000E+00
         874  0.0000000E+00
         875  0.0000000E+00
         876  0.0000000E+00
         877  0.0000000E+00
         878  0.0000000E+00
         879  0.0000000E+00
         880  0.0000000E+00
         881  0.0000000E+00
         882  0.0000000E+00
         883  0.0000000E+00
         884  0.0000000E+00
         885  0.0000000E+00
         886  0.0000000E+00
         887  0.0000000E+00
         888  0.0000000E+00
         889  0.0000000E+00
         890  0.0000000E+00
         891  0.0000000E+00
         892  0.0000000E+00
         893  0.0000000E+00
         894  0.0000000E+00
         895  0.0000000E+00
         896  0.0000000E+00
         897  0.0000000E+00
         898  0.0000000E+00
         899  0.0000000E+00
         900  0.0000000E+00
         901  0.0000000E+00
         902  0.0000000E+00
         903  0.0000000E+00
         904  0.0000000E+00
         905  0.0000000E+00
         906  0.0000000E+00
         907  0.0000000E+00
         908  0.0000000E+00
         909  0.0000000E+00
         910  0.0000000E+00
         911  0.0000000E+00
         912  0.0000000E+00
         913  0.0000000E+00
         914  0.0000000E+00
         915  0.0000000E+00
         916  0.0000000E+00
         917  0.0000000E+00
         918  0.0000000E+00
         919  0.0000000E+00
         920  0.0000000E+00
         921  0.0000000E+00
         922  0.0000000E+00
         923  0.0000000E+00
         924  0.0000000E+00
         925  0.0000000E+00
         926  0.0000000E+00
         927  0.0000000E+00
         928  0.0000000E+00
         929  0.0000000E+00
         930  0.0000000E+00
         931  0.0000000E+00
         932  0.0000000E+00
         933  0.0000000E+00
         934  0.0000000E+00
         935  0.0000000E+00
         936  0.0000000E+00
         937  0.0000000E+00
         938  0.0000000E+00
         939  0.0000000E+00
         940  0.0000000E+00
         941  0.0000000E+00
         942  0.0000000E+00
         943  0.0000000E+00
         944  0.0000000E+00
         945  0.0000000E+00
         946  0.0000000E+00
         947  0.0000000E+00
         948  0.0000000E+00
         949  0.0000000E+00
         950  0.0000000E+00
         951  0.0000000E+00
         952  0.0000000E+00
         953  0.0000000E+00
         954  0.0000000E+00
         955  0.0000000E+00
         956  0.0000000E+00
         957  0.0000000E+00
         958  0.0000000E+00
         959  0.0000000E+00
         960  0.0000000E+00
         961  0.0000000E+00
         962  0.0000000E+00
         963  0.0000000E+00
         964  0.0000000E+00
         965  0.0000000E+00
         966  0.0000000E+00
         967  0.0000000E+00
         968  0.0000000E+00
         969  0.0000000E+00
         970  0.0000000E+00
         971  0.0000000E+00
         972  0.0000000E+00
         973  0.0000000E+00
         974  0.0000000E+00
         975  0.0000000E+00
         976  0.0000000E+00
         977  0.0000000E+00
         978  0.0000000E+00
         979  0.0000000E+00
         980  0.0000000E+00
         981  0.0000000E+00
         982  0.0000000E+00
         983  0.0000000E+00
         984  0.0000000E+00
         985  0.0000000E+00
         986  0.0000000E+00
         987  0.0000000E+00
         988  0.0000000E+00
         989  0.0000000E+00
         990  0.0000000E+00
         991  0.0000000E+00
         992  0.0000000E+00
         993  0.0000000E+00
         994  0.0000000E+00
         995  0.0000000E+00
         996  0.0000000E+00
         997  0.0000000E+00
         998  0.0000000E+00
         999  0.0000000E+00
        1000  0.0000000E+00
        1001  0.0000000E+00
        1002  0.0000000E+00
        1003  0.0000000E+00
        1004  0.0000000E+00
        1005  0.0000000E+00
        1006  0.0000000E+00
        1007  0.0000000E+00
        1008  0.0000000E+00
        1009  0.0000000E+00
        1010  0.0000000E+00
        1011  0.0000000E+00
        1012  0.0000000E+00
        1013  0.0000000E+00
        1014  0.0000000E+00
        1015  0.0000000E+00
        1016  0.0000000E+00
        1017  0.0000000E+00
        1018  0.0000000E+00
        1019  0.0000000E+00
        1020  0.0000000E+00
        1021  0.0000000E+00
        1022  0.0000000E+00
        1023  0.0000000E+00
        1024  0.0000000E+00
