 #   Y    A
           1  0.0000000E+00
           2  0.0000000E+00
           3  0.0000000E+00
           4  0.0000000E+00
           5  0.0000000E+00
           6  0.0000000E+00
           7  0.0000000E+00
           8  0.0000000E+00
           9  0.0000000E+00
          10  0.0000000E+00
          11  0.0000000E+00
          12  0.0000000E+00
          13  0.0000000E+00
          14  0.0000000E+00
          15  0.0000000E+00
          16  0.0000000E+00
          17  0.0000000E+00
          18  0.0000000E+00
          19  0.0000000E+00
          20  0.0000000E+00
          21  0.0000000E+00
          22  0.0000000E+00
          23  0.0000000E+00
          24  0.0000000E+00
          25  0.0000000E+00
          26  0.0000000E+00
          27  0.0000000E+00
          28  0.0000000E+00
          29  0.0000000E+00
          30  0.0000000E+00
          31  0.0000000E+00
          32  0.0000000E+00
          33  0.0000000E+00
          34  0.0000000E+00
          35  0.0000000E+00
          36  0.0000000E+00
          37  0.0000000E+00
          38  0.0000000E+00
          39  0.0000000E+00
          40  0.0000000E+00
          41  0.0000000E+00
          42  0.0000000E+00
          43  0.0000000E+00
          44  0.0000000E+00
          45  0.0000000E+00
          46  0.0000000E+00
          47  0.0000000E+00
          48  0.0000000E+00
          49  0.0000000E+00
          50  0.0000000E+00
          51  0.0000000E+00
          52  0.0000000E+00
          53  0.0000000E+00
          54  0.0000000E+00
          55  0.0000000E+00
          56  0.0000000E+00
          57  0.0000000E+00
          58  0.0000000E+00
          59  0.0000000E+00
          60  0.0000000E+00
          61  0.0000000E+00
          62  0.0000000E+00
          63  0.0000000E+00
          64  0.0000000E+00
          65  0.0000000E+00
          66  0.0000000E+00
          67  0.0000000E+00
          68  0.0000000E+00
          69  0.0000000E+00
          70  0.0000000E+00
          71  0.0000000E+00
          72  0.0000000E+00
          73  0.0000000E+00
          74  0.0000000E+00
          75  0.0000000E+00
          76  0.0000000E+00
          77  0.0000000E+00
          78  0.0000000E+00
          79  0.0000000E+00
          80  0.0000000E+00
          81  0.0000000E+00
          82  0.0000000E+00
          83  0.0000000E+00
          84  0.0000000E+00
          85  0.0000000E+00
          86  0.0000000E+00
          87  0.0000000E+00
          88  0.0000000E+00
          89  0.0000000E+00
          90  0.0000000E+00
          91  0.0000000E+00
          92  0.0000000E+00
          93  0.0000000E+00
          94  0.0000000E+00
          95  0.0000000E+00
          96  0.0000000E+00
          97  0.0000000E+00
          98  0.0000000E+00
          99  0.0000000E+00
         100  0.0000000E+00
         101  0.0000000E+00
         102  0.0000000E+00
         103  0.0000000E+00
         104  0.0000000E+00
         105  0.0000000E+00
         106  0.0000000E+00
         107  0.0000000E+00
         108  0.0000000E+00
         109  0.0000000E+00
         110  0.0000000E+00
         111  0.0000000E+00
         112  0.0000000E+00
         113  0.0000000E+00
         114  0.0000000E+00
         115  0.0000000E+00
         116  0.0000000E+00
         117  0.0000000E+00
         118  0.0000000E+00
         119  0.0000000E+00
         120  0.0000000E+00
         121  0.0000000E+00
         122  0.0000000E+00
         123  0.0000000E+00
         124  0.0000000E+00
         125  0.0000000E+00
         126  0.0000000E+00
         127  0.0000000E+00
         128  0.0000000E+00
         129  0.0000000E+00
         130  0.0000000E+00
         131  0.0000000E+00
         132  0.0000000E+00
         133  0.0000000E+00
         134  0.0000000E+00
         135  0.0000000E+00
         136  0.0000000E+00
         137  0.0000000E+00
         138  0.0000000E+00
         139  0.0000000E+00
         140  0.0000000E+00
         141  0.0000000E+00
         142  0.0000000E+00
         143  0.0000000E+00
         144  0.0000000E+00
         145  0.0000000E+00
         146  0.0000000E+00
         147  0.0000000E+00
         148  0.0000000E+00
         149  0.0000000E+00
         150  0.0000000E+00
         151  0.0000000E+00
         152  0.0000000E+00
         153  0.0000000E+00
         154  0.0000000E+00
         155  0.0000000E+00
         156  0.0000000E+00
         157  0.0000000E+00
         158  0.0000000E+00
         159  0.0000000E+00
         160  0.0000000E+00
         161  0.0000000E+00
         162  0.0000000E+00
         163  0.0000000E+00
         164  0.0000000E+00
         165  0.0000000E+00
         166  0.0000000E+00
         167  0.0000000E+00
         168  0.0000000E+00
         169  0.0000000E+00
         170  0.0000000E+00
         171  0.0000000E+00
         172  0.0000000E+00
         173  0.0000000E+00
         174  0.0000000E+00
         175  0.0000000E+00
         176  0.0000000E+00
         177  0.0000000E+00
         178  0.0000000E+00
         179  0.0000000E+00
         180  0.0000000E+00
         181  0.0000000E+00
         182  0.0000000E+00
         183  0.0000000E+00
         184  0.0000000E+00
         185  0.0000000E+00
         186  0.0000000E+00
         187  0.0000000E+00
         188  0.0000000E+00
         189  0.0000000E+00
         190  0.0000000E+00
         191  0.0000000E+00
         192  0.0000000E+00
         193  0.0000000E+00
         194  0.0000000E+00
         195  0.0000000E+00
         196  0.0000000E+00
         197  0.0000000E+00
         198  0.0000000E+00
         199  0.0000000E+00
         200  0.0000000E+00
         201  0.0000000E+00
         202  0.0000000E+00
         203  0.0000000E+00
         204  0.0000000E+00
         205  0.0000000E+00
         206  0.0000000E+00
         207  0.0000000E+00
         208  0.0000000E+00
         209  0.0000000E+00
         210  0.0000000E+00
         211  0.0000000E+00
         212  0.0000000E+00
         213  0.0000000E+00
         214  0.0000000E+00
         215  0.0000000E+00
         216  0.0000000E+00
         217  0.0000000E+00
         218  0.0000000E+00
         219  0.0000000E+00
         220  0.0000000E+00
         221  0.0000000E+00
         222  0.0000000E+00
         223  0.0000000E+00
         224  0.0000000E+00
         225  0.0000000E+00
         226  0.0000000E+00
         227  0.0000000E+00
         228  0.0000000E+00
         229  0.0000000E+00
         230  0.0000000E+00
         231  0.0000000E+00
         232  0.0000000E+00
         233  0.0000000E+00
         234  0.0000000E+00
         235  0.0000000E+00
         236  0.0000000E+00
         237  0.0000000E+00
         238  0.0000000E+00
         239  0.0000000E+00
         240  0.0000000E+00
         241  0.0000000E+00
         242  0.0000000E+00
         243  0.0000000E+00
         244  0.0000000E+00
         245  0.0000000E+00
         246  0.0000000E+00
         247  0.0000000E+00
         248  0.0000000E+00
         249  0.0000000E+00
         250  0.0000000E+00
         251  0.0000000E+00
         252  0.0000000E+00
         253  0.0000000E+00
         254  0.0000000E+00
         255  0.0000000E+00
         256  0.0000000E+00
         257  0.0000000E+00
         258  0.0000000E+00
         259  0.0000000E+00
         260  0.0000000E+00
         261  0.0000000E+00
         262  0.0000000E+00
         263  0.0000000E+00
         264  0.0000000E+00
         265  0.0000000E+00
         266  0.0000000E+00
         267  0.0000000E+00
         268  0.0000000E+00
         269  0.0000000E+00
         270  0.0000000E+00
         271  0.0000000E+00
         272  0.0000000E+00
         273  0.0000000E+00
         274  0.0000000E+00
         275  0.0000000E+00
         276  0.0000000E+00
         277  0.0000000E+00
         278  0.0000000E+00
         279  0.0000000E+00
         280  0.0000000E+00
         281  0.0000000E+00
         282  0.0000000E+00
         283  0.0000000E+00
         284  0.0000000E+00
         285  0.0000000E+00
         286  0.0000000E+00
         287  0.0000000E+00
         288  0.0000000E+00
         289  0.0000000E+00
         290  0.0000000E+00
         291  0.0000000E+00
         292  0.0000000E+00
         293  0.0000000E+00
         294  0.0000000E+00
         295  0.0000000E+00
         296  0.0000000E+00
         297  0.0000000E+00
         298  0.0000000E+00
         299  0.0000000E+00
         300  0.0000000E+00
         301  0.0000000E+00
         302  0.0000000E+00
         303  0.0000000E+00
         304  0.0000000E+00
         305  0.0000000E+00
         306  0.0000000E+00
         307  0.0000000E+00
         308  0.0000000E+00
         309  0.0000000E+00
         310  0.0000000E+00
         311  0.0000000E+00
         312  0.0000000E+00
         313  0.0000000E+00
         314  0.0000000E+00
         315  0.0000000E+00
         316  0.0000000E+00
         317  0.0000000E+00
         318  0.5295309    
         319   5.295309    
         320   11.64968    
         321   19.59264    
         322   20.65170    
         323   21.71077    
         324   27.53561    
         325   28.06514    
         326   28.06514    
         327   29.65373    
         328   20.12217    
         329   33.36045    
         330   19.06311    
         331   38.12622    
         332   41.30341    
         333   24.35842    
         334   31.77185    
         335   23.29936    
         336   31.24232    
         337   29.12420    
         338   32.30138    
         339   36.00810    
         340   29.12420    
         341   30.71279    
         342   32.30138    
         343   39.71482    
         344   34.41951    
         345   38.12622    
         346   33.36045    
         347   30.71279    
         348   43.42153    
         349   40.24435    
         350   42.36247    
         351   40.24435    
         352   34.94904    
         353   32.83091    
         354   33.36045    
         355   37.59669    
         356   36.53763    
         357   37.59669    
         358   40.24435    
         359   49.24637    
         360   33.36045    
         361   38.65575    
         362   36.00810    
         363   33.36045    
         364   40.77388    
         365   49.77590    
         366   46.59872    
         367   40.24435    
         368   39.18529    
         369   48.71684    
         370   40.77388    
         371   38.65575    
         372   46.06919    
         373   55.60074    
         374   45.01012    
         375   47.12825    
         376   43.95107    
         377   54.01215    
         378   57.18933    
         379   54.54168    
         380   55.60074    
         381   48.71684    
         382   47.65778    
         383   65.13230    
         384   52.42356    
         385   57.18933    
         386   61.95511    
         387   71.48667    
         388   55.60074    
         389   60.36652    
         390   64.07323    
         391   61.42558    
         392   73.07526    
         393   70.42760    
         394   73.07526    
         395   76.78197    
         396   75.19338    
         397   79.95917    
         398   79.95917    
         399   70.95714    
         400   93.72697    
         401   97.96321    
         402   101.6699    
         403   91.07932    
         404   98.49274    
         405   101.6699    
         406   111.2015    
         407   113.3196    
         408   128.6760    
         409   127.6169    
         410   133.9713    
         411   144.0324    
         412   173.1566    
         413   154.0935    
         414   180.0405    
         415   185.8653    
         416   209.1647    
         417   228.7573    
         418   222.9325    
         419   248.3500    
         420   283.2990    
         421   306.0688    
         422   326.1910    
         423   353.1971    
         424   370.1421    
         425   396.0891    
         426   443.7469    
         427   447.9831    
         428   493.5228    
         429   492.4637    
         430   501.9953    
         431   496.1704    
         432   492.9933    
         433   490.3456    
         434   485.0503    
         435   481.3436    
         436   526.8832    
         437   515.7631    
         438   530.5900    
         439   530.5900    
         440   571.3638    
         441   570.3047    
         442   566.0685    
         443   597.3109    
         444   581.9545    
         445   595.7222    
         446   603.6652    
         447   604.7242    
         448   629.0827    
         449   654.5002    
         450   643.3800    
         451   667.7385    
         452   710.6304    
         453   725.9868    
         454   766.2312    
         455   755.1110    
         456   803.2983    
         457   870.5488    
         458   881.6689    
         459   934.6220    
         460   987.0456    
         461   1016.170    
         462   1078.125    
         463   1080.243    
         464   1096.658    
         465   1139.021    
         466   1147.493    
         467   1149.082    
         468   1110.426    
         469   1091.893    
         470   1082.361    
         471   1052.707    
         472   1058.003    
         473   1014.581    
         474   1025.701    
         475   1041.058    
         476   1032.056    
         477   1023.583    
         478   1033.644    
         479   1049.001    
         480   1057.473    
         481   1106.190    
         482   1104.601    
         483   1128.960    
         484   1129.489    
         485   1151.200    
         486   1172.911    
         487   1159.673    
         488   1213.155    
         489   1169.204    
         490   1210.508    
         491   1186.679    
         492   1168.675    
         493   1214.214    
         494   1200.976    
         495   1232.218    
         496   1188.267    
         497   1285.701    
         498   1239.632    
         499   1293.644    
         500   1312.177    
         501   1334.947    
         502   1334.418    
         503   1385.782    
         504   1362.483    
         505   1361.953    
         506   1369.896    
         507   1399.021    
         508   1429.733    
         509   1440.854    
         510   1464.682    
         511   1526.638    
         512   1566.352    
         513   1566.882    
         514   1613.481    
         515   1673.847    
         516   1697.146    
         517   1737.391    
         518   1845.415    
         519   1937.024    
         520   2116.535    
         521   2262.156    
         522   2419.427    
         523   2751.972    
         524   3170.301    
         525   3797.795    
         526   4506.837    
         527   4864.271    
         528   4987.122    
         529   4788.548    
         530   4755.717    
         531   4859.505    
         532   4743.538    
         533   4555.554    
         534   4299.791    
         535   3815.800    
         536   3353.519    
         537   2784.273    
         538   2378.653    
         539   2112.828    
         540   2018.042    
         541   1839.590    
         542   1678.083    
         543   1606.597    
         544   1558.409    
         545   1427.086    
         546   1431.852    
         547   1296.821    
         548   1320.650    
         549   1280.935    
         550   1310.059    
         551   1230.630    
         552   1193.563    
         553   1199.387    
         554   1224.805    
         555   1127.901    
         556   1176.618    
         557   1181.913    
         558   1203.624    
         559   1151.200    
         560   1177.677    
         561   1157.025    
         562   1117.310    
         563   1135.844    
         564   1071.241    
         565   1082.361    
         566   1087.656    
         567   1076.007    
         568   1112.015    
         569   1123.665    
         570   1087.127    
         571   1131.078    
         572   1101.954    
         573   1099.306    
         574   1118.899    
         575   1095.599    
         576   1098.777    
         577   1106.719    
         578   1103.013    
         579   1110.426    
         580   1128.430    
         581   1115.722    
         582   1064.357    
         583   1092.422    
         584   1033.115    
         585   1108.838    
         586   1098.777    
         587   1041.587    
         588   1142.198    
         589   1104.072    
         590   1136.903    
         591   1088.186    
         592   1135.844    
         593   1106.720    
         594   1082.361    
         595   1122.605    
         596   1107.779    
         597   1108.308    
         598   1153.848    
         599   1146.434    
         600   1207.330    
         601   1119.958    
         602   1090.834    
         603   1098.247    
         604   1121.017    
         605   1125.783    
         606   1202.035    
         607   1119.958    
         608   1167.616    
         609   1092.422    
         610   1101.424    
         611   1092.952    
         612   1125.783    
         613   1125.253    
         614   1071.771    
         615   1095.070    
         616   1095.599    
         617   1089.245    
         618   1099.306    
         619   1103.542    
         620   1081.302    
         621   1106.719    
         622   1116.781    
         623   1041.587    
         624   1091.893    
         625   1075.477    
         626   1046.353    
         627   1019.876    
         628   1009.286    
         629   1029.938    
         630   1026.231    
         631   1013.522    
         632   953.1556    
         633   967.4529    
         634   933.0334    
         635   892.7891    
         636   875.8441    
         637   883.2575    
         638   856.2515    
         639   845.1313    
         640   852.5447    
         641   796.4144    
         642   848.8380    
         643   797.4735    
         644   787.4124    
         645   807.0051    
         646   765.7017    
         647   777.8809    
         648   745.0499    
         649   742.9318    
         650   731.8117    
         651   715.3962    
         652   689.4492    
         653   712.2191    
         654   688.9197    
         655   668.2679    
         656   698.4512    
         657   640.2028    
         658   614.2558    
         659   660.3250    
         660   610.5491    
         661   585.6611    
         662   585.6611    
         663   568.1866    
         664   558.6551    
         665   543.2987    
         666   524.7651    
         667   513.1154    
         668   497.2295    
         669   505.1725    
         670   471.8120    
         671   478.6959    
         672   452.2194    
         673   438.9811    
         674   438.9811    
         675   429.4496    
         676   433.1562    
         677   405.0911    
         678   394.5005    
         679   404.5616    
         680   392.3824    
         681   369.6125    
         682   357.9629    
         683   377.0260    
         684   347.3723    
         685   339.9588    
         686   334.1340    
         687   331.4863    
         688   327.7796    
         689   334.6635    
         690   302.8917    
         691   303.4212    
         692   306.5984    
         693   292.3011    
         694   298.1259    
         695   275.3560    
         696   271.1198    
         697   300.2440    
         698   250.4681    
         699   272.7084    
         700   236.7003    
         701   272.1789    
         702   239.8775    
         703   249.4090    
         704   232.9936    
         705   236.7003    
         706   236.7003    
         707   220.2849    
         708   225.5802    
         709   230.3459    
         710   204.9285    
         711   209.6942    
         712   201.2217    
         713   212.8714    
         714   202.8103    
         715   195.9264    
         716   205.4580    
         717   189.0425    
         718   187.9835    
         719   193.8083    
         720   186.3949    
         721   177.9224    
         722   187.9835    
         723   181.6291    
         724   176.8633    
         725   181.0996    
         726   168.3908    
         727   162.0365    
         728   185.8653    
         729   146.6801    
         730   175.2747    
         731   171.5680    
         732   147.2096    
         733   165.2136    
         734   154.6230    
         735   152.5049    
         736   140.8552    
         737   152.5049    
         738   150.3868    
         739   140.8552    
         740   163.0955    
         741   137.6780    
         742   126.5579    
         743   134.5008    
         744   130.2646    
         745   140.8552    
         746   126.5579    
         747   133.9713    
         748   130.2646    
         749   125.4988    
         750   119.1444    
         751   112.2605    
         752   123.3807    
         753   121.7921    
         754   120.2035    
         755   112.2606    
         756   119.1444    
         757   112.7901    
         758   105.3766    
         759   101.6699    
         760   106.4357    
         761   101.6699    
         762   116.4968    
         763   97.43369    
         764   99.02228    
         765   107.4948    
         766   95.84509    
         767   95.31556    
         768   103.2585    
         769   95.31556    
         770   118.0854    
         771   56.13028    
         772  0.0000000E+00
         773  0.0000000E+00
         774  0.0000000E+00
         775  0.0000000E+00
         776  0.0000000E+00
         777  0.0000000E+00
         778  0.0000000E+00
         779  0.0000000E+00
         780  0.0000000E+00
         781  0.0000000E+00
         782  0.0000000E+00
         783  0.0000000E+00
         784  0.0000000E+00
         785  0.0000000E+00
         786  0.0000000E+00
         787  0.0000000E+00
         788  0.0000000E+00
         789  0.0000000E+00
         790  0.0000000E+00
         791  0.0000000E+00
         792  0.0000000E+00
         793  0.0000000E+00
         794  0.0000000E+00
         795  0.0000000E+00
         796  0.0000000E+00
         797  0.0000000E+00
         798  0.0000000E+00
         799  0.0000000E+00
         800  0.0000000E+00
         801  0.0000000E+00
         802  0.0000000E+00
         803  0.0000000E+00
         804  0.0000000E+00
         805  0.0000000E+00
         806  0.0000000E+00
         807  0.0000000E+00
         808  0.0000000E+00
         809  0.0000000E+00
         810  0.0000000E+00
         811  0.0000000E+00
         812  0.0000000E+00
         813  0.0000000E+00
         814  0.0000000E+00
         815  0.0000000E+00
         816  0.0000000E+00
         817  0.0000000E+00
         818  0.0000000E+00
         819  0.0000000E+00
         820  0.0000000E+00
         821  0.0000000E+00
         822  0.0000000E+00
         823  0.0000000E+00
         824  0.0000000E+00
         825  0.0000000E+00
         826  0.0000000E+00
         827  0.0000000E+00
         828  0.0000000E+00
         829  0.0000000E+00
         830  0.0000000E+00
         831  0.0000000E+00
         832  0.0000000E+00
         833  0.0000000E+00
         834  0.0000000E+00
         835  0.0000000E+00
         836  0.0000000E+00
         837  0.0000000E+00
         838  0.0000000E+00
         839  0.0000000E+00
         840  0.0000000E+00
         841  0.0000000E+00
         842  0.0000000E+00
         843  0.0000000E+00
         844  0.0000000E+00
         845  0.0000000E+00
         846  0.0000000E+00
         847  0.0000000E+00
         848  0.0000000E+00
         849  0.0000000E+00
         850  0.0000000E+00
         851  0.0000000E+00
         852  0.0000000E+00
         853  0.0000000E+00
         854  0.0000000E+00
         855  0.0000000E+00
         856  0.0000000E+00
         857  0.0000000E+00
         858  0.0000000E+00
         859  0.0000000E+00
         860  0.0000000E+00
         861  0.0000000E+00
         862  0.0000000E+00
         863  0.0000000E+00
         864  0.0000000E+00
         865  0.0000000E+00
         866  0.0000000E+00
         867  0.0000000E+00
         868  0.0000000E+00
         869  0.0000000E+00
         870  0.0000000E+00
         871  0.0000000E+00
         872  0.0000000E+00
         873  0.0000000E+00
         874  0.0000000E+00
         875  0.0000000E+00
         876  0.0000000E+00
         877  0.0000000E+00
         878  0.0000000E+00
         879  0.0000000E+00
         880  0.0000000E+00
         881  0.0000000E+00
         882  0.0000000E+00
         883  0.0000000E+00
         884  0.0000000E+00
         885  0.0000000E+00
         886  0.0000000E+00
         887  0.0000000E+00
         888  0.0000000E+00
         889  0.0000000E+00
         890  0.0000000E+00
         891  0.0000000E+00
         892  0.0000000E+00
         893  0.0000000E+00
         894  0.0000000E+00
         895  0.0000000E+00
         896  0.0000000E+00
         897  0.0000000E+00
         898  0.0000000E+00
         899  0.0000000E+00
         900  0.0000000E+00
         901  0.0000000E+00
         902  0.0000000E+00
         903  0.0000000E+00
         904  0.0000000E+00
         905  0.0000000E+00
         906  0.0000000E+00
         907  0.0000000E+00
         908  0.0000000E+00
         909  0.0000000E+00
         910  0.0000000E+00
         911  0.0000000E+00
         912  0.0000000E+00
         913  0.0000000E+00
         914  0.0000000E+00
         915  0.0000000E+00
         916  0.0000000E+00
         917  0.0000000E+00
         918  0.0000000E+00
         919  0.0000000E+00
         920  0.0000000E+00
         921  0.0000000E+00
         922  0.0000000E+00
         923  0.0000000E+00
         924  0.0000000E+00
         925  0.0000000E+00
         926  0.0000000E+00
         927  0.0000000E+00
         928  0.0000000E+00
         929  0.0000000E+00
         930  0.0000000E+00
         931  0.0000000E+00
         932  0.0000000E+00
         933  0.0000000E+00
         934  0.0000000E+00
         935  0.0000000E+00
         936  0.0000000E+00
         937  0.0000000E+00
         938  0.0000000E+00
         939  0.0000000E+00
         940  0.0000000E+00
         941  0.0000000E+00
         942  0.0000000E+00
         943  0.0000000E+00
         944  0.0000000E+00
         945  0.0000000E+00
         946  0.0000000E+00
         947  0.0000000E+00
         948  0.0000000E+00
         949  0.0000000E+00
         950  0.0000000E+00
         951  0.0000000E+00
         952  0.0000000E+00
         953  0.0000000E+00
         954  0.0000000E+00
         955  0.0000000E+00
         956  0.0000000E+00
         957  0.0000000E+00
         958  0.0000000E+00
         959  0.0000000E+00
         960  0.0000000E+00
         961  0.0000000E+00
         962  0.0000000E+00
         963  0.0000000E+00
         964  0.0000000E+00
         965  0.0000000E+00
         966  0.0000000E+00
         967  0.0000000E+00
         968  0.0000000E+00
         969  0.0000000E+00
         970  0.0000000E+00
         971  0.0000000E+00
         972  0.0000000E+00
         973  0.0000000E+00
         974  0.0000000E+00
         975  0.0000000E+00
         976  0.0000000E+00
         977  0.0000000E+00
         978  0.0000000E+00
         979  0.0000000E+00
         980  0.0000000E+00
         981  0.0000000E+00
         982  0.0000000E+00
         983  0.0000000E+00
         984  0.0000000E+00
         985  0.0000000E+00
         986  0.0000000E+00
         987  0.0000000E+00
         988  0.0000000E+00
         989  0.0000000E+00
         990  0.0000000E+00
         991  0.0000000E+00
         992  0.0000000E+00
         993  0.0000000E+00
         994  0.0000000E+00
         995  0.0000000E+00
         996  0.0000000E+00
         997  0.0000000E+00
         998  0.0000000E+00
         999  0.0000000E+00
        1000  0.0000000E+00
        1001  0.0000000E+00
        1002  0.0000000E+00
        1003  0.0000000E+00
        1004  0.0000000E+00
        1005  0.0000000E+00
        1006  0.0000000E+00
        1007  0.0000000E+00
        1008  0.0000000E+00
        1009  0.0000000E+00
        1010  0.0000000E+00
        1011  0.0000000E+00
        1012  0.0000000E+00
        1013  0.0000000E+00
        1014  0.0000000E+00
        1015  0.0000000E+00
        1016  0.0000000E+00
        1017  0.0000000E+00
        1018  0.0000000E+00
        1019  0.0000000E+00
        1020  0.0000000E+00
        1021  0.0000000E+00
        1022  0.0000000E+00
        1023  0.0000000E+00
        1024  0.0000000E+00
