 #   Y    A
           1  0.0000000E+00
           2  0.0000000E+00
           3  0.0000000E+00
           4  0.0000000E+00
           5  0.0000000E+00
           6  0.0000000E+00
           7  0.0000000E+00
           8  0.0000000E+00
           9  0.0000000E+00
          10  0.0000000E+00
          11  0.0000000E+00
          12  0.0000000E+00
          13  0.0000000E+00
          14  0.0000000E+00
          15  0.0000000E+00
          16  0.0000000E+00
          17  0.0000000E+00
          18  0.0000000E+00
          19  0.0000000E+00
          20  0.0000000E+00
          21  0.0000000E+00
          22  0.0000000E+00
          23  0.0000000E+00
          24  0.0000000E+00
          25  0.0000000E+00
          26  0.0000000E+00
          27  0.0000000E+00
          28  0.0000000E+00
          29  0.0000000E+00
          30  0.0000000E+00
          31  0.0000000E+00
          32  0.0000000E+00
          33  0.0000000E+00
          34  0.0000000E+00
          35  0.0000000E+00
          36  0.0000000E+00
          37  0.0000000E+00
          38  0.0000000E+00
          39  0.0000000E+00
          40  0.0000000E+00
          41  0.0000000E+00
          42  0.0000000E+00
          43  0.0000000E+00
          44  0.0000000E+00
          45  0.0000000E+00
          46  0.0000000E+00
          47  0.0000000E+00
          48  0.0000000E+00
          49  0.0000000E+00
          50  0.0000000E+00
          51  0.0000000E+00
          52  0.0000000E+00
          53  0.0000000E+00
          54  0.0000000E+00
          55  0.0000000E+00
          56  0.0000000E+00
          57  0.0000000E+00
          58  0.0000000E+00
          59  0.0000000E+00
          60  0.0000000E+00
          61  0.0000000E+00
          62  0.0000000E+00
          63  0.0000000E+00
          64  0.0000000E+00
          65  0.0000000E+00
          66  0.0000000E+00
          67  0.0000000E+00
          68  0.0000000E+00
          69  0.0000000E+00
          70  0.0000000E+00
          71  0.0000000E+00
          72  0.0000000E+00
          73  0.0000000E+00
          74  0.0000000E+00
          75  0.0000000E+00
          76  0.0000000E+00
          77  0.0000000E+00
          78  0.0000000E+00
          79  0.0000000E+00
          80  0.0000000E+00
          81  0.0000000E+00
          82  0.0000000E+00
          83  0.0000000E+00
          84  0.0000000E+00
          85  0.0000000E+00
          86  0.0000000E+00
          87  0.0000000E+00
          88  0.0000000E+00
          89  0.0000000E+00
          90  0.0000000E+00
          91  0.0000000E+00
          92  0.0000000E+00
          93  0.0000000E+00
          94  0.0000000E+00
          95  0.0000000E+00
          96  0.0000000E+00
          97  0.0000000E+00
          98  0.0000000E+00
          99  0.0000000E+00
         100  0.0000000E+00
         101  0.0000000E+00
         102  0.0000000E+00
         103  0.0000000E+00
         104  0.0000000E+00
         105  0.0000000E+00
         106  0.0000000E+00
         107  0.0000000E+00
         108  0.0000000E+00
         109  0.0000000E+00
         110  0.0000000E+00
         111  0.0000000E+00
         112  0.0000000E+00
         113  0.0000000E+00
         114  0.0000000E+00
         115  0.0000000E+00
         116  0.0000000E+00
         117  0.0000000E+00
         118  0.0000000E+00
         119  0.0000000E+00
         120  0.0000000E+00
         121  0.0000000E+00
         122  0.0000000E+00
         123  0.0000000E+00
         124  0.0000000E+00
         125  0.0000000E+00
         126  0.0000000E+00
         127  0.0000000E+00
         128  0.0000000E+00
         129  0.0000000E+00
         130  0.0000000E+00
         131  0.0000000E+00
         132  0.0000000E+00
         133  0.0000000E+00
         134  0.0000000E+00
         135  0.0000000E+00
         136  0.0000000E+00
         137  0.0000000E+00
         138  0.0000000E+00
         139  0.0000000E+00
         140  0.0000000E+00
         141  0.0000000E+00
         142  0.0000000E+00
         143  0.0000000E+00
         144  0.0000000E+00
         145  0.0000000E+00
         146  0.0000000E+00
         147  0.0000000E+00
         148  0.0000000E+00
         149  0.0000000E+00
         150  0.0000000E+00
         151  0.0000000E+00
         152  0.0000000E+00
         153  0.0000000E+00
         154  0.0000000E+00
         155  0.0000000E+00
         156  0.0000000E+00
         157  0.0000000E+00
         158  0.0000000E+00
         159  0.0000000E+00
         160  0.0000000E+00
         161  0.0000000E+00
         162  0.0000000E+00
         163  0.0000000E+00
         164  0.0000000E+00
         165  0.0000000E+00
         166  0.0000000E+00
         167  0.0000000E+00
         168  0.0000000E+00
         169  0.0000000E+00
         170  0.0000000E+00
         171  0.0000000E+00
         172  0.0000000E+00
         173  0.0000000E+00
         174  0.0000000E+00
         175  0.0000000E+00
         176  0.0000000E+00
         177  0.0000000E+00
         178  0.0000000E+00
         179  0.0000000E+00
         180  0.0000000E+00
         181  0.0000000E+00
         182  0.0000000E+00
         183  0.0000000E+00
         184  0.0000000E+00
         185  0.0000000E+00
         186  0.0000000E+00
         187  0.0000000E+00
         188  0.0000000E+00
         189  0.0000000E+00
         190  0.0000000E+00
         191  0.0000000E+00
         192  0.0000000E+00
         193  0.0000000E+00
         194  0.0000000E+00
         195  0.0000000E+00
         196  0.0000000E+00
         197  0.0000000E+00
         198  0.0000000E+00
         199  0.0000000E+00
         200  0.0000000E+00
         201  0.0000000E+00
         202  0.0000000E+00
         203  0.0000000E+00
         204  0.0000000E+00
         205  0.0000000E+00
         206  0.0000000E+00
         207  0.0000000E+00
         208  0.0000000E+00
         209  0.0000000E+00
         210  0.0000000E+00
         211  0.0000000E+00
         212  0.0000000E+00
         213  0.0000000E+00
         214  0.0000000E+00
         215  0.0000000E+00
         216  0.0000000E+00
         217  0.0000000E+00
         218  0.0000000E+00
         219  0.0000000E+00
         220  0.0000000E+00
         221  0.0000000E+00
         222  0.0000000E+00
         223  0.0000000E+00
         224  0.0000000E+00
         225  0.0000000E+00
         226  0.0000000E+00
         227  0.0000000E+00
         228  0.0000000E+00
         229  0.0000000E+00
         230  0.0000000E+00
         231  0.0000000E+00
         232  0.0000000E+00
         233  0.0000000E+00
         234  0.0000000E+00
         235  0.0000000E+00
         236  0.0000000E+00
         237  0.0000000E+00
         238  0.0000000E+00
         239  0.0000000E+00
         240  0.0000000E+00
         241  0.0000000E+00
         242  0.0000000E+00
         243  0.0000000E+00
         244  0.0000000E+00
         245  0.0000000E+00
         246  0.0000000E+00
         247  0.0000000E+00
         248  0.0000000E+00
         249  0.0000000E+00
         250  0.0000000E+00
         251  0.0000000E+00
         252   1.059062    
         253   3.706716    
         254   9.002025    
         255   16.94499    
         256   15.35640    
         257   19.59264    
         258   19.06311    
         259   21.18124    
         260   21.71077    
         261   22.76983    
         262   21.71077    
         263   23.29936    
         264   17.47452    
         265   20.12217    
         266   23.29936    
         267   14.29733    
         268   29.65373    
         269   35.47857    
         270   23.29936    
         271   20.65170    
         272   26.47654    
         273   16.94499    
         274   21.18124    
         275   25.94701    
         276   24.35842    
         277   21.71077    
         278   27.53561    
         279   29.65373    
         280   20.65170    
         281   25.41748    
         282   25.41748    
         283   25.41748    
         284   23.82889    
         285   26.47654    
         286   30.18326    
         287   27.53561    
         288   21.18124    
         289   27.00607    
         290   24.35842    
         291   28.06514    
         292   38.65575    
         293   28.06514    
         294   27.00607    
         295   33.88998    
         296   26.47654    
         297   30.18326    
         298   22.76983    
         299   27.00607    
         300   30.18326    
         301   24.88795    
         302   26.47654    
         303   39.71482    
         304   31.24232    
         305   33.88998    
         306   35.47857    
         307   28.06514    
         308   34.94904    
         309   28.59467    
         310   33.88998    
         311   32.30138    
         312   39.18529    
         313   32.30138    
         314   43.42153    
         315   41.83294    
         316   30.71279    
         317   36.00810    
         318   38.65575    
         319   33.36045    
         320   32.83091    
         321   32.83091    
         322   36.00810    
         323   55.60074    
         324   36.53763    
         325   38.12622    
         326   36.00810    
         327   36.53763    
         328   42.89200    
         329   58.77793    
         330   44.48059    
         331   56.13028    
         332   49.24637    
         333   38.65575    
         334   45.01012    
         335   48.71684    
         336   42.36247    
         337   54.01215    
         338   48.71684    
         339   62.48465    
         340   57.71886    
         341   56.13027    
         342   52.42356    
         343   49.77590    
         344   74.66386    
         345   62.48465    
         346   61.42558    
         347   91.60884    
         348   64.60277    
         349   75.19338    
         350   88.43166    
         351   88.96119    
         352   94.78603    
         353   92.13837    
         354   111.7310    
         355   97.96321    
         356   116.4968    
         357   106.4357    
         358   131.3237    
         359   134.5008    
         360   133.4418    
         361   148.7982    
         362   147.7391    
         363   171.0385    
         364   183.2177    
         365   194.8674    
         366   176.3338    
         367   212.8714    
         368   200.6922    
         369   200.6922    
         370   208.1056    
         371   227.6983    
         372   227.1687    
         373   234.5822    
         374   233.5231    
         375   236.1708    
         376   213.9305    
         377   230.8755    
         378   250.9976    
         379   221.3439    
         380   236.7003    
         381   234.0526    
         382   239.3480    
         383   238.2889    
         384   238.2889    
         385   241.4661    
         386   246.2319    
         387   231.9345    
         388   242.5251    
         389   247.8204    
         390   249.9386    
         391   256.2929    
         392   278.5332    
         393   259.9997    
         394   281.7104    
         395   299.7145    
         396   299.7145    
         397   323.0138    
         398   322.4843    
         399   333.6045    
         400   368.0240    
         401   329.3682    
         402   378.6146    
         403   367.4944    
         404   394.5005    
         405   404.5616    
         406   424.6838    
         407   417.2703    
         408   445.3355    
         409   475.5187    
         410   431.5677    
         411   443.2173    
         412   459.6328    
         413   479.2254    
         414   446.9241    
         415   483.4617    
         416   468.6348    
         417   473.4006    
         418   516.8221    
         419   490.8751    
         420   516.2926    
         421   547.5349    
         422   532.1785    
         423   534.8262    
         424   570.8343    
         425   556.5370    
         426   574.0115    
         427   594.6631    
         428   582.4839    
         429   624.8464    
         430   634.3780    
         431   622.1988    
         432   658.2069    
         433   664.5613    
         434   634.9075    
         435   670.3861    
         436   686.8016    
         437   656.6183    
         438   657.1478    
         439   659.7955    
         440   670.3861    
         441   674.6224    
         442   666.1498    
         443   660.3250    
         444   652.3820    
         445   701.0989    
         446   678.8586    
         447   666.1498    
         448   671.4452    
         449   651.8525    
         450   688.9197    
         451   687.8606    
         452   702.6875    
         453   676.2109    
         454   685.2130    
         455   709.0419    
         456   707.4532    
         457   713.8076    
         458   697.9217    
         459   721.2211    
         460   730.2231    
         461   765.1721    
         462   758.8177    
         463   745.0499    
         464   784.2352    
         465   805.9460    
         466   785.2943    
         467   803.8279    
         468   846.7199    
         469   845.6608    
         470   893.3186    
         471   884.3166    
         472   935.1516    
         473   884.8461    
         474   911.3226    
         475   876.3736    
         476   925.6200    
         477   957.9214    
         478   946.2717    
         479   924.5609    
         480   947.8603    
         481   909.7341    
         482   969.0415    
         483   920.3246    
         484   974.8663    
         485   911.3226    
         486   970.6301    
         487   933.0334    
         488   935.1516    
         489   995.5181    
         490   955.8032    
         491   979.6321    
         492   961.6281    
         493   948.3898    
         494   983.8684    
         495   959.5099    
         496   1004.520    
         497   1010.874    
         498   1002.932    
         499   1051.119    
         500   1042.117    
         501   1025.172    
         502   1025.701    
         503   1069.123    
         504   1044.235    
         505   1086.597    
         506   1104.072    
         507   1068.593    
         508   1064.887    
         509   1056.414    
         510   1083.420    
         511   1101.424    
         512   1079.184    
         513   1105.661    
         514   1089.245    
         515   1158.084    
         516   1135.314    
         517   1175.029    
         518   1168.675    
         519   1172.911    
         520   1206.801    
         521   1187.738    
         522   1188.267    
         523   1200.976    
         524   1203.624    
         525   1225.334    
         526   1191.974    
         527   1250.752    
         528   1251.811    
         529   1250.752    
         530   1204.153    
         531   1279.876    
         532   1250.222    
         533   1258.165    
         534   1272.463    
         535   1261.343    
         536   1203.094    
         537   1257.636    
         538   1250.752    
         539   1237.514    
         540   1254.988    
         541   1232.748    
         542   1238.043    
         543   1258.165    
         544   1199.917    
         545   1207.330    
         546   1198.328    
         547   1164.968    
         548   1146.964    
         549   1146.964    
         550   1167.086    
         551   1137.962    
         552   1180.324    
         553   1173.970    
         554   1204.683    
         555   1188.267    
         556   1191.974    
         557   1257.106    
         558   1243.868    
         559   1234.336    
         560   1286.230    
         561   1265.049    
         562   1261.872    
         563   1268.226    
         564   1325.416    
         565   1279.347    
         566   1310.059    
         567   1287.819    
         568   1310.059    
         569   1349.774    
         570   1345.008    
         571   1378.898    
         572   1368.308    
         573   1423.379    
         574   1388.959    
         575   1427.086    
         576   1406.434    
         577   1407.493    
         578   1410.670    
         579   1343.420    
         580   1427.615    
         581   1375.721    
         582   1381.546    
         583   1370.955    
         584   1384.723    
         585   1377.839    
         586   1401.139    
         587   1419.143    
         588   1409.082    
         589   1430.263    
         590   1391.607    
         591   1412.259    
         592   1420.731    
         593   1389.489    
         594   1454.621    
         595   1422.320    
         596   1466.801    
         597   1492.218    
         598   1423.379    
         599   1513.399    
         600   1491.159    
         601   1532.462    
         602   1540.405    
         603   1553.114    
         604   1580.650    
         605   1646.841    
         606   1668.552    
         607   1705.619    
         608   1750.100    
         609   1833.236    
         610   1946.556    
         611   1973.562    
         612   2169.488    
         613   2293.398    
         614   2524.274    
         615   2769.447    
         616   3025.740    
         617   3392.175    
         618   3936.532    
         619   4517.428    
         620   5141.745    
         621   4937.346    
         622   4625.982    
         623   3874.048    
         624   3299.507    
         625   2955.312    
         626   2620.119    
         627   2233.032    
         628   1997.920    
         629   1928.552    
         630   1815.761    
         631   1681.260    
         632   1545.701    
         633   1483.216    
         634   1426.556    
         635   1404.845    
         636   1323.298    
         637   1312.707    
         638   1212.626    
         639   1197.269    
         640   1157.555    
         641   1122.605    
         642   1054.296    
         643   1033.644    
         644   1011.404    
         645   981.2207    
         646   961.6281    
         647   920.8542    
         648   926.6790    
         649   913.4408    
         650   887.4938    
         651   894.9072    
         652   833.4816    
         653   836.6588    
         654   819.7138    
         655   810.7118    
         656   812.3004    
         657   769.9379    
         658   765.1721    
         659   776.8218    
         660   750.3453    
         661   738.6956    
         662   679.3881    
         663   715.9258    
         664   679.9177    
         665   687.8606    
         666   650.2639    
         667   656.6183    
         668   650.2639    
         669   625.9055    
         670   628.0236    
         671   613.1968    
         672   580.8954    
         673   565.0095    
         674   556.5369    
         675   527.4128    
         676   525.2946    
         677   517.8812    
         678   495.1114    
         679   493.5228    
         680   469.1644    
         681   455.9261    
         682   473.9301    
         683   462.2805    
         684   432.6267    
         685   427.8610    
         686   420.9771    
         687   427.8610    
         688   432.0972    
         689   400.3253    
         690   416.7408    
         691   382.3213    
         692   414.0931    
         693   389.2052    
         694   400.8549    
         695   370.1421    
         696   372.2602    
         697   383.3804    
         698   347.9018    
         699   375.9669    
         700   361.1401    
         701   359.0219    
         702   364.8468    
         703   355.8448    
         704   339.9588    
         705   333.6045    
         706   329.8977    
         707   334.1340    
         708   318.7776    
         709   335.7226    
         710   303.9507    
         711   320.8957    
         712   310.8346    
         713   312.4232    
         714   310.3051    
         715   312.4232    
         716   312.4232    
         717   309.2460    
         718   298.6554    
         719   292.3011    
         720   301.3031    
         721   289.6534    
         722   291.7715    
         723   291.2420    
         724   298.6554    
         725   281.1809    
         726   291.7715    
         727   280.6514    
         728   282.7695    
         729   287.5353    
         730   275.3560    
         731   274.2970    
         732   284.8876    
         733   275.3560    
         734   276.9446    
         735   265.2950    
         736   281.1809    
         737   280.6514    
         738   257.8815    
         739   274.2970    
         740   271.1198    
         741   262.1178    
         742   258.9406    
         743   271.6494    
         744   265.2950    
         745   254.1748    
         746   263.7064    
         747   245.7023    
         748   265.8245    
         749   267.9426    
         750   253.1158    
         751   257.8815    
         752   253.6453    
         753   263.1768    
         754   240.9366    
         755   251.5272    
         756   246.2319    
         757   257.8815    
         758   245.1728    
         759   238.8184    
         760   259.4701    
         761   244.6433    
         762   253.1158    
         763   232.4641    
         764   237.7594    
         765   248.3500    
         766   245.7023    
         767   247.8204    
         768   236.7003    
         769   238.2889    
         770   248.3500    
         771   242.5251    
         772   231.4050    
         773   240.4070    
         774   239.3480    
         775   253.6453    
         776   224.5211    
         777   244.6433    
         778   253.6453    
         779   240.9366    
         780   231.4050    
         781   239.8775    
         782   240.9366    
         783   245.1728    
         784   238.2889    
         785   232.9936    
         786   239.8775    
         787   228.7573    
         788   243.0547    
         789   231.4050    
         790   227.1687    
         791   236.1708    
         792   225.0506    
         793   226.6392    
         794   203.8694    
         795   230.3459    
         796   231.9345    
         797   198.0446    
         798   230.8755    
         799   219.7553    
         800   205.4580    
         801   227.1687    
         802   200.6922    
         803   191.6902    
         804   214.9895    
         805   197.5150    
         806   207.0466    
         807   185.8653    
         808   202.8103    
         809   191.6902    
         810   187.9835    
         811   180.5700    
         812   186.3949    
         813   186.3949    
         814   172.6271    
         815   181.6291    
         816   162.5660    
         817   184.8063    
         818   169.4499    
         819   168.3908    
         820   171.0385    
         821   163.0955    
         822   147.7391    
         823   164.6841    
         824   162.5660    
         825   140.8552    
         826   147.7391    
         827   150.9163    
         828   165.7432    
         829   129.7351    
         830   135.5599    
         831   156.2116    
         832   128.6760    
         833   136.6190    
         834   127.6169    
         835   132.3827    
         836   114.9082    
         837   127.6169    
         838   125.4988    
         839   113.3196    
         840   83.66588    
         841   93.72697    
         842   75.19338    
         843   75.72292    
         844   81.01823    
         845   76.25245    
         846   84.19541    
         847   75.72292    
         848   74.13432    
         849   86.84306    
         850   74.13432    
         851   73.60479    
         852   75.72292    
         853   71.48667    
         854   79.42963    
         855   70.95714    
         856   74.66386    
         857   65.66183    
         858   74.13432    
         859   73.60479    
         860   66.72089    
         861   68.83901    
         862   72.54573    
         863   66.19136    
         864   67.77995    
         865   68.83901    
         866   67.77995    
         867   60.89605    
         868   65.66183    
         869   64.07323    
         870   63.01418    
         871   66.72089    
         872   63.01418    
         873   61.42558    
         874   58.77793    
         875   67.25042    
         876   57.71887    
         877   57.18933    
         878   66.19136    
         879   53.48262    
         880   63.01418    
         881   58.77793    
         882   53.48262    
         883   54.54168    
         884   54.01215    
         885   63.01418    
         886   58.77793    
         887   52.95309    
         888   63.54370    
         889   55.60074    
         890   57.18933    
         891   50.83496    
         892   55.60074    
         893   58.24840    
         894   54.54168    
         895   57.71886    
         896   54.01215    
         897   57.71887    
         898   56.65981    
         899   59.83699    
         900   63.54370    
         901   67.77995    
         902   113.8491    
         903   45.53966    
         904  0.0000000E+00
         905  0.0000000E+00
         906  0.0000000E+00
         907  0.0000000E+00
         908  0.0000000E+00
         909  0.0000000E+00
         910  0.0000000E+00
         911  0.0000000E+00
         912  0.0000000E+00
         913  0.0000000E+00
         914  0.0000000E+00
         915  0.0000000E+00
         916  0.0000000E+00
         917  0.0000000E+00
         918  0.0000000E+00
         919  0.0000000E+00
         920  0.0000000E+00
         921  0.0000000E+00
         922  0.0000000E+00
         923  0.0000000E+00
         924  0.0000000E+00
         925  0.0000000E+00
         926  0.0000000E+00
         927  0.0000000E+00
         928  0.0000000E+00
         929  0.0000000E+00
         930  0.0000000E+00
         931  0.0000000E+00
         932  0.0000000E+00
         933  0.0000000E+00
         934  0.0000000E+00
         935  0.0000000E+00
         936  0.0000000E+00
         937  0.0000000E+00
         938  0.0000000E+00
         939  0.0000000E+00
         940  0.0000000E+00
         941  0.0000000E+00
         942  0.0000000E+00
         943  0.0000000E+00
         944  0.0000000E+00
         945  0.0000000E+00
         946  0.0000000E+00
         947  0.0000000E+00
         948  0.0000000E+00
         949  0.0000000E+00
         950  0.0000000E+00
         951  0.0000000E+00
         952  0.0000000E+00
         953  0.0000000E+00
         954  0.0000000E+00
         955  0.0000000E+00
         956  0.0000000E+00
         957  0.0000000E+00
         958  0.0000000E+00
         959  0.0000000E+00
         960  0.0000000E+00
         961  0.0000000E+00
         962  0.0000000E+00
         963  0.0000000E+00
         964  0.0000000E+00
         965  0.0000000E+00
         966  0.0000000E+00
         967  0.0000000E+00
         968  0.0000000E+00
         969  0.0000000E+00
         970  0.0000000E+00
         971  0.0000000E+00
         972  0.0000000E+00
         973  0.0000000E+00
         974  0.0000000E+00
         975  0.0000000E+00
         976  0.0000000E+00
         977  0.0000000E+00
         978  0.0000000E+00
         979  0.0000000E+00
         980  0.0000000E+00
         981  0.0000000E+00
         982  0.0000000E+00
         983  0.0000000E+00
         984  0.0000000E+00
         985  0.0000000E+00
         986  0.0000000E+00
         987  0.0000000E+00
         988  0.0000000E+00
         989  0.0000000E+00
         990  0.0000000E+00
         991  0.0000000E+00
         992  0.0000000E+00
         993  0.0000000E+00
         994  0.0000000E+00
         995  0.0000000E+00
         996  0.0000000E+00
         997  0.0000000E+00
         998  0.0000000E+00
         999  0.0000000E+00
        1000  0.0000000E+00
        1001  0.0000000E+00
        1002  0.0000000E+00
        1003  0.0000000E+00
        1004  0.0000000E+00
        1005  0.0000000E+00
        1006  0.0000000E+00
        1007  0.0000000E+00
        1008  0.0000000E+00
        1009  0.0000000E+00
        1010  0.0000000E+00
        1011  0.0000000E+00
        1012  0.0000000E+00
        1013  0.0000000E+00
        1014  0.0000000E+00
        1015  0.0000000E+00
        1016  0.0000000E+00
        1017  0.0000000E+00
        1018  0.0000000E+00
        1019  0.0000000E+00
        1020  0.0000000E+00
        1021  0.0000000E+00
        1022  0.0000000E+00
        1023  0.0000000E+00
        1024  0.0000000E+00
