 #   Y    A
           1  0.0000000E+00
           2  0.0000000E+00
           3  0.0000000E+00
           4  0.0000000E+00
           5  0.0000000E+00
           6  0.0000000E+00
           7  0.0000000E+00
           8  0.0000000E+00
           9  0.0000000E+00
          10  0.0000000E+00
          11  0.0000000E+00
          12  0.0000000E+00
          13  0.0000000E+00
          14  0.0000000E+00
          15  0.0000000E+00
          16  0.0000000E+00
          17  0.0000000E+00
          18  0.0000000E+00
          19  0.0000000E+00
          20  0.0000000E+00
          21  0.0000000E+00
          22  0.0000000E+00
          23  0.0000000E+00
          24  0.0000000E+00
          25  0.0000000E+00
          26  0.0000000E+00
          27  0.0000000E+00
          28  0.0000000E+00
          29  0.0000000E+00
          30  0.0000000E+00
          31  0.0000000E+00
          32  0.0000000E+00
          33  0.0000000E+00
          34  0.0000000E+00
          35  0.0000000E+00
          36  0.0000000E+00
          37  0.0000000E+00
          38  0.0000000E+00
          39  0.0000000E+00
          40  0.0000000E+00
          41  0.0000000E+00
          42  0.0000000E+00
          43  0.0000000E+00
          44  0.0000000E+00
          45  0.0000000E+00
          46  0.0000000E+00
          47  0.0000000E+00
          48  0.0000000E+00
          49  0.0000000E+00
          50  0.0000000E+00
          51  0.0000000E+00
          52  0.0000000E+00
          53  0.0000000E+00
          54  0.0000000E+00
          55  0.0000000E+00
          56  0.0000000E+00
          57  0.0000000E+00
          58  0.0000000E+00
          59  0.0000000E+00
          60  0.0000000E+00
          61  0.0000000E+00
          62  0.0000000E+00
          63  0.0000000E+00
          64  0.0000000E+00
          65  0.0000000E+00
          66  0.0000000E+00
          67  0.0000000E+00
          68  0.0000000E+00
          69  0.0000000E+00
          70  0.0000000E+00
          71  0.0000000E+00
          72  0.0000000E+00
          73  0.0000000E+00
          74  0.0000000E+00
          75  0.0000000E+00
          76  0.0000000E+00
          77  0.0000000E+00
          78  0.0000000E+00
          79  0.0000000E+00
          80  0.0000000E+00
          81  0.0000000E+00
          82  0.0000000E+00
          83  0.0000000E+00
          84  0.0000000E+00
          85  0.0000000E+00
          86  0.0000000E+00
          87  0.0000000E+00
          88  0.0000000E+00
          89  0.0000000E+00
          90  0.0000000E+00
          91  0.0000000E+00
          92  0.0000000E+00
          93  0.0000000E+00
          94  0.0000000E+00
          95  0.0000000E+00
          96  0.0000000E+00
          97  0.0000000E+00
          98  0.0000000E+00
          99  0.0000000E+00
         100  0.0000000E+00
         101  0.0000000E+00
         102  0.0000000E+00
         103  0.0000000E+00
         104  0.0000000E+00
         105  0.0000000E+00
         106  0.0000000E+00
         107  0.0000000E+00
         108  0.0000000E+00
         109  0.0000000E+00
         110  0.0000000E+00
         111  0.0000000E+00
         112  0.0000000E+00
         113  0.0000000E+00
         114  0.0000000E+00
         115  0.0000000E+00
         116  0.0000000E+00
         117  0.0000000E+00
         118  0.0000000E+00
         119  0.0000000E+00
         120  0.0000000E+00
         121  0.0000000E+00
         122  0.0000000E+00
         123  0.0000000E+00
         124  0.0000000E+00
         125  0.0000000E+00
         126  0.0000000E+00
         127  0.0000000E+00
         128  0.0000000E+00
         129  0.0000000E+00
         130  0.0000000E+00
         131  0.0000000E+00
         132  0.0000000E+00
         133  0.0000000E+00
         134  0.0000000E+00
         135  0.0000000E+00
         136  0.0000000E+00
         137  0.0000000E+00
         138  0.0000000E+00
         139  0.0000000E+00
         140  0.0000000E+00
         141  0.0000000E+00
         142  0.0000000E+00
         143  0.0000000E+00
         144  0.0000000E+00
         145  0.0000000E+00
         146  0.0000000E+00
         147  0.0000000E+00
         148  0.0000000E+00
         149  0.0000000E+00
         150  0.0000000E+00
         151  0.0000000E+00
         152  0.0000000E+00
         153  0.0000000E+00
         154  0.0000000E+00
         155  0.0000000E+00
         156  0.0000000E+00
         157  0.0000000E+00
         158  0.0000000E+00
         159  0.0000000E+00
         160  0.0000000E+00
         161  0.0000000E+00
         162  0.0000000E+00
         163  0.0000000E+00
         164  0.0000000E+00
         165  0.0000000E+00
         166  0.0000000E+00
         167  0.0000000E+00
         168  0.0000000E+00
         169  0.0000000E+00
         170  0.0000000E+00
         171  0.0000000E+00
         172  0.0000000E+00
         173  0.0000000E+00
         174  0.0000000E+00
         175  0.0000000E+00
         176  0.0000000E+00
         177  0.0000000E+00
         178  0.0000000E+00
         179  0.0000000E+00
         180  0.0000000E+00
         181  0.0000000E+00
         182  0.0000000E+00
         183  0.0000000E+00
         184  0.0000000E+00
         185  0.0000000E+00
         186  0.0000000E+00
         187  0.0000000E+00
         188  0.0000000E+00
         189  0.0000000E+00
         190  0.0000000E+00
         191  0.0000000E+00
         192  0.0000000E+00
         193  0.0000000E+00
         194  0.0000000E+00
         195  0.0000000E+00
         196  0.0000000E+00
         197  0.0000000E+00
         198  0.0000000E+00
         199  0.0000000E+00
         200  0.0000000E+00
         201  0.0000000E+00
         202  0.0000000E+00
         203  0.0000000E+00
         204  0.0000000E+00
         205  0.0000000E+00
         206  0.0000000E+00
         207  0.0000000E+00
         208  0.0000000E+00
         209  0.0000000E+00
         210  0.0000000E+00
         211  0.0000000E+00
         212  0.0000000E+00
         213  0.0000000E+00
         214  0.0000000E+00
         215  0.0000000E+00
         216  0.0000000E+00
         217  0.0000000E+00
         218  0.0000000E+00
         219  0.0000000E+00
         220  0.0000000E+00
         221  0.0000000E+00
         222  0.0000000E+00
         223  0.0000000E+00
         224  0.0000000E+00
         225  0.0000000E+00
         226  0.0000000E+00
         227  0.0000000E+00
         228  0.0000000E+00
         229  0.0000000E+00
         230  0.0000000E+00
         231  0.0000000E+00
         232  0.0000000E+00
         233  0.0000000E+00
         234  0.0000000E+00
         235  0.0000000E+00
         236  0.0000000E+00
         237  0.0000000E+00
         238  0.0000000E+00
         239  0.0000000E+00
         240  0.0000000E+00
         241  0.0000000E+00
         242  0.0000000E+00
         243  0.0000000E+00
         244  0.0000000E+00
         245  0.0000000E+00
         246  0.0000000E+00
         247  0.0000000E+00
         248  0.0000000E+00
         249  0.0000000E+00
         250  0.0000000E+00
         251  0.0000000E+00
         252  0.0000000E+00
         253  0.0000000E+00
         254  0.0000000E+00
         255  0.0000000E+00
         256  0.0000000E+00
         257  0.0000000E+00
         258  0.0000000E+00
         259  0.0000000E+00
         260  0.0000000E+00
         261  0.0000000E+00
         262  0.0000000E+00
         263  0.0000000E+00
         264  0.0000000E+00
         265  0.0000000E+00
         266  0.0000000E+00
         267  0.0000000E+00
         268  0.0000000E+00
         269  0.0000000E+00
         270  0.0000000E+00
         271  0.0000000E+00
         272  0.0000000E+00
         273  0.0000000E+00
         274  0.0000000E+00
         275  0.0000000E+00
         276  0.0000000E+00
         277  0.0000000E+00
         278  0.0000000E+00
         279  0.0000000E+00
         280  0.0000000E+00
         281  0.0000000E+00
         282  0.0000000E+00
         283  0.0000000E+00
         284  0.0000000E+00
         285  0.0000000E+00
         286  0.0000000E+00
         287  0.0000000E+00
         288  0.0000000E+00
         289  0.0000000E+00
         290  0.0000000E+00
         291  0.0000000E+00
         292  0.0000000E+00
         293  0.0000000E+00
         294  0.0000000E+00
         295  0.0000000E+00
         296  0.0000000E+00
         297  0.0000000E+00
         298  0.0000000E+00
         299  0.0000000E+00
         300  0.0000000E+00
         301  0.0000000E+00
         302  0.0000000E+00
         303  0.0000000E+00
         304  0.0000000E+00
         305  0.0000000E+00
         306  0.0000000E+00
         307  0.0000000E+00
         308  0.0000000E+00
         309  0.0000000E+00
         310   3.177185    
         311   7.942963    
         312   17.47452    
         313   19.06311    
         314   23.82889    
         315   22.24030    
         316   27.53561    
         317   25.94701    
         318   25.41748    
         319   29.65373    
         320   19.06311    
         321   30.18326    
         322   19.59264    
         323   41.30341    
         324   36.53763    
         325   22.24030    
         326   30.18326    
         327   24.35842    
         328   29.65373    
         329   27.53561    
         330   26.47654    
         331   36.00810    
         332   28.59467    
         333   30.18326    
         334   29.12420    
         335   32.83091    
         336   34.41951    
         337   37.59669    
         338   30.18326    
         339   33.36045    
         340   30.18326    
         341   43.42153    
         342   36.53763    
         343   37.06716    
         344   37.59669    
         345   34.41951    
         346   30.71279    
         347   31.77185    
         348   34.41951    
         349   33.36045    
         350   37.06716    
         351   32.30138    
         352   45.01012    
         353   42.89200    
         354   32.30138    
         355   37.59669    
         356   32.83091    
         357   32.83091    
         358   42.36247    
         359   47.12825    
         360   48.71684    
         361   38.65575    
         362   36.00810    
         363   46.06919    
         364   35.47857    
         365   42.89200    
         366   32.30138    
         367   52.95309    
         368   44.48059    
         369   45.53966    
         370   43.42153    
         371   40.24435    
         372   57.18933    
         373   52.95309    
         374   56.13027    
         375   49.24637    
         376   50.30544    
         377   43.95107    
         378   62.48465    
         379   50.83496    
         380   55.07121    
         381   55.60074    
         382   66.19136    
         383   63.54370    
         384   54.54168    
         385   60.89605    
         386   61.95511    
         387   65.13230    
         388   60.89605    
         389   75.19339    
         390   67.25042    
         391   74.66386    
         392   75.19338    
         393   79.42963    
         394   78.90010    
         395   69.89808    
         396   90.54978    
         397   96.37462    
         398   99.55180    
         399   86.84306    
         400   97.43369    
         401   99.02228    
         402   109.0834    
         403   111.2015    
         404   121.7921    
         405   124.9693    
         406   133.9713    
         407   141.9143    
         408   174.7452    
         409   155.1525    
         410   174.7452    
         411   183.7472    
         412   200.1627    
         413   218.6963    
         414   214.9895    
         415   240.9366    
         416   259.4701    
         417   307.6574    
         418   304.4803    
         419   311.3642    
         420   341.5474    
         421   349.4904    
         422   387.6166    
         423   396.0891    
         424   393.9710    
         425   418.8589    
         426   412.5045    
         427   424.6838    
         428   403.5025    
         429   426.8019    
         430   407.7388    
         431   419.3885    
         432   416.7408    
         433   413.5636    
         434   428.9200    
         435   454.3375    
         436   454.3375    
         437   488.2275    
         438   489.2865    
         439   510.4678    
         440   517.3517    
         441   529.5309    
         442   523.7061    
         443   558.1255    
         444   542.7692    
         445   571.8934    
         446   585.6611    
         447   620.6102    
         448   641.7914    
         449   650.2639    
         450   686.8016    
         451   693.6854    
         452   730.7526    
         453   757.7587    
         454   826.5977    
         455   823.9501    
         456   891.7300    
         457   949.9784    
         458   980.6912    
         459   1027.290    
         460   1029.408    
         461   1119.958    
         462   1103.542    
         463   1114.662    
         464   1104.072    
         465   1116.781    
         466   1095.070    
         467   1125.253    
         468   1100.895    
         469   1039.469    
         470   1059.591    
         471   1038.940    
         472   984.9274    
         473   1005.050    
         474   961.0986    
         475   985.4570    
         476   1006.109    
         477   985.9865    
         478   1007.697    
         479   1005.050    
         480   1053.766    
         481   1027.819    
         482   1059.591    
         483   1101.954    
         484   1096.129    
         485   1098.777    
         486   1119.958    
         487   1115.722    
         488   1156.495    
         489   1135.314    
         490   1166.027    
         491   1139.021    
         492   1172.911    
         493   1143.787    
         494   1118.369    
         495   1158.084    
         496   1150.671    
         497   1154.907    
         498   1185.620    
         499   1155.436    
         500   1224.275    
         501   1184.561    
         502   1260.284    
         503   1227.453    
         504   1258.165    
         505   1239.102    
         506   1268.226    
         507   1264.520    
         508   1271.933    
         509   1249.163    
         510   1230.100    
         511   1276.699    
         512   1256.577    
         513   1269.286    
         514   1281.994    
         515   1294.703    
         516   1316.943    
         517   1352.422    
         518   1355.599    
         519   1322.768    
         520   1413.318    
         521   1378.898    
         522   1454.092    
         523   1449.326    
         524   1476.332    
         525   1542.523    
         526   1624.071    
         527   1669.611    
         528   1762.279    
         529   1779.224    
         530   1913.195    
         531   2061.993    
         532   2182.726    
         533   2282.808    
         534   2404.600    
         535   2427.899    
         536   2643.418    
         537   2757.267    
         538   2880.648    
         539   3250.790    
         540   3528.264    
         541   3858.162    
         542   4144.638    
         543   4259.546    
         544   4493.069    
         545   4772.132    
         546   5075.554    
         547   5289.484    
         548   5523.537    
         549   5529.361    
         550   4514.780    
         551   3273.560    
         552   2513.683    
         553   2186.433    
         554   1966.678    
         555   1852.829    
         556   1731.566    
         557   1606.067    
         558   1567.411    
         559   1446.678    
         560   1445.619    
         561   1474.744    
         562   1436.617    
         563   1375.721    
         564   1376.780    
         565   1286.230    
         566   1323.298    
         567   1231.159    
         568   1230.100    
         569   1215.803    
         570   1238.043    
         571   1198.858    
         572   1205.212    
         573   1214.214    
         574   1208.390    
         575   1173.970    
         576   1207.860    
         577   1169.204    
         578   1121.017    
         579   1180.854    
         580   1149.612    
         581   1136.903    
         582   1131.078    
         583   1118.369    
         584   1082.361    
         585   1112.015    
         586   1046.883    
         587   1134.785    
         588   1051.648    
         589   1083.420    
         590   1122.605    
         591   1096.129    
         592   1077.595    
         593   1100.895    
         594   1059.062    
         595   1064.887    
         596   1039.999    
         597   1056.944    
         598   1077.595    
         599   1069.652    
         600   1108.308    
         601   1090.834    
         602   1055.885    
         603   1037.880    
         604   1062.768    
         605   1041.587    
         606   1087.656    
         607   1042.646    
         608   1065.946    
         609   1076.007    
         610   1034.703    
         611   1001.872    
         612   979.6321    
         613   1007.697    
         614   1021.995    
         615   994.9885    
         616   969.5710    
         617   986.5161    
         618   989.6932    
         619   1008.227    
         620   992.3409    
         621   1012.463    
         622   998.6953    
         623   1016.170    
         624   1036.292    
         625   993.3999    
         626   1018.288    
         627   993.3999    
         628   1005.579    
         629   974.3368    
         630   971.6891    
         631   945.7422    
         632   985.9865    
         633   973.2778    
         634   962.1576    
         635   894.3777    
         636   935.6811    
         637   916.6180    
         638   876.3736    
         639   900.7321    
         640   878.4918    
         641   884.8461    
         642   860.4877    
         643   871.6078    
         644   841.9541    
         645   813.8890    
         646   829.2454    
         647   821.3024    
         648   766.7607    
         649   791.1191    
         650   759.3473    
         651   742.9318    
         652   757.2292    
         653   717.5143    
         654   714.8667    
         655   722.2802    
         656   684.1539    
         657   695.2740    
         658   677.2700    
         659   658.7364    
         660   667.2089    
         661   655.5592    
         662   655.5593    
         663   614.2558    
         664   602.6061    
         665   611.0786    
         666   590.4269    
         667   563.9504    
         668   517.8812    
         669   535.8853    
         670   480.8140    
         671   503.0543    
         672   465.4576    
         673   469.1644    
         674   459.6328    
         675   455.9261    
         676   443.7469    
         677   449.5717    
         678   424.6838    
         679   422.0361    
         680   412.5045    
         681   398.2072    
         682   406.6797    
         683   384.4394    
         684   390.7938    
         685   380.2032    
         686   361.6696    
         687   346.8427    
         688   361.6696    
         689   353.7266    
         690   343.1360    
         691   327.7796    
         692   344.1951    
         693   310.8346    
         694   321.4252    
         695   303.9507    
         696   318.7776    
         697   297.0668    
         698   291.2420    
         699   305.5393    
         700   271.6494    
         701   285.9467    
         702   274.2970    
         703   263.1768    
         704   250.9976    
         705   266.3540    
         706   254.1748    
         707   258.9406    
         708   243.0547    
         709   234.0526    
         710   245.1728    
         711   220.2849    
         712   233.5231    
         713   233.5231    
         714   216.0486    
         715   214.4600    
         716   204.3989    
         717   221.3439    
         718   206.5170    
         719   196.9855    
         720   200.6922    
         721   196.9855    
         722   195.3969    
         723   190.1016    
         724   185.3358    
         725   184.8063    
         726   179.5110    
         727   183.2177    
         728   171.5680    
         729   180.0405    
         730   171.0385    
         731   171.5680    
         732   162.5660    
         733   175.2747    
         734   157.8002    
         735   167.3318    
         736   155.6821    
         737   168.3908    
         738   151.4458    
         739   158.8593    
         740   150.3868    
         741   141.3848    
         742   160.4479    
         743   135.5599    
         744   148.2686    
         745   145.6210    
         746   148.2686    
         747   129.2055    
         748   149.3277    
         749   136.6190    
         750   135.0304    
         751   126.0284    
         752   126.5579    
         753   133.4418    
         754   133.9713    
         755   133.4418    
         756   137.6780    
         757   122.8512    
         758   109.0834    
         759   128.6760    
         760   114.3787    
         761   119.1444    
         762   119.6740    
         763   111.2015    
         764   117.0263    
         765   115.4377    
         766   111.7310    
         767   110.1424    
         768   97.96321    
         769   108.0243    
         770   101.1404    
         771   109.6129    
         772   108.0243    
         773   100.6109    
         774   102.1995    
         775   100.6109    
         776   88.43166    
         777   94.78603    
         778   91.60884    
         779   92.66791    
         780   95.31556    
         781   99.55180    
         782   85.25447    
         783   93.19743    
         784   88.43166    
         785   88.43166    
         786   90.54978    
         787   95.31556    
         788   83.66588    
         789   117.5559    
         790   77.84104    
         791  0.0000000E+00
         792  0.0000000E+00
         793  0.0000000E+00
         794  0.0000000E+00
         795  0.0000000E+00
         796  0.0000000E+00
         797  0.0000000E+00
         798  0.0000000E+00
         799  0.0000000E+00
         800  0.0000000E+00
         801  0.0000000E+00
         802  0.0000000E+00
         803  0.0000000E+00
         804  0.0000000E+00
         805  0.0000000E+00
         806  0.0000000E+00
         807  0.0000000E+00
         808  0.0000000E+00
         809  0.0000000E+00
         810  0.0000000E+00
         811  0.0000000E+00
         812  0.0000000E+00
         813  0.0000000E+00
         814  0.0000000E+00
         815  0.0000000E+00
         816  0.0000000E+00
         817  0.0000000E+00
         818  0.0000000E+00
         819  0.0000000E+00
         820  0.0000000E+00
         821  0.0000000E+00
         822  0.0000000E+00
         823  0.0000000E+00
         824  0.0000000E+00
         825  0.0000000E+00
         826  0.0000000E+00
         827  0.0000000E+00
         828  0.0000000E+00
         829  0.0000000E+00
         830  0.0000000E+00
         831  0.0000000E+00
         832  0.0000000E+00
         833  0.0000000E+00
         834  0.0000000E+00
         835  0.0000000E+00
         836  0.0000000E+00
         837  0.0000000E+00
         838  0.0000000E+00
         839  0.0000000E+00
         840  0.0000000E+00
         841  0.0000000E+00
         842  0.0000000E+00
         843  0.0000000E+00
         844  0.0000000E+00
         845  0.0000000E+00
         846  0.0000000E+00
         847  0.0000000E+00
         848  0.0000000E+00
         849  0.0000000E+00
         850  0.0000000E+00
         851  0.0000000E+00
         852  0.0000000E+00
         853  0.0000000E+00
         854  0.0000000E+00
         855  0.0000000E+00
         856  0.0000000E+00
         857  0.0000000E+00
         858  0.0000000E+00
         859  0.0000000E+00
         860  0.0000000E+00
         861  0.0000000E+00
         862  0.0000000E+00
         863  0.0000000E+00
         864  0.0000000E+00
         865  0.0000000E+00
         866  0.0000000E+00
         867  0.0000000E+00
         868  0.0000000E+00
         869  0.0000000E+00
         870  0.0000000E+00
         871  0.0000000E+00
         872  0.0000000E+00
         873  0.0000000E+00
         874  0.0000000E+00
         875  0.0000000E+00
         876  0.0000000E+00
         877  0.0000000E+00
         878  0.0000000E+00
         879  0.0000000E+00
         880  0.0000000E+00
         881  0.0000000E+00
         882  0.0000000E+00
         883  0.0000000E+00
         884  0.0000000E+00
         885  0.0000000E+00
         886  0.0000000E+00
         887  0.0000000E+00
         888  0.0000000E+00
         889  0.0000000E+00
         890  0.0000000E+00
         891  0.0000000E+00
         892  0.0000000E+00
         893  0.0000000E+00
         894  0.0000000E+00
         895  0.0000000E+00
         896  0.0000000E+00
         897  0.0000000E+00
         898  0.0000000E+00
         899  0.0000000E+00
         900  0.0000000E+00
         901  0.0000000E+00
         902  0.0000000E+00
         903  0.0000000E+00
         904  0.0000000E+00
         905  0.0000000E+00
         906  0.0000000E+00
         907  0.0000000E+00
         908  0.0000000E+00
         909  0.0000000E+00
         910  0.0000000E+00
         911  0.0000000E+00
         912  0.0000000E+00
         913  0.0000000E+00
         914  0.0000000E+00
         915  0.0000000E+00
         916  0.0000000E+00
         917  0.0000000E+00
         918  0.0000000E+00
         919  0.0000000E+00
         920  0.0000000E+00
         921  0.0000000E+00
         922  0.0000000E+00
         923  0.0000000E+00
         924  0.0000000E+00
         925  0.0000000E+00
         926  0.0000000E+00
         927  0.0000000E+00
         928  0.0000000E+00
         929  0.0000000E+00
         930  0.0000000E+00
         931  0.0000000E+00
         932  0.0000000E+00
         933  0.0000000E+00
         934  0.0000000E+00
         935  0.0000000E+00
         936  0.0000000E+00
         937  0.0000000E+00
         938  0.0000000E+00
         939  0.0000000E+00
         940  0.0000000E+00
         941  0.0000000E+00
         942  0.0000000E+00
         943  0.0000000E+00
         944  0.0000000E+00
         945  0.0000000E+00
         946  0.0000000E+00
         947  0.0000000E+00
         948  0.0000000E+00
         949  0.0000000E+00
         950  0.0000000E+00
         951  0.0000000E+00
         952  0.0000000E+00
         953  0.0000000E+00
         954  0.0000000E+00
         955  0.0000000E+00
         956  0.0000000E+00
         957  0.0000000E+00
         958  0.0000000E+00
         959  0.0000000E+00
         960  0.0000000E+00
         961  0.0000000E+00
         962  0.0000000E+00
         963  0.0000000E+00
         964  0.0000000E+00
         965  0.0000000E+00
         966  0.0000000E+00
         967  0.0000000E+00
         968  0.0000000E+00
         969  0.0000000E+00
         970  0.0000000E+00
         971  0.0000000E+00
         972  0.0000000E+00
         973  0.0000000E+00
         974  0.0000000E+00
         975  0.0000000E+00
         976  0.0000000E+00
         977  0.0000000E+00
         978  0.0000000E+00
         979  0.0000000E+00
         980  0.0000000E+00
         981  0.0000000E+00
         982  0.0000000E+00
         983  0.0000000E+00
         984  0.0000000E+00
         985  0.0000000E+00
         986  0.0000000E+00
         987  0.0000000E+00
         988  0.0000000E+00
         989  0.0000000E+00
         990  0.0000000E+00
         991  0.0000000E+00
         992  0.0000000E+00
         993  0.0000000E+00
         994  0.0000000E+00
         995  0.0000000E+00
         996  0.0000000E+00
         997  0.0000000E+00
         998  0.0000000E+00
         999  0.0000000E+00
        1000  0.0000000E+00
        1001  0.0000000E+00
        1002  0.0000000E+00
        1003  0.0000000E+00
        1004  0.0000000E+00
        1005  0.0000000E+00
        1006  0.0000000E+00
        1007  0.0000000E+00
        1008  0.0000000E+00
        1009  0.0000000E+00
        1010  0.0000000E+00
        1011  0.0000000E+00
        1012  0.0000000E+00
        1013  0.0000000E+00
        1014  0.0000000E+00
        1015  0.0000000E+00
        1016  0.0000000E+00
        1017  0.0000000E+00
        1018  0.0000000E+00
        1019  0.0000000E+00
        1020  0.0000000E+00
        1021  0.0000000E+00
        1022  0.0000000E+00
        1023  0.0000000E+00
        1024  0.0000000E+00
