 #   Y    A
           1  0.0000000E+00
           2  0.0000000E+00
           3  0.0000000E+00
           4  0.0000000E+00
           5  0.0000000E+00
           6  0.0000000E+00
           7  0.0000000E+00
           8  0.0000000E+00
           9  0.0000000E+00
          10  0.0000000E+00
          11  0.0000000E+00
          12  0.0000000E+00
          13  0.0000000E+00
          14  0.0000000E+00
          15  0.0000000E+00
          16  0.0000000E+00
          17  0.0000000E+00
          18  0.0000000E+00
          19  0.0000000E+00
          20  0.0000000E+00
          21  0.0000000E+00
          22  0.0000000E+00
          23  0.0000000E+00
          24  0.0000000E+00
          25  0.0000000E+00
          26  0.0000000E+00
          27  0.0000000E+00
          28  0.0000000E+00
          29  0.0000000E+00
          30  0.0000000E+00
          31  0.0000000E+00
          32  0.0000000E+00
          33  0.0000000E+00
          34  0.0000000E+00
          35  0.0000000E+00
          36  0.0000000E+00
          37  0.0000000E+00
          38  0.0000000E+00
          39  0.0000000E+00
          40  0.0000000E+00
          41  0.0000000E+00
          42  0.0000000E+00
          43  0.0000000E+00
          44  0.0000000E+00
          45  0.0000000E+00
          46  0.0000000E+00
          47  0.0000000E+00
          48  0.0000000E+00
          49  0.0000000E+00
          50  0.0000000E+00
          51  0.0000000E+00
          52  0.0000000E+00
          53  0.0000000E+00
          54  0.0000000E+00
          55  0.0000000E+00
          56  0.0000000E+00
          57  0.0000000E+00
          58  0.0000000E+00
          59  0.0000000E+00
          60  0.0000000E+00
          61  0.0000000E+00
          62  0.0000000E+00
          63  0.0000000E+00
          64  0.0000000E+00
          65  0.0000000E+00
          66  0.0000000E+00
          67  0.0000000E+00
          68  0.0000000E+00
          69  0.0000000E+00
          70  0.0000000E+00
          71  0.0000000E+00
          72  0.0000000E+00
          73  0.0000000E+00
          74  0.0000000E+00
          75  0.0000000E+00
          76  0.0000000E+00
          77  0.0000000E+00
          78  0.0000000E+00
          79  0.0000000E+00
          80  0.0000000E+00
          81  0.0000000E+00
          82  0.0000000E+00
          83  0.0000000E+00
          84  0.0000000E+00
          85  0.0000000E+00
          86  0.0000000E+00
          87  0.0000000E+00
          88  0.0000000E+00
          89  0.0000000E+00
          90  0.0000000E+00
          91  0.0000000E+00
          92  0.0000000E+00
          93  0.0000000E+00
          94  0.0000000E+00
          95  0.0000000E+00
          96  0.0000000E+00
          97  0.0000000E+00
          98  0.0000000E+00
          99  0.0000000E+00
         100  0.0000000E+00
         101  0.0000000E+00
         102  0.0000000E+00
         103  0.0000000E+00
         104  0.0000000E+00
         105  0.0000000E+00
         106  0.0000000E+00
         107  0.0000000E+00
         108  0.0000000E+00
         109  0.0000000E+00
         110  0.0000000E+00
         111  0.0000000E+00
         112  0.0000000E+00
         113  0.0000000E+00
         114  0.0000000E+00
         115  0.0000000E+00
         116  0.0000000E+00
         117  0.0000000E+00
         118  0.0000000E+00
         119  0.0000000E+00
         120  0.0000000E+00
         121  0.0000000E+00
         122  0.0000000E+00
         123  0.0000000E+00
         124  0.0000000E+00
         125  0.0000000E+00
         126  0.0000000E+00
         127  0.0000000E+00
         128  0.0000000E+00
         129  0.0000000E+00
         130  0.0000000E+00
         131  0.0000000E+00
         132  0.0000000E+00
         133  0.0000000E+00
         134  0.0000000E+00
         135  0.0000000E+00
         136  0.0000000E+00
         137  0.0000000E+00
         138  0.0000000E+00
         139  0.0000000E+00
         140  0.0000000E+00
         141  0.0000000E+00
         142  0.0000000E+00
         143  0.0000000E+00
         144  0.0000000E+00
         145  0.0000000E+00
         146  0.0000000E+00
         147  0.0000000E+00
         148  0.0000000E+00
         149  0.0000000E+00
         150  0.0000000E+00
         151  0.0000000E+00
         152  0.0000000E+00
         153  0.0000000E+00
         154  0.0000000E+00
         155  0.0000000E+00
         156  0.0000000E+00
         157  0.0000000E+00
         158  0.0000000E+00
         159  0.0000000E+00
         160  0.0000000E+00
         161  0.0000000E+00
         162  0.0000000E+00
         163  0.0000000E+00
         164  0.0000000E+00
         165  0.0000000E+00
         166  0.0000000E+00
         167  0.0000000E+00
         168  0.0000000E+00
         169  0.0000000E+00
         170  0.0000000E+00
         171  0.0000000E+00
         172  0.0000000E+00
         173  0.0000000E+00
         174  0.0000000E+00
         175  0.0000000E+00
         176  0.0000000E+00
         177  0.0000000E+00
         178  0.0000000E+00
         179  0.0000000E+00
         180  0.0000000E+00
         181  0.0000000E+00
         182  0.0000000E+00
         183  0.0000000E+00
         184  0.0000000E+00
         185  0.0000000E+00
         186  0.0000000E+00
         187  0.0000000E+00
         188  0.0000000E+00
         189  0.0000000E+00
         190  0.0000000E+00
         191  0.0000000E+00
         192  0.0000000E+00
         193  0.0000000E+00
         194  0.0000000E+00
         195  0.0000000E+00
         196  0.0000000E+00
         197  0.0000000E+00
         198  0.0000000E+00
         199  0.0000000E+00
         200  0.0000000E+00
         201  0.0000000E+00
         202  0.0000000E+00
         203  0.0000000E+00
         204  0.0000000E+00
         205  0.0000000E+00
         206  0.0000000E+00
         207  0.0000000E+00
         208  0.0000000E+00
         209  0.0000000E+00
         210  0.0000000E+00
         211  0.0000000E+00
         212  0.0000000E+00
         213  0.0000000E+00
         214  0.0000000E+00
         215  0.0000000E+00
         216  0.0000000E+00
         217  0.0000000E+00
         218  0.0000000E+00
         219  0.0000000E+00
         220  0.0000000E+00
         221  0.0000000E+00
         222  0.0000000E+00
         223  0.0000000E+00
         224  0.0000000E+00
         225  0.0000000E+00
         226  0.0000000E+00
         227  0.0000000E+00
         228  0.0000000E+00
         229  0.0000000E+00
         230  0.0000000E+00
         231  0.0000000E+00
         232  0.0000000E+00
         233  0.0000000E+00
         234  0.0000000E+00
         235  0.0000000E+00
         236  0.0000000E+00
         237  0.0000000E+00
         238  0.0000000E+00
         239  0.0000000E+00
         240  0.0000000E+00
         241  0.0000000E+00
         242  0.0000000E+00
         243  0.0000000E+00
         244  0.0000000E+00
         245  0.0000000E+00
         246  0.0000000E+00
         247  0.0000000E+00
         248  0.0000000E+00
         249  0.0000000E+00
         250  0.0000000E+00
         251  0.0000000E+00
         252  0.0000000E+00
         253  0.0000000E+00
         254  0.0000000E+00
         255  0.0000000E+00
         256  0.0000000E+00
         257  0.0000000E+00
         258  0.0000000E+00
         259  0.0000000E+00
         260  0.0000000E+00
         261  0.0000000E+00
         262  0.0000000E+00
         263  0.0000000E+00
         264  0.0000000E+00
         265  0.0000000E+00
         266  0.0000000E+00
         267  0.0000000E+00
         268  0.0000000E+00
         269  0.0000000E+00
         270  0.0000000E+00
         271  0.0000000E+00
         272  0.0000000E+00
         273  0.0000000E+00
         274  0.0000000E+00
         275  0.0000000E+00
         276  0.0000000E+00
         277  0.0000000E+00
         278  0.0000000E+00
         279  0.0000000E+00
         280  0.0000000E+00
         281  0.0000000E+00
         282  0.0000000E+00
         283  0.0000000E+00
         284  0.0000000E+00
         285  0.0000000E+00
         286  0.0000000E+00
         287  0.0000000E+00
         288  0.0000000E+00
         289  0.0000000E+00
         290  0.0000000E+00
         291  0.0000000E+00
         292  0.0000000E+00
         293  0.0000000E+00
         294  0.0000000E+00
         295  0.0000000E+00
         296  0.0000000E+00
         297  0.0000000E+00
         298  0.0000000E+00
         299  0.0000000E+00
         300  0.0000000E+00
         301  0.0000000E+00
         302  0.0000000E+00
         303  0.0000000E+00
         304  0.0000000E+00
         305  0.0000000E+00
         306  0.0000000E+00
         307  0.0000000E+00
         308  0.0000000E+00
         309  0.0000000E+00
         310  0.0000000E+00
         311  0.0000000E+00
         312  0.0000000E+00
         313  0.0000000E+00
         314  0.0000000E+00
         315  0.0000000E+00
         316  0.0000000E+00
         317  0.0000000E+00
         318  0.0000000E+00
         319  0.0000000E+00
         320  0.0000000E+00
         321  0.0000000E+00
         322  0.0000000E+00
         323  0.0000000E+00
         324  0.0000000E+00
         325  0.0000000E+00
         326  0.0000000E+00
         327  0.0000000E+00
         328  0.0000000E+00
         329  0.0000000E+00
         330  0.0000000E+00
         331  0.0000000E+00
         332  0.0000000E+00
         333  0.0000000E+00
         334  0.0000000E+00
         335  0.0000000E+00
         336  0.0000000E+00
         337  0.0000000E+00
         338  0.0000000E+00
         339  0.0000000E+00
         340  0.0000000E+00
         341  0.0000000E+00
         342  0.0000000E+00
         343  0.0000000E+00
         344  0.0000000E+00
         345  0.0000000E+00
         346  0.0000000E+00
         347  0.0000000E+00
         348   5.295309    
         349   27.00607    
         350   76.78197    
         351   109.0834    
         352   160.4479    
         353   195.3969    
         354   296.0078    
         355   337.8407    
         356   365.9059    
         357   512.5859    
         358   509.9382    
         359   687.3311    
         360   801.1802    
         361   1030.997    
         362   1223.746    
         363   1511.811    
         364   1794.580    
         365   1808.877    
         366   1750.629    
         367   1578.002    
         368   1494.866    
         369   1418.613    
         370   1290.996    
         371   1202.565    
         372   1180.854    
         373   1139.021    
         374   1109.367    
         375   1115.722    
         376   1112.544    
         377   1093.481    
         378   1072.830    
         379   1067.534    
         380   1061.180    
         381   1074.948    
         382   1074.948    
         383   1043.705    
         384   1046.883    
         385   1056.414    
         386   1054.296    
         387   1088.186    
         388   1085.538    
         389   1050.589    
         390   1076.007    
         391   1050.589    
         392   1069.123    
         393   1036.821    
         394   1079.184    
         395   1046.883    
         396   1071.241    
         397   1053.237    
         398   1059.591    
         399   1084.479    
         400   1085.538    
         401   1052.178    
         402   1065.416    
         403   1076.007    
         404   1093.481    
         405   1028.349    
         406   1040.528    
         407   1058.003    
         408   1057.473    
         409   1080.773    
         410   1065.946    
         411   1070.711    
         412   1062.239    
         413   1061.180    
         414   1052.178    
         415   1072.300    
         416   1101.424    
         417   1056.414    
         418   1074.948    
         419   1045.823    
         420   1051.648    
         421   1081.302    
         422   1064.887    
         423   1027.290    
         424   1058.532    
         425   1075.477    
         426   1079.184    
         427   1080.243    
         428   1034.703    
         429   1080.243    
         430   1050.589    
         431   1088.186    
         432   1045.823    
         433   1082.361    
         434   1055.355    
         435   1045.294    
         436   1098.247    
         437   1055.885    
         438   1072.830    
         439   1055.885    
         440   1056.944    
         441   1088.186    
         442   1054.296    
         443   1027.290    
         444   1079.714    
         445   1043.705    
         446   1076.536    
         447   1074.948    
         448   1055.355    
         449   1083.950    
         450   1046.883    
         451   1055.885    
         452   1082.361    
         453   1060.650    
         454   1037.880    
         455   1051.119    
         456   1058.532    
         457   1085.538    
         458   1092.422    
         459   1060.121    
         460   1056.414    
         461   1023.583    
         462   1065.946    
         463   1070.182    
         464   1085.009    
         465   1072.300    
         466   1060.121    
         467   1044.235    
         468   1069.123    
         469   1050.589    
         470   1061.180    
         471   1079.714    
         472   1067.534    
         473   1055.885    
         474   1068.593    
         475   1057.473    
         476   1076.007    
         477   1067.005    
         478   1044.235    
         479   1083.420    
         480   1046.883    
         481   1064.887    
         482   1043.176    
         483   1068.064    
         484   1062.239    
         485   1051.648    
         486   1081.302    
         487   1071.771    
         488   1082.891    
         489   1026.760    
         490   1064.357    
         491   1078.654    
         492   1045.294    
         493   1089.775    
         494   1037.351    
         495   1076.007    
         496   1067.005    
         497   1084.479    
         498   1051.648    
         499   1046.353    
         500   1087.656    
         501   1063.828    
         502   1076.007    
         503   1046.883    
         504   1083.420    
         505   1054.296    
         506   1042.646    
         507   1090.834    
         508   1058.003    
         509   1057.473    
         510   1076.007    
         511   1064.357    
         512   1055.885    
         513   1062.768    
         514   1087.656    
         515   1059.591    
         516   1070.182    
         517   1051.648    
         518   1049.001    
         519   1047.412    
         520   1078.654    
         521   1072.830    
         522   1055.885    
         523   1069.652    
         524   1066.475    
         525   1044.764    
         526   1058.003    
         527   1037.351    
         528   1079.184    
         529   1055.885    
         530   1081.302    
         531   1056.944    
         532   1052.178    
         533   1088.715    
         534   1037.880    
         535   1067.005    
         536   1060.650    
         537   1071.771    
         538   1060.121    
         539   1077.066    
         540   1080.243    
         541   1067.534    
         542   1056.944    
         543   1064.887    
         544   1046.883    
         545   1083.950    
         546   1055.885    
         547   1045.823    
         548   1075.477    
         549   1054.296    
         550   1073.889    
         551   1077.595    
         552   1061.180    
         553   1050.589    
         554   1055.885    
         555   1076.536    
         556   1030.997    
         557   1059.591    
         558   1072.300    
         559   1075.477    
         560   1091.363    
         561   1045.823    
         562   1063.298    
         563   1055.885    
         564   1051.648    
         565   1089.245    
         566   1053.766    
         567   1077.595    
         568   1095.599    
         569   1049.001    
         570   1051.648    
         571   1096.129    
         572   1062.239    
         573   1058.532    
         574   1050.060    
         575   1053.766    
         576   1056.944    
         577   1078.125    
         578   1033.644    
         579   1089.775    
         580   1093.481    
         581   1043.705    
         582   1067.005    
         583   1077.066    
         584   1063.828    
         585   1027.819    
         586   1087.127    
         587   1081.302    
         588   1021.995    
         589   1088.715    
         590   1067.005    
         591   1074.418    
         592   1079.184    
         593   1074.418    
         594   1031.526    
         595   1076.536    
         596   1050.060    
         597   1068.593    
         598   1071.771    
         599   1079.184    
         600   1073.359    
         601   1059.062    
         602   1095.070    
         603   1016.699    
         604   1075.477    
         605   1057.473    
         606   1046.883    
         607   1035.762    
         608   1118.369    
         609   1063.828    
         610   1077.066    
         611   1051.648    
         612   1074.418    
         613   1064.887    
         614   1056.414    
         615   1071.771    
         616   1056.944    
         617   1072.830    
         618   1039.999    
         619   1097.718    
         620   1049.001    
         621   1062.239    
         622   1069.652    
         623   1066.475    
         624   1071.771    
         625   1065.946    
         626   1038.410    
         627   1070.182    
         628   1067.534    
         629   1057.473    
         630   1068.593    
         631   1055.885    
         632   1080.773    
         633   1051.119    
         634   1054.826    
         635   1075.477    
         636   1047.412    
         637   1058.003    
         638   1038.940    
         639   1095.599    
         640   1050.589    
         641   1038.940    
         642   1071.241    
         643   1090.304    
         644   1083.950    
         645   1033.644    
         646   1058.003    
         647   1071.241    
         648   1036.821    
         649   1068.593    
         650   1085.538    
         651   1065.946    
         652   1050.060    
         653   1054.826    
         654   1065.946    
         655   1060.650    
         656   1083.950    
         657   1065.416    
         658   1056.944    
         659   1053.766    
         660   1065.946    
         661   1083.420    
         662   1062.239    
         663   1060.650    
         664   1055.355    
         665   1077.595    
         666   1056.944    
         667   1039.999    
         668   1041.058    
         669   1079.714    
         670   1041.587    
         671   951.5670    
         672   741.3433    
         673   488.7570    
         674   258.4111    
         675   120.2035    
         676   42.89200    
         677   7.413432    
         678  0.0000000E+00
         679  0.0000000E+00
         680  0.0000000E+00
         681  0.0000000E+00
         682  0.0000000E+00
         683  0.0000000E+00
         684  0.0000000E+00
         685  0.0000000E+00
         686  0.0000000E+00
         687  0.0000000E+00
         688  0.0000000E+00
         689  0.0000000E+00
         690  0.0000000E+00
         691  0.0000000E+00
         692  0.0000000E+00
         693  0.0000000E+00
         694  0.0000000E+00
         695  0.0000000E+00
         696  0.0000000E+00
         697  0.0000000E+00
         698  0.0000000E+00
         699  0.0000000E+00
         700  0.0000000E+00
         701  0.0000000E+00
         702  0.0000000E+00
         703  0.0000000E+00
         704  0.0000000E+00
         705  0.0000000E+00
         706  0.0000000E+00
         707  0.0000000E+00
         708  0.0000000E+00
         709  0.0000000E+00
         710  0.0000000E+00
         711  0.0000000E+00
         712  0.0000000E+00
         713  0.0000000E+00
         714  0.0000000E+00
         715  0.0000000E+00
         716  0.0000000E+00
         717  0.0000000E+00
         718  0.0000000E+00
         719  0.0000000E+00
         720  0.0000000E+00
         721  0.0000000E+00
         722  0.0000000E+00
         723  0.0000000E+00
         724  0.0000000E+00
         725  0.0000000E+00
         726  0.0000000E+00
         727  0.0000000E+00
         728  0.0000000E+00
         729  0.0000000E+00
         730  0.0000000E+00
         731  0.0000000E+00
         732  0.0000000E+00
         733  0.0000000E+00
         734  0.0000000E+00
         735  0.0000000E+00
         736  0.0000000E+00
         737  0.0000000E+00
         738  0.0000000E+00
         739  0.0000000E+00
         740  0.0000000E+00
         741  0.0000000E+00
         742  0.0000000E+00
         743  0.0000000E+00
         744  0.0000000E+00
         745  0.0000000E+00
         746  0.0000000E+00
         747  0.0000000E+00
         748  0.0000000E+00
         749  0.0000000E+00
         750  0.0000000E+00
         751  0.0000000E+00
         752  0.0000000E+00
         753  0.0000000E+00
         754  0.0000000E+00
         755  0.0000000E+00
         756  0.0000000E+00
         757  0.0000000E+00
         758  0.0000000E+00
         759  0.0000000E+00
         760  0.0000000E+00
         761  0.0000000E+00
         762  0.0000000E+00
         763  0.0000000E+00
         764  0.0000000E+00
         765  0.0000000E+00
         766  0.0000000E+00
         767  0.0000000E+00
         768  0.0000000E+00
         769  0.0000000E+00
         770  0.0000000E+00
         771  0.0000000E+00
         772  0.0000000E+00
         773  0.0000000E+00
         774  0.0000000E+00
         775  0.0000000E+00
         776  0.0000000E+00
         777  0.0000000E+00
         778  0.0000000E+00
         779  0.0000000E+00
         780  0.0000000E+00
         781  0.0000000E+00
         782  0.0000000E+00
         783  0.0000000E+00
         784  0.0000000E+00
         785  0.0000000E+00
         786  0.0000000E+00
         787  0.0000000E+00
         788  0.0000000E+00
         789  0.0000000E+00
         790  0.0000000E+00
         791  0.0000000E+00
         792  0.0000000E+00
         793  0.0000000E+00
         794  0.0000000E+00
         795  0.0000000E+00
         796  0.0000000E+00
         797  0.0000000E+00
         798  0.0000000E+00
         799  0.0000000E+00
         800  0.0000000E+00
         801  0.0000000E+00
         802  0.0000000E+00
         803  0.0000000E+00
         804  0.0000000E+00
         805  0.0000000E+00
         806  0.0000000E+00
         807  0.0000000E+00
         808  0.0000000E+00
         809  0.0000000E+00
         810  0.0000000E+00
         811  0.0000000E+00
         812  0.0000000E+00
         813  0.0000000E+00
         814  0.0000000E+00
         815  0.0000000E+00
         816  0.0000000E+00
         817  0.0000000E+00
         818  0.0000000E+00
         819  0.0000000E+00
         820  0.0000000E+00
         821  0.0000000E+00
         822  0.0000000E+00
         823  0.0000000E+00
         824  0.0000000E+00
         825  0.0000000E+00
         826  0.0000000E+00
         827  0.0000000E+00
         828  0.0000000E+00
         829  0.0000000E+00
         830  0.0000000E+00
         831  0.0000000E+00
         832  0.0000000E+00
         833  0.0000000E+00
         834  0.0000000E+00
         835  0.0000000E+00
         836  0.0000000E+00
         837  0.0000000E+00
         838  0.0000000E+00
         839  0.0000000E+00
         840  0.0000000E+00
         841  0.0000000E+00
         842  0.0000000E+00
         843  0.0000000E+00
         844  0.0000000E+00
         845  0.0000000E+00
         846  0.0000000E+00
         847  0.0000000E+00
         848  0.0000000E+00
         849  0.0000000E+00
         850  0.0000000E+00
         851  0.0000000E+00
         852  0.0000000E+00
         853  0.0000000E+00
         854  0.0000000E+00
         855  0.0000000E+00
         856  0.0000000E+00
         857  0.0000000E+00
         858  0.0000000E+00
         859  0.0000000E+00
         860  0.0000000E+00
         861  0.0000000E+00
         862  0.0000000E+00
         863  0.0000000E+00
         864  0.0000000E+00
         865  0.0000000E+00
         866  0.0000000E+00
         867  0.0000000E+00
         868  0.0000000E+00
         869  0.0000000E+00
         870  0.0000000E+00
         871  0.0000000E+00
         872  0.0000000E+00
         873  0.0000000E+00
         874  0.0000000E+00
         875  0.0000000E+00
         876  0.0000000E+00
         877  0.0000000E+00
         878  0.0000000E+00
         879  0.0000000E+00
         880  0.0000000E+00
         881  0.0000000E+00
         882  0.0000000E+00
         883  0.0000000E+00
         884  0.0000000E+00
         885  0.0000000E+00
         886  0.0000000E+00
         887  0.0000000E+00
         888  0.0000000E+00
         889  0.0000000E+00
         890  0.0000000E+00
         891  0.0000000E+00
         892  0.0000000E+00
         893  0.0000000E+00
         894  0.0000000E+00
         895  0.0000000E+00
         896  0.0000000E+00
         897  0.0000000E+00
         898  0.0000000E+00
         899  0.0000000E+00
         900  0.0000000E+00
         901  0.0000000E+00
         902  0.0000000E+00
         903  0.0000000E+00
         904  0.0000000E+00
         905  0.0000000E+00
         906  0.0000000E+00
         907  0.0000000E+00
         908  0.0000000E+00
         909  0.0000000E+00
         910  0.0000000E+00
         911  0.0000000E+00
         912  0.0000000E+00
         913  0.0000000E+00
         914  0.0000000E+00
         915  0.0000000E+00
         916  0.0000000E+00
         917  0.0000000E+00
         918  0.0000000E+00
         919  0.0000000E+00
         920  0.0000000E+00
         921  0.0000000E+00
         922  0.0000000E+00
         923  0.0000000E+00
         924  0.0000000E+00
         925  0.0000000E+00
         926  0.0000000E+00
         927  0.0000000E+00
         928  0.0000000E+00
         929  0.0000000E+00
         930  0.0000000E+00
         931  0.0000000E+00
         932  0.0000000E+00
         933  0.0000000E+00
         934  0.0000000E+00
         935  0.0000000E+00
         936  0.0000000E+00
         937  0.0000000E+00
         938  0.0000000E+00
         939  0.0000000E+00
         940  0.0000000E+00
         941  0.0000000E+00
         942  0.0000000E+00
         943  0.0000000E+00
         944  0.0000000E+00
         945  0.0000000E+00
         946  0.0000000E+00
         947  0.0000000E+00
         948  0.0000000E+00
         949  0.0000000E+00
         950  0.0000000E+00
         951  0.0000000E+00
         952  0.0000000E+00
         953  0.0000000E+00
         954  0.0000000E+00
         955  0.0000000E+00
         956  0.0000000E+00
         957  0.0000000E+00
         958  0.0000000E+00
         959  0.0000000E+00
         960  0.0000000E+00
         961  0.0000000E+00
         962  0.0000000E+00
         963  0.0000000E+00
         964  0.0000000E+00
         965  0.0000000E+00
         966  0.0000000E+00
         967  0.0000000E+00
         968  0.0000000E+00
         969  0.0000000E+00
         970  0.0000000E+00
         971  0.0000000E+00
         972  0.0000000E+00
         973  0.0000000E+00
         974  0.0000000E+00
         975  0.0000000E+00
         976  0.0000000E+00
         977  0.0000000E+00
         978  0.0000000E+00
         979  0.0000000E+00
         980  0.0000000E+00
         981  0.0000000E+00
         982  0.0000000E+00
         983  0.0000000E+00
         984  0.0000000E+00
         985  0.0000000E+00
         986  0.0000000E+00
         987  0.0000000E+00
         988  0.0000000E+00
         989  0.0000000E+00
         990  0.0000000E+00
         991  0.0000000E+00
         992  0.0000000E+00
         993  0.0000000E+00
         994  0.0000000E+00
         995  0.0000000E+00
         996  0.0000000E+00
         997  0.0000000E+00
         998  0.0000000E+00
         999  0.0000000E+00
        1000  0.0000000E+00
        1001  0.0000000E+00
        1002  0.0000000E+00
        1003  0.0000000E+00
        1004  0.0000000E+00
        1005  0.0000000E+00
        1006  0.0000000E+00
        1007  0.0000000E+00
        1008  0.0000000E+00
        1009  0.0000000E+00
        1010  0.0000000E+00
        1011  0.0000000E+00
        1012  0.0000000E+00
        1013  0.0000000E+00
        1014  0.0000000E+00
        1015  0.0000000E+00
        1016  0.0000000E+00
        1017  0.0000000E+00
        1018  0.0000000E+00
        1019  0.0000000E+00
        1020  0.0000000E+00
        1021  0.0000000E+00
        1022  0.0000000E+00
        1023  0.0000000E+00
        1024  0.0000000E+00
