 #   Y    A
           1  0.0000000E+00
           2  0.0000000E+00
           3  0.0000000E+00
           4  0.0000000E+00
           5  0.0000000E+00
           6  0.0000000E+00
           7  0.0000000E+00
           8  0.0000000E+00
           9  0.0000000E+00
          10  0.0000000E+00
          11  0.0000000E+00
          12  0.0000000E+00
          13  0.0000000E+00
          14  0.0000000E+00
          15  0.0000000E+00
          16  0.0000000E+00
          17  0.0000000E+00
          18  0.0000000E+00
          19  0.0000000E+00
          20  0.0000000E+00
          21  0.0000000E+00
          22  0.0000000E+00
          23  0.0000000E+00
          24  0.0000000E+00
          25  0.0000000E+00
          26  0.0000000E+00
          27  0.0000000E+00
          28  0.0000000E+00
          29  0.0000000E+00
          30  0.0000000E+00
          31  0.0000000E+00
          32  0.0000000E+00
          33  0.0000000E+00
          34  0.0000000E+00
          35  0.0000000E+00
          36  0.0000000E+00
          37  0.0000000E+00
          38  0.0000000E+00
          39  0.0000000E+00
          40  0.0000000E+00
          41  0.0000000E+00
          42  0.0000000E+00
          43  0.0000000E+00
          44  0.0000000E+00
          45  0.0000000E+00
          46  0.0000000E+00
          47  0.0000000E+00
          48  0.0000000E+00
          49  0.0000000E+00
          50  0.0000000E+00
          51  0.0000000E+00
          52  0.0000000E+00
          53  0.0000000E+00
          54  0.0000000E+00
          55  0.0000000E+00
          56  0.0000000E+00
          57  0.0000000E+00
          58  0.0000000E+00
          59  0.0000000E+00
          60  0.0000000E+00
          61  0.0000000E+00
          62  0.0000000E+00
          63  0.0000000E+00
          64  0.0000000E+00
          65  0.0000000E+00
          66  0.0000000E+00
          67  0.0000000E+00
          68  0.0000000E+00
          69  0.0000000E+00
          70  0.0000000E+00
          71  0.0000000E+00
          72  0.0000000E+00
          73  0.0000000E+00
          74  0.0000000E+00
          75  0.0000000E+00
          76  0.0000000E+00
          77  0.0000000E+00
          78  0.0000000E+00
          79  0.0000000E+00
          80  0.0000000E+00
          81  0.0000000E+00
          82  0.0000000E+00
          83  0.0000000E+00
          84  0.0000000E+00
          85  0.0000000E+00
          86  0.0000000E+00
          87  0.0000000E+00
          88  0.0000000E+00
          89  0.0000000E+00
          90  0.0000000E+00
          91  0.0000000E+00
          92  0.0000000E+00
          93  0.0000000E+00
          94  0.0000000E+00
          95  0.0000000E+00
          96  0.0000000E+00
          97  0.0000000E+00
          98  0.0000000E+00
          99  0.0000000E+00
         100  0.0000000E+00
         101  0.0000000E+00
         102  0.0000000E+00
         103  0.0000000E+00
         104  0.0000000E+00
         105  0.0000000E+00
         106  0.0000000E+00
         107  0.0000000E+00
         108  0.0000000E+00
         109  0.0000000E+00
         110  0.0000000E+00
         111  0.0000000E+00
         112  0.0000000E+00
         113  0.0000000E+00
         114  0.0000000E+00
         115  0.0000000E+00
         116  0.0000000E+00
         117  0.0000000E+00
         118  0.0000000E+00
         119  0.0000000E+00
         120  0.0000000E+00
         121  0.0000000E+00
         122  0.0000000E+00
         123  0.0000000E+00
         124  0.0000000E+00
         125  0.0000000E+00
         126  0.0000000E+00
         127  0.0000000E+00
         128  0.0000000E+00
         129  0.0000000E+00
         130  0.0000000E+00
         131  0.0000000E+00
         132  0.0000000E+00
         133  0.0000000E+00
         134  0.0000000E+00
         135  0.0000000E+00
         136  0.0000000E+00
         137  0.0000000E+00
         138  0.0000000E+00
         139  0.0000000E+00
         140  0.0000000E+00
         141  0.0000000E+00
         142  0.0000000E+00
         143  0.0000000E+00
         144  0.0000000E+00
         145  0.0000000E+00
         146  0.0000000E+00
         147  0.0000000E+00
         148  0.0000000E+00
         149  0.0000000E+00
         150  0.0000000E+00
         151  0.0000000E+00
         152  0.0000000E+00
         153  0.0000000E+00
         154  0.0000000E+00
         155  0.0000000E+00
         156  0.0000000E+00
         157  0.0000000E+00
         158  0.0000000E+00
         159  0.0000000E+00
         160  0.0000000E+00
         161  0.0000000E+00
         162  0.0000000E+00
         163  0.0000000E+00
         164  0.0000000E+00
         165  0.0000000E+00
         166  0.0000000E+00
         167  0.0000000E+00
         168  0.0000000E+00
         169  0.0000000E+00
         170  0.0000000E+00
         171  0.0000000E+00
         172  0.0000000E+00
         173  0.0000000E+00
         174  0.0000000E+00
         175  0.0000000E+00
         176  0.0000000E+00
         177  0.0000000E+00
         178  0.0000000E+00
         179  0.0000000E+00
         180  0.0000000E+00
         181  0.0000000E+00
         182  0.0000000E+00
         183  0.0000000E+00
         184  0.0000000E+00
         185  0.0000000E+00
         186  0.0000000E+00
         187  0.0000000E+00
         188  0.0000000E+00
         189  0.0000000E+00
         190  0.0000000E+00
         191  0.0000000E+00
         192  0.0000000E+00
         193  0.0000000E+00
         194  0.0000000E+00
         195  0.0000000E+00
         196  0.0000000E+00
         197  0.0000000E+00
         198  0.0000000E+00
         199  0.0000000E+00
         200  0.0000000E+00
         201  0.0000000E+00
         202  0.0000000E+00
         203  0.0000000E+00
         204  0.0000000E+00
         205  0.0000000E+00
         206  0.0000000E+00
         207  0.0000000E+00
         208  0.0000000E+00
         209  0.0000000E+00
         210  0.0000000E+00
         211  0.0000000E+00
         212  0.0000000E+00
         213  0.0000000E+00
         214  0.0000000E+00
         215  0.0000000E+00
         216  0.0000000E+00
         217  0.0000000E+00
         218  0.0000000E+00
         219  0.0000000E+00
         220  0.0000000E+00
         221  0.0000000E+00
         222  0.0000000E+00
         223  0.0000000E+00
         224  0.0000000E+00
         225  0.0000000E+00
         226  0.0000000E+00
         227  0.0000000E+00
         228  0.0000000E+00
         229  0.0000000E+00
         230  0.0000000E+00
         231  0.0000000E+00
         232  0.0000000E+00
         233  0.0000000E+00
         234  0.0000000E+00
         235  0.0000000E+00
         236  0.0000000E+00
         237  0.0000000E+00
         238  0.0000000E+00
         239  0.0000000E+00
         240  0.0000000E+00
         241  0.0000000E+00
         242  0.0000000E+00
         243  0.0000000E+00
         244  0.0000000E+00
         245  0.0000000E+00
         246  0.0000000E+00
         247  0.0000000E+00
         248  0.0000000E+00
         249  0.0000000E+00
         250  0.0000000E+00
         251  0.0000000E+00
         252  0.0000000E+00
         253  0.0000000E+00
         254  0.0000000E+00
         255  0.0000000E+00
         256  0.0000000E+00
         257  0.0000000E+00
         258  0.0000000E+00
         259  0.0000000E+00
         260  0.0000000E+00
         261  0.0000000E+00
         262  0.0000000E+00
         263  0.0000000E+00
         264  0.0000000E+00
         265  0.0000000E+00
         266  0.0000000E+00
         267  0.0000000E+00
         268  0.0000000E+00
         269  0.0000000E+00
         270  0.0000000E+00
         271  0.0000000E+00
         272  0.0000000E+00
         273  0.0000000E+00
         274  0.0000000E+00
         275  0.0000000E+00
         276  0.0000000E+00
         277  0.0000000E+00
         278  0.0000000E+00
         279  0.0000000E+00
         280  0.0000000E+00
         281  0.0000000E+00
         282  0.0000000E+00
         283  0.0000000E+00
         284  0.0000000E+00
         285  0.0000000E+00
         286  0.0000000E+00
         287  0.0000000E+00
         288  0.0000000E+00
         289  0.0000000E+00
         290  0.0000000E+00
         291  0.0000000E+00
         292  0.0000000E+00
         293  0.0000000E+00
         294  0.0000000E+00
         295  0.0000000E+00
         296  0.0000000E+00
         297  0.0000000E+00
         298  0.0000000E+00
         299  0.0000000E+00
         300  0.0000000E+00
         301  0.0000000E+00
         302  0.0000000E+00
         303  0.0000000E+00
         304  0.0000000E+00
         305  0.0000000E+00
         306  0.0000000E+00
         307  0.0000000E+00
         308  0.0000000E+00
         309  0.0000000E+00
         310  0.0000000E+00
         311  0.0000000E+00
         312  0.0000000E+00
         313  0.0000000E+00
         314  0.0000000E+00
         315  0.0000000E+00
         316  0.0000000E+00
         317  0.0000000E+00
         318  0.0000000E+00
         319  0.0000000E+00
         320  0.0000000E+00
         321  0.0000000E+00
         322  0.0000000E+00
         323  0.0000000E+00
         324  0.0000000E+00
         325  0.0000000E+00
         326  0.0000000E+00
         327  0.0000000E+00
         328  0.0000000E+00
         329  0.0000000E+00
         330  0.0000000E+00
         331  0.0000000E+00
         332  0.0000000E+00
         333  0.0000000E+00
         334  0.0000000E+00
         335  0.5295309    
         336   5.824840    
         337   10.59062    
         338   22.24030    
         339   26.47654    
         340   27.00607    
         341   31.24232    
         342   34.94904    
         343   33.36045    
         344   23.82889    
         345   32.83091    
         346   33.36045    
         347   56.13027    
         348   28.06514    
         349   34.41951    
         350   33.36045    
         351   36.00810    
         352   35.47857    
         353   40.24435    
         354   35.47857    
         355   38.65575    
         356   49.77590    
         357   38.65575    
         358   46.59872    
         359   40.77388    
         360   43.95107    
         361   49.77590    
         362   56.65981    
         363   51.36450    
         364   39.71482    
         365   45.01012    
         366   48.18731    
         367   40.77388    
         368   48.71684    
         369   57.18933    
         370   44.48059    
         371   49.24637    
         372   37.06716    
         373   52.42356    
         374   60.89605    
         375   49.77590    
         376   50.30544    
         377   59.83699    
         378   54.01215    
         379   57.18933    
         380   66.19136    
         381   66.19136    
         382   55.07121    
         383   57.71886    
         384   64.60277    
         385   73.60479    
         386   70.42760    
         387   59.83699    
         388   77.84104    
         389   65.13230    
         390   70.95714    
         391   89.49072    
         392   75.19338    
         393   80.48869    
         394   72.54573    
         395   94.25650    
         396   91.60884    
         397   93.19743    
         398   91.60884    
         399   96.90415    
         400   97.43369    
         401   102.7290    
         402   123.9102    
         403   112.7901    
         404   117.5559    
         405   114.9082    
         406   138.7371    
         407   138.7371    
         408   158.8593    
         409   153.0344    
         410   171.5680    
         411   187.9835    
         412   176.8633    
         413   212.3419    
         414   225.5802    
         415   243.5842    
         416   279.0628    
         417   280.6514    
         418   326.7206    
         419   351.6085    
         420   391.3233    
         421   416.2113    
         422   459.1033    
         423   534.8262    
         424   632.2599    
         425   695.2740    
         426   748.2271    
         427   773.1151    
         428   746.6385    
         429   769.9379    
         430   775.2332    
         431   788.4715    
         432   738.1660    
         433   740.8137    
         434   728.1050    
         435   736.0479    
         436   740.2842    
         437   726.5164    
         438   727.0459    
         439   721.7506    
         440   725.9868    
         441   721.7506    
         442   714.3372    
         443   732.3412    
         444   745.5795    
         445   769.9379    
         446   776.8218    
         447   781.0580    
         448   812.8299    
         449   796.9440    
         450   812.3004    
         451   862.6058    
         452   838.2474    
         453   924.5609    
         454   910.2636    
         455   967.4529    
         456   1016.699    
         457   1032.585    
         458   1076.536    
         459   1179.265    
         460   1197.269    
         461   1226.923    
         462   1279.347    
         463   1342.361    
         464   1386.312    
         465   1423.909    
         466   1397.432    
         467   1454.621    
         468   1444.031    
         469   1468.389    
         470   1460.446    
         471   1542.523    
         472   1598.654    
         473   1641.016    
         474   1723.623    
         475   1818.939    
         476   2013.806    
         477   2136.128    
         478   2341.056    
         479   2434.253    
         480   2580.934    
         481   2936.778    
         482   3479.547    
         483   4609.037    
         484   5579.667    
         485   5539.422    
         486   4475.595    
         487   4720.238    
         488   4207.123    
         489   3251.320    
         490   2881.707    
         491   2641.300    
         492   2503.622    
         493   2363.296    
         494   2227.207    
         495   2081.056    
         496   1975.150    
         497   1864.478    
         498   1725.212    
         499   1705.089    
         500   1653.725    
         501   1624.071    
         502   1669.081    
         503   1647.371    
         504   1554.703    
         505   1539.346    
         506   1463.094    
         507   1464.682    
         508   1436.088    
         509   1376.780    
         510   1382.076    
         511   1387.371    
         512   1399.021    
         513   1333.888    
         514   1343.420    
         515   1302.646    
         516   1278.817    
         517   1234.866    
         518   1310.589    
         519   1222.157    
         520   1263.461    
         521   1238.573    
         522   1203.094    
         523   1255.518    
         524   1172.381    
         525   1209.978    
         526   1163.909    
         527   1144.316    
         528   1141.669    
         529   1139.021    
         530   1159.673    
         531   1110.426    
         532   1150.671    
         533   1125.253    
         534   1106.190    
         535   1119.958    
         536   1089.775    
         537   1105.131    
         538   1143.787    
         539   1075.477    
         540   1077.066    
         541   1137.962    
         542   1062.768    
         543   1045.823    
         544   1118.899    
         545   1072.830    
         546   1146.964    
         547   1077.066    
         548   1143.787    
         549   1082.361    
         550   1049.001    
         551   1078.125    
         552   1034.174    
         553   1041.058    
         554   1089.245    
         555   1008.227    
         556   1124.194    
         557   1056.944    
         558   1039.469    
         559   1060.650    
         560   1017.758    
         561   1074.418    
         562   1010.874    
         563   1032.585    
         564   1035.233    
         565   1038.410    
         566   1072.830    
         567   1038.410    
         568   1014.581    
         569   1073.889    
         570   1045.294    
         571   1007.168    
         572   1067.534    
         573   1044.235    
         574   1079.714    
         575   1082.891    
         576   1052.707    
         577   1067.534    
         578   1086.068    
         579   1055.355    
         580   1118.899    
         581   1051.648    
         582   1053.237    
         583   1046.353    
         584   1032.056    
         585   1059.062    
         586   1033.115    
         587   1079.184    
         588   1074.948    
         589   1035.762    
         590   1070.182    
         591   1066.475    
         592   1071.771    
         593   1100.895    
         594   1058.532    
         595   1072.300    
         596   990.2227    
         597   1139.021    
         598   1025.701    
         599   1052.707    
         600   1053.766    
         601   964.8053    
         602   1055.355    
         603   991.8113    
         604   1035.762    
         605   1067.534    
         606   1063.298    
         607   1079.714    
         608   1029.938    
         609   1108.308    
         610   1081.302    
         611   1127.371    
         612   1087.127    
         613   1083.420    
         614   1086.597    
         615   1135.314    
         616   1098.247    
         617   1096.129    
         618   1076.536    
         619   1145.905    
         620   1027.819    
         621   1064.357    
         622   1141.669    
         623   1078.125    
         624   1071.771    
         625   1100.895    
         626   1053.766    
         627   1116.781    
         628   1053.237    
         629   1055.355    
         630   1081.302    
         631   1033.644    
         632   1044.764    
         633   1045.823    
         634   1030.997    
         635   1034.174    
         636   1079.714    
         637   997.6362    
         638   1067.534    
         639   1052.178    
         640   1056.944    
         641   1024.113    
         642   1019.876    
         643   998.6953    
         644   994.4590    
         645   927.2086    
         646   979.6321    
         647   939.9173    
         648   898.0844    
         649   936.2106    
         650   868.4307    
         651   852.5447    
         652   826.0682    
         653   785.2943    
         654   739.7546    
         655   749.8157    
         656   696.3331    
         657   661.9136    
         658   667.2089    
         659   604.7242    
         660   649.2048    
         661   576.6591    
         662   577.1887    
         663   547.0054    
         664   514.7040    
         665   505.1725    
         666   509.4087    
         667   486.1093    
         668   438.4516    
         669   478.6959    
         670   433.6858    
         671   435.8039    
         672   418.3294    
         673   424.1542    
         674   423.6247    
         675   369.6125    
         676   396.0891    
         677   372.2602    
         678   369.0830    
         679   341.0179    
         680   345.2542    
         681   324.6024    
         682   324.6024    
         683   327.2501    
         684   303.4212    
         685   318.2481    
         686   298.1259    
         687   302.3621    
         688   282.7695    
         689   285.4171    
         690   282.2400    
         691   281.7104    
         692   280.1218    
         693   271.1198    
         694   249.9386    
         695   276.9446    
         696   245.7023    
         697   265.2950    
         698   234.0526    
         699   242.5251    
         700   222.4030    
         701   217.1077    
         702   227.6983    
         703   238.2889    
         704   193.2788    
         705   198.0446    
         706   196.4560    
         707   194.3378    
         708   195.3969    
         709   184.2767    
         710   180.5700    
         711   165.2136    
         712   177.9224    
         713   181.6291    
         714   172.0975    
         715   156.7411    
         716   144.0324    
         717   151.4458    
         718   149.3277    
         719   146.1505    
         720   138.2076    
         721   132.9122    
         722   130.7941    
         723   119.6740    
         724   113.3196    
         725   99.55180    
         726   63.01418    
         727  0.0000000E+00
         728  0.0000000E+00
         729  0.0000000E+00
         730  0.0000000E+00
         731  0.0000000E+00
         732  0.0000000E+00
         733  0.0000000E+00
         734  0.0000000E+00
         735  0.0000000E+00
         736  0.0000000E+00
         737  0.0000000E+00
         738  0.0000000E+00
         739  0.0000000E+00
         740  0.0000000E+00
         741  0.0000000E+00
         742  0.0000000E+00
         743  0.0000000E+00
         744  0.0000000E+00
         745  0.0000000E+00
         746  0.0000000E+00
         747  0.0000000E+00
         748  0.0000000E+00
         749  0.0000000E+00
         750  0.0000000E+00
         751  0.0000000E+00
         752  0.0000000E+00
         753  0.0000000E+00
         754  0.0000000E+00
         755  0.0000000E+00
         756  0.0000000E+00
         757  0.0000000E+00
         758  0.0000000E+00
         759  0.0000000E+00
         760  0.0000000E+00
         761  0.0000000E+00
         762  0.0000000E+00
         763  0.0000000E+00
         764  0.0000000E+00
         765  0.0000000E+00
         766  0.0000000E+00
         767  0.0000000E+00
         768  0.0000000E+00
         769  0.0000000E+00
         770  0.0000000E+00
         771  0.0000000E+00
         772  0.0000000E+00
         773  0.0000000E+00
         774  0.0000000E+00
         775  0.0000000E+00
         776  0.0000000E+00
         777  0.0000000E+00
         778  0.0000000E+00
         779  0.0000000E+00
         780  0.0000000E+00
         781  0.0000000E+00
         782  0.0000000E+00
         783  0.0000000E+00
         784  0.0000000E+00
         785  0.0000000E+00
         786  0.0000000E+00
         787  0.0000000E+00
         788  0.0000000E+00
         789  0.0000000E+00
         790  0.0000000E+00
         791  0.0000000E+00
         792  0.0000000E+00
         793  0.0000000E+00
         794  0.0000000E+00
         795  0.0000000E+00
         796  0.0000000E+00
         797  0.0000000E+00
         798  0.0000000E+00
         799  0.0000000E+00
         800  0.0000000E+00
         801  0.0000000E+00
         802  0.0000000E+00
         803  0.0000000E+00
         804  0.0000000E+00
         805  0.0000000E+00
         806  0.0000000E+00
         807  0.0000000E+00
         808  0.0000000E+00
         809  0.0000000E+00
         810  0.0000000E+00
         811  0.0000000E+00
         812  0.0000000E+00
         813  0.0000000E+00
         814  0.0000000E+00
         815  0.0000000E+00
         816  0.0000000E+00
         817  0.0000000E+00
         818  0.0000000E+00
         819  0.0000000E+00
         820  0.0000000E+00
         821  0.0000000E+00
         822  0.0000000E+00
         823  0.0000000E+00
         824  0.0000000E+00
         825  0.0000000E+00
         826  0.0000000E+00
         827  0.0000000E+00
         828  0.0000000E+00
         829  0.0000000E+00
         830  0.0000000E+00
         831  0.0000000E+00
         832  0.0000000E+00
         833  0.0000000E+00
         834  0.0000000E+00
         835  0.0000000E+00
         836  0.0000000E+00
         837  0.0000000E+00
         838  0.0000000E+00
         839  0.0000000E+00
         840  0.0000000E+00
         841  0.0000000E+00
         842  0.0000000E+00
         843  0.0000000E+00
         844  0.0000000E+00
         845  0.0000000E+00
         846  0.0000000E+00
         847  0.0000000E+00
         848  0.0000000E+00
         849  0.0000000E+00
         850  0.0000000E+00
         851  0.0000000E+00
         852  0.0000000E+00
         853  0.0000000E+00
         854  0.0000000E+00
         855  0.0000000E+00
         856  0.0000000E+00
         857  0.0000000E+00
         858  0.0000000E+00
         859  0.0000000E+00
         860  0.0000000E+00
         861  0.0000000E+00
         862  0.0000000E+00
         863  0.0000000E+00
         864  0.0000000E+00
         865  0.0000000E+00
         866  0.0000000E+00
         867  0.0000000E+00
         868  0.0000000E+00
         869  0.0000000E+00
         870  0.0000000E+00
         871  0.0000000E+00
         872  0.0000000E+00
         873  0.0000000E+00
         874  0.0000000E+00
         875  0.0000000E+00
         876  0.0000000E+00
         877  0.0000000E+00
         878  0.0000000E+00
         879  0.0000000E+00
         880  0.0000000E+00
         881  0.0000000E+00
         882  0.0000000E+00
         883  0.0000000E+00
         884  0.0000000E+00
         885  0.0000000E+00
         886  0.0000000E+00
         887  0.0000000E+00
         888  0.0000000E+00
         889  0.0000000E+00
         890  0.0000000E+00
         891  0.0000000E+00
         892  0.0000000E+00
         893  0.0000000E+00
         894  0.0000000E+00
         895  0.0000000E+00
         896  0.0000000E+00
         897  0.0000000E+00
         898  0.0000000E+00
         899  0.0000000E+00
         900  0.0000000E+00
         901  0.0000000E+00
         902  0.0000000E+00
         903  0.0000000E+00
         904  0.0000000E+00
         905  0.0000000E+00
         906  0.0000000E+00
         907  0.0000000E+00
         908  0.0000000E+00
         909  0.0000000E+00
         910  0.0000000E+00
         911  0.0000000E+00
         912  0.0000000E+00
         913  0.0000000E+00
         914  0.0000000E+00
         915  0.0000000E+00
         916  0.0000000E+00
         917  0.0000000E+00
         918  0.0000000E+00
         919  0.0000000E+00
         920  0.0000000E+00
         921  0.0000000E+00
         922  0.0000000E+00
         923  0.0000000E+00
         924  0.0000000E+00
         925  0.0000000E+00
         926  0.0000000E+00
         927  0.0000000E+00
         928  0.0000000E+00
         929  0.0000000E+00
         930  0.0000000E+00
         931  0.0000000E+00
         932  0.0000000E+00
         933  0.0000000E+00
         934  0.0000000E+00
         935  0.0000000E+00
         936  0.0000000E+00
         937  0.0000000E+00
         938  0.0000000E+00
         939  0.0000000E+00
         940  0.0000000E+00
         941  0.0000000E+00
         942  0.0000000E+00
         943  0.0000000E+00
         944  0.0000000E+00
         945  0.0000000E+00
         946  0.0000000E+00
         947  0.0000000E+00
         948  0.0000000E+00
         949  0.0000000E+00
         950  0.0000000E+00
         951  0.0000000E+00
         952  0.0000000E+00
         953  0.0000000E+00
         954  0.0000000E+00
         955  0.0000000E+00
         956  0.0000000E+00
         957  0.0000000E+00
         958  0.0000000E+00
         959  0.0000000E+00
         960  0.0000000E+00
         961  0.0000000E+00
         962  0.0000000E+00
         963  0.0000000E+00
         964  0.0000000E+00
         965  0.0000000E+00
         966  0.0000000E+00
         967  0.0000000E+00
         968  0.0000000E+00
         969  0.0000000E+00
         970  0.0000000E+00
         971  0.0000000E+00
         972  0.0000000E+00
         973  0.0000000E+00
         974  0.0000000E+00
         975  0.0000000E+00
         976  0.0000000E+00
         977  0.0000000E+00
         978  0.0000000E+00
         979  0.0000000E+00
         980  0.0000000E+00
         981  0.0000000E+00
         982  0.0000000E+00
         983  0.0000000E+00
         984  0.0000000E+00
         985  0.0000000E+00
         986  0.0000000E+00
         987  0.0000000E+00
         988  0.0000000E+00
         989  0.0000000E+00
         990  0.0000000E+00
         991  0.0000000E+00
         992  0.0000000E+00
         993  0.0000000E+00
         994  0.0000000E+00
         995  0.0000000E+00
         996  0.0000000E+00
         997  0.0000000E+00
         998  0.0000000E+00
         999  0.0000000E+00
        1000  0.0000000E+00
        1001  0.0000000E+00
        1002  0.0000000E+00
        1003  0.0000000E+00
        1004  0.0000000E+00
        1005  0.0000000E+00
        1006  0.0000000E+00
        1007  0.0000000E+00
        1008  0.0000000E+00
        1009  0.0000000E+00
        1010  0.0000000E+00
        1011  0.0000000E+00
        1012  0.0000000E+00
        1013  0.0000000E+00
        1014  0.0000000E+00
        1015  0.0000000E+00
        1016  0.0000000E+00
        1017  0.0000000E+00
        1018  0.0000000E+00
        1019  0.0000000E+00
        1020  0.0000000E+00
        1021  0.0000000E+00
        1022  0.0000000E+00
        1023  0.0000000E+00
        1024  0.0000000E+00
