 #   Y    A
           1  0.0000000E+00
           2  0.0000000E+00
           3  0.0000000E+00
           4  0.0000000E+00
           5  0.0000000E+00
           6  0.0000000E+00
           7  0.0000000E+00
           8  0.0000000E+00
           9  0.0000000E+00
          10  0.0000000E+00
          11  0.0000000E+00
          12  0.0000000E+00
          13  0.0000000E+00
          14  0.0000000E+00
          15  0.0000000E+00
          16  0.0000000E+00
          17  0.0000000E+00
          18  0.0000000E+00
          19  0.0000000E+00
          20  0.0000000E+00
          21  0.0000000E+00
          22  0.0000000E+00
          23  0.0000000E+00
          24  0.0000000E+00
          25  0.0000000E+00
          26  0.0000000E+00
          27  0.0000000E+00
          28  0.0000000E+00
          29  0.0000000E+00
          30  0.0000000E+00
          31  0.0000000E+00
          32  0.0000000E+00
          33  0.0000000E+00
          34  0.0000000E+00
          35  0.0000000E+00
          36  0.0000000E+00
          37  0.0000000E+00
          38  0.0000000E+00
          39  0.0000000E+00
          40  0.0000000E+00
          41  0.0000000E+00
          42  0.0000000E+00
          43  0.0000000E+00
          44  0.0000000E+00
          45  0.0000000E+00
          46  0.0000000E+00
          47  0.0000000E+00
          48  0.0000000E+00
          49  0.0000000E+00
          50  0.0000000E+00
          51  0.0000000E+00
          52  0.0000000E+00
          53  0.0000000E+00
          54  0.0000000E+00
          55  0.0000000E+00
          56  0.0000000E+00
          57  0.0000000E+00
          58  0.0000000E+00
          59  0.0000000E+00
          60  0.0000000E+00
          61  0.0000000E+00
          62  0.0000000E+00
          63  0.0000000E+00
          64  0.0000000E+00
          65  0.0000000E+00
          66  0.0000000E+00
          67  0.0000000E+00
          68  0.0000000E+00
          69  0.0000000E+00
          70  0.0000000E+00
          71  0.0000000E+00
          72  0.0000000E+00
          73  0.0000000E+00
          74  0.0000000E+00
          75  0.0000000E+00
          76  0.0000000E+00
          77  0.0000000E+00
          78  0.0000000E+00
          79  0.0000000E+00
          80  0.0000000E+00
          81  0.0000000E+00
          82  0.0000000E+00
          83  0.0000000E+00
          84  0.0000000E+00
          85  0.0000000E+00
          86  0.0000000E+00
          87  0.0000000E+00
          88  0.0000000E+00
          89  0.0000000E+00
          90  0.0000000E+00
          91  0.0000000E+00
          92  0.0000000E+00
          93  0.0000000E+00
          94  0.0000000E+00
          95  0.0000000E+00
          96  0.0000000E+00
          97  0.0000000E+00
          98  0.0000000E+00
          99  0.0000000E+00
         100  0.0000000E+00
         101  0.0000000E+00
         102  0.0000000E+00
         103  0.0000000E+00
         104  0.0000000E+00
         105  0.0000000E+00
         106  0.0000000E+00
         107  0.0000000E+00
         108  0.0000000E+00
         109  0.0000000E+00
         110  0.0000000E+00
         111  0.0000000E+00
         112  0.0000000E+00
         113  0.0000000E+00
         114  0.0000000E+00
         115  0.0000000E+00
         116  0.0000000E+00
         117  0.0000000E+00
         118  0.0000000E+00
         119  0.0000000E+00
         120  0.0000000E+00
         121  0.0000000E+00
         122  0.0000000E+00
         123  0.0000000E+00
         124  0.0000000E+00
         125  0.0000000E+00
         126  0.0000000E+00
         127  0.0000000E+00
         128  0.0000000E+00
         129  0.0000000E+00
         130  0.0000000E+00
         131  0.0000000E+00
         132  0.0000000E+00
         133  0.0000000E+00
         134  0.0000000E+00
         135  0.0000000E+00
         136  0.0000000E+00
         137  0.0000000E+00
         138  0.0000000E+00
         139  0.0000000E+00
         140  0.0000000E+00
         141  0.0000000E+00
         142  0.0000000E+00
         143  0.0000000E+00
         144  0.0000000E+00
         145  0.0000000E+00
         146  0.0000000E+00
         147  0.0000000E+00
         148  0.0000000E+00
         149  0.0000000E+00
         150  0.0000000E+00
         151  0.0000000E+00
         152  0.0000000E+00
         153  0.0000000E+00
         154  0.0000000E+00
         155  0.0000000E+00
         156  0.0000000E+00
         157  0.0000000E+00
         158  0.0000000E+00
         159  0.0000000E+00
         160  0.0000000E+00
         161  0.0000000E+00
         162  0.0000000E+00
         163  0.0000000E+00
         164  0.0000000E+00
         165  0.0000000E+00
         166  0.0000000E+00
         167  0.0000000E+00
         168  0.0000000E+00
         169  0.0000000E+00
         170  0.0000000E+00
         171  0.0000000E+00
         172  0.0000000E+00
         173  0.0000000E+00
         174  0.0000000E+00
         175  0.0000000E+00
         176  0.0000000E+00
         177  0.0000000E+00
         178  0.0000000E+00
         179  0.0000000E+00
         180  0.0000000E+00
         181  0.0000000E+00
         182  0.0000000E+00
         183  0.0000000E+00
         184  0.0000000E+00
         185  0.0000000E+00
         186  0.0000000E+00
         187   1.059062    
         188   3.706716    
         189   7.413432    
         190   13.76780    
         191   16.94499    
         192   13.76780    
         193   17.47452    
         194   16.41546    
         195   20.12217    
         196   21.71077    
         197   18.53358    
         198   21.71077    
         199   19.59264    
         200   17.47452    
         201   16.41546    
         202   15.35640    
         203   21.18124    
         204   11.64968    
         205   20.12217    
         206   25.41748    
         207   30.18326    
         208   16.94499    
         209   18.00405    
         210   18.00405    
         211   22.24030    
         212   12.70874    
         213   21.71077    
         214   21.18124    
         215   22.76983    
         216   20.65170    
         217   19.59264    
         218   25.94701    
         219   19.59264    
         220   22.76983    
         221   22.76983    
         222   19.59264    
         223   19.59264    
         224   22.24030    
         225   27.00607    
         226   22.24030    
         227   28.06514    
         228   23.82889    
         229   21.18124    
         230   22.76983    
         231   19.06311    
         232   23.29936    
         233   32.30138    
         234   30.18326    
         235   23.82889    
         236   25.41748    
         237   23.29936    
         238   31.24232    
         239   27.53561    
         240   29.12420    
         241   18.53358    
         242   25.94701    
         243   26.47654    
         244   25.41748    
         245   27.00607    
         246   34.94904    
         247   29.65373    
         248   25.41748    
         249   34.94904    
         250   27.53561    
         251   32.30138    
         252   31.77185    
         253   27.00607    
         254   35.47857    
         255   33.36045    
         256   37.59669    
         257   27.00607    
         258   37.59669    
         259   39.71482    
         260   31.77185    
         261   39.18528    
         262   32.30138    
         263   36.00810    
         264   36.53763    
         265   31.77185    
         266   33.88998    
         267   50.30544    
         268   37.06716    
         269   40.77388    
         270   35.47857    
         271   39.71482    
         272   52.95309    
         273   54.01215    
         274   48.71684    
         275   56.13028    
         276   52.42356    
         277   42.89200    
         278   51.89403    
         279   57.71886    
         280   50.83496    
         281   56.65981    
         282   74.13432    
         283   69.89808    
         284   59.83699    
         285   59.30746    
         286   88.96119    
         287   81.01823    
         288   79.95916    
         289   80.48869    
         290   102.7290    
         291   98.49274    
         292   98.49274    
         293   129.2055    
         294   123.3807    
         295   135.5599    
         296   124.4398    
         297   152.5049    
         298   150.3868    
         299   157.8002    
         300   155.6821    
         301   157.8002    
         302   172.0975    
         303   177.3929    
         304   187.9835    
         305   181.0996    
         306   173.6861    
         307   175.2747    
         308   176.3338    
         309   171.0385    
         310   158.8593    
         311   158.8593    
         312   166.8022    
         313   166.8022    
         314   165.7432    
         315   163.0955    
         316   171.5680    
         317   156.2116    
         318   158.8593    
         319   158.3297    
         320   171.0385    
         321   161.5069    
         322   156.7411    
         323   172.6271    
         324   166.8022    
         325   166.8022    
         326   167.3318    
         327   172.6271    
         328   174.7452    
         329   175.8042    
         330   162.0365    
         331   176.8633    
         332   182.1586    
         333   174.7452    
         334   189.5721    
         335   195.3969    
         336   188.5130    
         337   194.3378    
         338   199.1036    
         339   219.7553    
         340   211.2828    
         341   225.5802    
         342   219.7553    
         343   235.1117    
         344   227.6983    
         345   238.2889    
         346   241.9956    
         347   241.4661    
         348   253.1158    
         349   245.7023    
         350   255.2339    
         351   257.8815    
         352   246.2319    
         353   266.8836    
         354   282.2400    
         355   264.7654    
         356   273.2379    
         357   281.1809    
         358   278.5332    
         359   299.7145    
         360   271.6494    
         361   284.3581    
         362   281.7104    
         363   281.7104    
         364   276.9446    
         365   284.3581    
         366   282.2400    
         367   291.2420    
         368   269.5312    
         369   292.3011    
         370   278.0037    
         371   281.7104    
         372   285.9467    
         373   291.7715    
         374   282.7695    
         375   296.0078    
         376   271.1198    
         377   279.5923    
         378   291.7715    
         379   300.7735    
         380   275.8856    
         381   288.5943    
         382   273.2379    
         383   294.4192    
         384   281.1809    
         385   271.6494    
         386   279.5923    
         387   300.2440    
         388   291.7715    
         389   271.6494    
         390   289.6534    
         391   276.9446    
         392   295.4782    
         393   278.5332    
         394   287.0057    
         395   284.3581    
         396   298.1259    
         397   289.1239    
         398   281.1809    
         399   295.4782    
         400   277.4742    
         401   281.1809    
         402   292.3011    
         403   297.0668    
         404   311.8937    
         405   291.7715    
         406   310.3051    
         407   299.1849    
         408   300.2440    
         409   294.9487    
         410   312.9528    
         411   301.3031    
         412   318.2480    
         413   317.7185    
         414   315.6004    
         415   328.3091    
         416   306.0688    
         417   319.3071    
         418   328.8387    
         419   333.0749    
         420   331.4863    
         421   346.8427    
         422   333.0749    
         423   344.1951    
         424   340.4884    
         425   347.3723    
         426   355.8448    
         427   347.9018    
         428   363.2582    
         429   374.9079    
         430   357.4333    
         431   386.5576    
         432   374.9079    
         433   376.4965    
         434   388.1461    
         435   384.9690    
         436   404.0321    
         437   407.2093    
         438   410.3864    
         439   421.5066    
         440   414.6227    
         441   434.7448    
         442   431.5677    
         443   453.2784    
         444   462.8100    
         445   481.8731    
         446   468.1053    
         447   490.3456    
         448   480.8140    
         449   496.1704    
         450   494.0523    
         451   508.8792    
         452   523.7061    
         453   507.8201    
         454   521.5879    
         455   534.8262    
         456   514.7040    
         457   526.8832    
         458   514.1745    
         459   518.9402    
         460   539.0624    
         461   540.6510    
         462   545.4168    
         463   548.0645    
         464   544.8873    
         465   560.7732    
         466   544.3577    
         467   561.3027    
         468   561.3027    
         469   571.8934    
         470   584.0726    
         471   584.0726    
         472   590.4269    
         473   608.4310    
         474   601.0176    
         475   590.4269    
         476   604.1948    
         477   624.8464    
         478   624.3169    
         479   596.7813    
         480   614.2558    
         481   664.0317    
         482   616.9035    
         483   639.6733    
         484   679.3881    
         485   639.1438    
         486   712.2191    
         487   646.0276    
         488   660.3250    
         489   713.8076    
         490   660.8546    
         491   677.2700    
         492   689.4492    
         493   718.5734    
         494   720.1620    
         495   732.3412    
         496   736.5775    
         497   712.2191    
         498   778.9399    
         499   695.8036    
         500   769.9379    
         501   799.5916    
         502   778.4104    
         503   785.2943    
         504   767.8198    
         505   795.8849    
         506   750.3453    
         507   798.0031    
         508   772.0560    
         509   796.4144    
         510   866.8420    
         511   841.9541    
         512   777.3513    
         513   811.2413    
         514   863.6649    
         515   792.1782    
         516   807.0051    
         517   860.4877    
         518   886.4347    
         519   847.7789    
         520   875.8441    
         521   840.8950    
         522   897.0253    
         523   843.5427    
         524   841.4246    
         525   896.4958    
         526   867.9011    
         527   823.9501    
         528   920.3247    
         529   876.3736    
         530   841.4246    
         531   854.1333    
         532   869.4897    
         533   899.1434    
         534   867.3716    
         535   876.9031    
         536   862.6058    
         537   872.1373    
         538   853.6038    
         539   856.7810    
         540   879.5508    
         541   858.3696    
         542   859.4286    
         543   882.1984    
         544   902.8502    
         545   881.6689    
         546   896.4958    
         547   874.2555    
         548   900.2025    
         549   939.3878    
         550   886.4347    
         551   935.1516    
         552   924.5609    
         553   955.2737    
         554   996.0476    
         555   989.6932    
         556   1005.579    
         557   981.7502    
         558   999.2248    
         559   1020.936    
         560   990.7523    
         561   982.2798    
         562   1020.936    
         563   1002.402    
         564   1021.995    
         565   996.5771    
         566   1017.229    
         567   1026.231    
         568   1022.524    
         569   993.9294    
         570   1034.703    
         571   1023.054    
         572   1009.815    
         573   1017.229    
         574   983.8684    
         575   1025.172    
         576   1010.345    
         577   991.8113    
         578   999.2248    
         579   970.1006    
         580   1002.932    
         581   992.3409    
         582   1010.345    
         583   975.3959    
         584   985.4570    
         585   957.3918    
         586   976.9845    
         587   990.2228    
         588   949.4489    
         589   961.6281    
         590   976.4550    
         591   949.9784    
         592   980.1617    
         593   964.8053    
         594   960.5690    
         595   973.2778    
         596   961.0986    
         597   957.9214    
         598   969.5710    
         599   975.9254    
         600   948.3898    
         601   969.0415    
         602   953.6851    
         603   952.0965    
         604   955.8032    
         605   949.4489    
         606   953.6851    
         607   926.6791    
         608   946.8012    
         609   939.3878    
         610   961.6281    
         611   947.8603    
         612   940.4468    
         613   948.9193    
         614   948.3898    
         615   953.6851    
         616   931.4448    
         617   953.6851    
         618   927.7381    
         619   931.4448    
         620   938.3287    
         621   927.7381    
         622   937.2697    
         623   936.2106    
         624   938.3287    
         625   905.4978    
         626   928.7972    
         627   913.4408    
         628   908.1454    
         629   915.5589    
         630   900.2025    
         631   910.2636    
         632   871.0783    
         633   907.0864    
         634   881.6689    
         635   915.0294    
         636   883.7870    
         637   877.9622    
         638   880.0803    
         639   895.4367    
         640   849.3676    
         641   899.6730    
         642   853.0743    
         643   872.6669    
         644   847.7789    
         645   872.6669    
         646   826.0682    
         647   861.5468    
         648   867.9011    
         649   805.9460    
         650   866.8420    
         651   840.8950    
         652   847.7789    
         653   856.2515    
         654   833.4816    
         655   856.2515    
         656   842.4836    
         657   851.4857    
         658   858.8991    
         659   869.4897    
         660   871.0783    
         661   875.3146    
         662   859.4286    
         663   922.9724    
         664   877.9622    
         665   900.2025    
         666   908.1454    
         667   921.9133    
         668   911.8522    
         669   930.9153    
         670   942.5649    
         671   935.1516    
         672   914.4998    
         673   959.5099    
         674   948.3898    
         675   979.6321    
         676   969.0415    
         677   1003.461    
         678   1018.288    
         679   1036.292    
         680   1049.001    
         681   1042.117    
         682   1117.310    
         683   1152.259    
         684   1171.322    
         685   1207.860    
         686   1242.279    
         687   1283.053    
         688   1363.542    
         689   1446.678    
         690   1554.173    
         691   1688.144    
         692   1775.517    
         693   1911.606    
         694   2171.606    
         695   2402.482    
         696   2562.400    
         697   2610.587    
         698   2687.369    
         699   2384.478    
         700   2143.541    
         701   1748.511    
         702   1472.096    
         703   1253.929    
         704   1167.086    
         705   1045.823    
         706   927.2086    
         707   904.9683    
         708   841.9541    
         709   782.6467    
         710   737.6365    
         711   716.9848    
         712   668.7975    
         713   663.5022    
         714   653.4411    
         715   613.7263    
         716   616.9035    
         717   565.0095    
         718   582.4839    
         719   536.4148    
         720   525.2946    
         721   519.9993    
         722   522.1174    
         723   504.1134    
         724   481.8731    
         725   478.6959    
         726   487.1684    
         727   471.2825    
         728   462.2805    
         729   463.3395    
         730   457.5147    
         731   436.8630    
         732   447.4536    
         733   434.2153    
         734   426.8019    
         735   441.6288    
         736   416.7408    
         737   406.6797    
         738   411.4455    
         739   420.4475    
         740   412.5045    
         741   384.9690    
         742   399.7958    
         743   401.3844    
         744   390.7938    
         745   409.3274    
         746   377.5555    
         747   382.8508    
         748   369.6125    
         749   368.5535    
         750   346.3132    
         751   384.9690    
         752   360.6105    
         753   366.9649    
         754   346.3132    
         755   341.5474    
         756   328.8387    
         757   339.9588    
         758   354.7857    
         759   332.5454    
         760   346.3132    
         761   324.0729    
         762   330.9568    
         763   316.6595    
         764   332.0159    
         765   328.3091    
         766   309.2460    
         767   317.7185    
         768   325.6615    
         769   302.8917    
         770   302.8917    
         771   305.0098    
         772   300.7735    
         773   290.1829    
         774   285.4171    
         775   283.8286    
         776   275.8856    
         777   269.5312    
         778   265.2950    
         779   276.4151    
         780   256.2929    
         781   255.7634    
         782   264.2359    
         783   255.7634    
         784   249.4090    
         785   237.2298    
         786   247.2909    
         787   231.9345    
         788   238.2889    
         789   227.1687    
         790   232.4641    
         791   224.5211    
         792   205.9875    
         793   228.2278    
         794   210.7533    
         795   197.5150    
         796   219.7553    
         797   189.5721    
         798   200.6922    
         799   189.5721    
         800   184.2767    
         801   192.7492    
         802   178.4519    
         803   182.1586    
         804   163.0955    
         805   172.6271    
         806   165.2136    
         807   148.7982    
         808   167.8613    
         809   156.7411    
         810   158.8593    
         811   153.5639    
         812   146.6801    
         813   157.2707    
         814   148.7982    
         815   146.6801    
         816   150.9163    
         817   138.2076    
         818   146.6801    
         819   136.0894    
         820   142.9733    
         821   145.6210    
         822   130.7941    
         823   141.9143    
         824   135.0304    
         825   131.3237    
         826   138.2076    
         827   135.0304    
         828   126.0284    
         829   130.2646    
         830   130.7941    
         831   123.3807    
         832   126.0284    
         833   127.0874    
         834   128.6760    
         835   123.3807    
         836   115.9673    
         837   127.6169    
         838   121.7921    
         839   120.7330    
         840   119.1444    
         841   112.7901    
         842   119.1444    
         843   123.9102    
         844   111.7310    
         845   111.2015    
         846   122.3216    
         847   119.1444    
         848   112.2605    
         849   103.2585    
         850   121.7921    
         851   104.3176    
         852   111.2015    
         853   102.1995    
         854   119.1444    
         855   112.7901    
         856   108.0243    
         857   112.7901    
         858   112.2605    
         859   110.1424    
         860   113.8491    
         861   101.1404    
         862   111.2015    
         863   107.4948    
         864   106.4357    
         865   106.9652    
         866   106.4357    
         867   106.4357    
         868   100.0813    
         869   103.2585    
         870   103.7881    
         871   98.49274    
         872   95.84509    
         873   105.9062    
         874   95.31556    
         875   101.6699    
         876   94.25650    
         877   93.19743    
         878   101.1404    
         879   94.78603    
         880   92.66791    
         881   94.25650    
         882   97.96321    
         883   91.60884    
         884   92.13837    
         885   97.96321    
         886   97.43369    
         887   104.3176    
         888   83.13635    
         889   99.02228    
         890   99.02228    
         891   93.72697    
         892   90.54978    
         893   94.78603    
         894   95.84509    
         895   91.60884    
         896   95.31556    
         897   90.54978    
         898   92.66791    
         899   93.19743    
         900   94.25650    
         901   92.66791    
         902   96.90415    
         903   90.54978    
         904   98.49274    
         905   90.54978    
         906   100.6109    
         907   93.19743    
         908   101.1404    
         909   96.37462    
         910   94.78603    
         911   95.31556    
         912   104.8471    
         913   94.78603    
         914   101.1404    
         915   104.3176    
         916   102.7290    
         917   101.1404    
         918   105.3766    
         919   110.1424    
         920   99.02228    
         921   109.0834    
         922   118.0854    
         923   106.4357    
         924   117.5559    
         925   106.4357    
         926   106.4357    
         927   124.4398    
         928   109.0834    
         929   120.7330    
         930   115.4377    
         931   112.7901    
         932   125.4988    
         933   120.2035    
         934   104.8471    
         935   115.9673    
         936   117.0263    
         937   114.9082    
         938   119.1444    
         939   109.0834    
         940   106.9652    
         941   109.6129    
         942   118.0854    
         943   105.9062    
         944   126.0284    
         945   118.6149    
         946   109.0834    
         947   108.5538    
         948   126.0284    
         949   109.0834    
         950   106.9652    
         951   110.1424    
         952   120.7330    
         953   119.6740    
         954   96.37462    
         955   117.5559    
         956   115.4377    
         957   108.5538    
         958   104.3176    
         959   109.0834    
         960   102.1995    
         961   112.7901    
         962   108.5538    
         963   111.7310    
         964   106.4357    
         965   103.2585    
         966   101.6699    
         967   116.4968    
         968   101.1404    
         969   95.84509    
         970   112.7901    
         971   110.6720    
         972   101.6699    
         973   92.66791    
         974   102.7290    
         975   104.3176    
         976   99.55180    
         977   90.02025    
         978   105.9062    
         979   87.90213    
         980   94.78603    
         981   97.43369    
         982   87.37260    
         983   91.60884    
         984   97.96321    
         985   96.37462    
         986   76.25245    
         987   90.54978    
         988   93.19743    
         989   88.43166    
         990   78.37057    
         991   89.49072    
         992   81.01823    
         993   81.54776    
         994   81.54776    
         995   84.19541    
         996   76.78197    
         997   82.60682    
         998   77.31151    
         999   73.60479    
        1000   76.78198    
        1001   74.66386    
        1002   53.48262    
        1003   44.48059    
        1004   50.30544    
        1005   51.89403    
        1006   53.48262    
        1007   50.83496    
        1008   50.83496    
        1009   48.71684    
        1010   45.53966    
        1011   50.30544    
        1012   48.71684    
        1013   47.12825    
        1014   46.06919    
        1015   57.18933    
        1016   41.83294    
        1017   44.48059    
        1018   59.30746    
        1019   79.95916    
        1020   33.88998    
        1021  0.5295309    
        1022  0.0000000E+00
        1023  0.0000000E+00
        1024  0.0000000E+00
