 #   Y    A
           1   3983.661    
           2  0.0000000E+00
           3  0.0000000E+00
           4  0.0000000E+00
           5  0.0000000E+00
           6  0.0000000E+00
           7  0.0000000E+00
           8  0.0000000E+00
           9  0.0000000E+00
          10  0.0000000E+00
          11  0.0000000E+00
          12  0.0000000E+00
          13  0.0000000E+00
          14  0.0000000E+00
          15  0.0000000E+00
          16  0.0000000E+00
          17  0.0000000E+00
          18  0.0000000E+00
          19  0.0000000E+00
          20  0.0000000E+00
          21  0.0000000E+00
          22  0.0000000E+00
          23  0.0000000E+00
          24  0.0000000E+00
          25  0.0000000E+00
          26  0.0000000E+00
          27  0.0000000E+00
          28  0.0000000E+00
          29  0.0000000E+00
          30  0.0000000E+00
          31  0.0000000E+00
          32  0.0000000E+00
          33  0.0000000E+00
          34  0.0000000E+00
          35  0.0000000E+00
          36  0.0000000E+00
          37  0.0000000E+00
          38  0.0000000E+00
          39  0.0000000E+00
          40  0.0000000E+00
          41  0.0000000E+00
          42  0.0000000E+00
          43  0.0000000E+00
          44  0.0000000E+00
          45  0.0000000E+00
          46  0.0000000E+00
          47  0.0000000E+00
          48  0.0000000E+00
          49  0.0000000E+00
          50  0.0000000E+00
          51  0.0000000E+00
          52  0.0000000E+00
          53  0.0000000E+00
          54  0.0000000E+00
          55  0.0000000E+00
          56  0.0000000E+00
          57  0.0000000E+00
          58  0.0000000E+00
          59  0.0000000E+00
          60  0.0000000E+00
          61  0.0000000E+00
          62  0.0000000E+00
          63  0.0000000E+00
          64  0.0000000E+00
          65  0.0000000E+00
          66  0.0000000E+00
          67  0.0000000E+00
          68  0.0000000E+00
          69  0.0000000E+00
          70  0.0000000E+00
          71  0.0000000E+00
          72  0.0000000E+00
          73  0.0000000E+00
          74  0.0000000E+00
          75  0.0000000E+00
          76  0.0000000E+00
          77  0.0000000E+00
          78  0.0000000E+00
          79  0.0000000E+00
          80  0.0000000E+00
          81  0.0000000E+00
          82  0.0000000E+00
          83  0.0000000E+00
          84  0.0000000E+00
          85  0.0000000E+00
          86  0.0000000E+00
          87  0.0000000E+00
          88  0.0000000E+00
          89  0.0000000E+00
          90  0.0000000E+00
          91  0.0000000E+00
          92  0.0000000E+00
          93  0.0000000E+00
          94  0.0000000E+00
          95  0.0000000E+00
          96  0.0000000E+00
          97  0.0000000E+00
          98  0.0000000E+00
          99  0.0000000E+00
         100  0.0000000E+00
         101  0.0000000E+00
         102  0.0000000E+00
         103  0.0000000E+00
         104  0.0000000E+00
         105  0.0000000E+00
         106  0.0000000E+00
         107  0.0000000E+00
         108  0.0000000E+00
         109  0.0000000E+00
         110  0.0000000E+00
         111  0.0000000E+00
         112  0.0000000E+00
         113  0.0000000E+00
         114  0.0000000E+00
         115  0.0000000E+00
         116  0.0000000E+00
         117  0.0000000E+00
         118  0.0000000E+00
         119  0.0000000E+00
         120  0.0000000E+00
         121  0.0000000E+00
         122  0.0000000E+00
         123  0.0000000E+00
         124  0.0000000E+00
         125  0.0000000E+00
         126  0.0000000E+00
         127  0.0000000E+00
         128  0.0000000E+00
         129  0.0000000E+00
         130  0.0000000E+00
         131  0.0000000E+00
         132  0.0000000E+00
         133  0.0000000E+00
         134  0.0000000E+00
         135  0.0000000E+00
         136  0.0000000E+00
         137  0.0000000E+00
         138  0.0000000E+00
         139  0.0000000E+00
         140  0.0000000E+00
         141  0.0000000E+00
         142  0.0000000E+00
         143  0.0000000E+00
         144  0.0000000E+00
         145  0.0000000E+00
         146  0.0000000E+00
         147  0.0000000E+00
         148  0.0000000E+00
         149  0.0000000E+00
         150  0.0000000E+00
         151  0.0000000E+00
         152  0.0000000E+00
         153  0.0000000E+00
         154  0.0000000E+00
         155  0.0000000E+00
         156  0.5295309    
         157   2.118124    
         158   5.824840    
         159   13.76780    
         160   13.76780    
         161   14.29733    
         162   17.47452    
         163   15.88593    
         164   15.88593    
         165   18.53358    
         166   18.00405    
         167   17.47452    
         168   22.24030    
         169   18.00405    
         170   16.94499    
         171   15.35640    
         172   12.17921    
         173   20.12217    
         174   14.29733    
         175   13.23827    
         176   21.71077    
         177   26.47654    
         178   21.71077    
         179   18.00405    
         180   18.00405    
         181   18.53358    
         182   18.00405    
         183   12.70874    
         184   22.24030    
         185   21.18124    
         186   20.12217    
         187   18.53358    
         188   20.65170    
         189   24.88795    
         190   21.18124    
         191   18.00405    
         192   25.41748    
         193   19.06311    
         194   20.12217    
         195   22.24030    
         196   19.59264    
         197   23.29936    
         198   26.47654    
         199   25.41748    
         200   21.18124    
         201   22.24030    
         202   21.18124    
         203   19.06311    
         204   22.76983    
         205   27.00607    
         206   31.24232    
         207   24.35842    
         208   22.76983    
         209   23.29936    
         210   27.53561    
         211   21.71077    
         212   30.71279    
         213   25.41748    
         214   22.76983    
         215   24.35842    
         216   26.47654    
         217   30.18326    
         218   25.94701    
         219   33.36045    
         220   26.47654    
         221   25.41748    
         222   32.83091    
         223   29.65373    
         224   29.65373    
         225   30.18326    
         226   28.06514    
         227   37.06716    
         228   36.00810    
         229   31.77185    
         230   29.12420    
         231   38.65575    
         232   37.06716    
         233   34.41951    
         234   37.06716    
         235   32.30138    
         236   36.53763    
         237   38.65575    
         238   31.77185    
         239   36.53763    
         240   54.54168    
         241   31.77185    
         242   39.71482    
         243   41.30341    
         244   45.01012    
         245   55.07121    
         246   48.71684    
         247   51.89403    
         248   57.71887    
         249   48.18731    
         250   49.77590    
         251   57.18933    
         252   64.07323    
         253   60.89605    
         254   68.30949    
         255   77.31151    
         256   65.13230    
         257   81.01823    
         258   83.66588    
         259   97.43369    
         260   83.66588    
         261   101.1404    
         262   113.8491    
         263   104.3176    
         264   143.5029    
         265   123.9102    
         266   140.3257    
         267   137.6780    
         268   148.2686    
         269   155.6821    
         270   162.0365    
         271   152.5049    
         272   159.3888    
         273   152.5049    
         274   166.8022    
         275   169.9794    
         276   162.5660    
         277   142.4438    
         278   172.6271    
         279   132.9122    
         280   155.1526    
         281   150.9163    
         282   137.6780    
         283   142.9733    
         284   139.7962    
         285   138.2076    
         286   145.6210    
         287   124.4398    
         288   142.9733    
         289   134.5008    
         290   137.1485    
         291   140.3257    
         292   130.2646    
         293   149.8572    
         294   135.0304    
         295   140.3257    
         296   131.8532    
         297   155.1525    
         298   138.7371    
         299   156.7411    
         300   134.5008    
         301   152.5049    
         302   139.7962    
         303   159.9183    
         304   149.3277    
         305   150.3868    
         306   158.3297    
         307   151.9754    
         308   157.8002    
         309   155.1526    
         310   170.5089    
         311   179.5110    
         312   157.8002    
         313   173.1566    
         314   178.9814    
         315   182.1586    
         316   177.9224    
         317   194.8674    
         318   192.7492    
         319   204.3989    
         320   202.2808    
         321   200.1627    
         322   203.3399    
         323   202.2808    
         324   203.8694    
         325   218.6963    
         326   209.1647    
         327   198.5741    
         328   227.1687    
         329   220.2849    
         330   221.3439    
         331   218.1667    
         332   235.6412    
         333   222.4030    
         334   232.9936    
         335   225.5802    
         336   213.9305    
         337   235.1117    
         338   231.4050    
         339   227.6983    
         340   222.4030    
         341   211.2828    
         342   225.0506    
         343   201.2217    
         344   222.9325    
         345   205.9875    
         346   211.2828    
         347   209.1647    
         348   201.2217    
         349   207.0466    
         350   200.1627    
         351   202.2808    
         352   201.7513    
         353   202.2808    
         354   209.6942    
         355   184.8063    
         356   217.6372    
         357   187.9835    
         358   207.5761    
         359   195.9264    
         360   196.4560    
         361   212.8714    
         362   192.2197    
         363   201.2217    
         364   197.5150    
         365   207.5761    
         366   205.9875    
         367   201.2217    
         368   213.4009    
         369   195.9264    
         370   209.1647    
         371   221.8734    
         372   200.6922    
         373   210.7533    
         374   214.9895    
         375   220.2849    
         376   200.6922    
         377   214.9895    
         378   213.9305    
         379   218.1667    
         380   209.6942    
         381   213.4009    
         382   218.6963    
         383   218.1667    
         384   210.7533    
         385   218.6963    
         386   212.8714    
         387   225.0506    
         388   215.5191    
         389   225.5802    
         390   236.7003    
         391   214.9895    
         392   232.4641    
         393   216.0486    
         394   232.9936    
         395   232.4641    
         396   226.6392    
         397   241.9956    
         398   231.4050    
         399   245.7023    
         400   241.9956    
         401   241.4661    
         402   257.3520    
         403   230.3459    
         404   249.9386    
         405   251.5272    
         406   253.1158    
         407   261.0587    
         408   258.4111    
         409   263.7064    
         410   266.8836    
         411   262.1178    
         412   265.2950    
         413   280.1218    
         414   284.3581    
         415   276.4151    
         416   288.5943    
         417   283.2990    
         418   307.1279    
         419   296.5373    
         420   320.3662    
         421   311.8937    
         422   312.9528    
         423   308.1870    
         424   310.8346    
         425   319.3071    
         426   339.4293    
         427   322.4843    
         428   364.3173    
         429   333.0749    
         430   366.4354    
         431   368.0240    
         432   352.6676    
         433   367.4944    
         434   380.2032    
         435   396.0891    
         436   390.2643    
         437   383.9099    
         438   386.0280    
         439   400.8549    
         440   387.0871    
         441   419.3885    
         442   398.7368    
         443   401.3844    
         444   409.8569    
         445   405.6207    
         446   408.2683    
         447   393.4414    
         448   409.8569    
         449   416.2113    
         450   402.9730    
         451   415.6817    
         452   428.3905    
         453   433.6858    
         454   426.2724    
         455   419.3885    
         456   433.6858    
         457   433.6858    
         458   443.2173    
         459   445.3355    
         460   464.3986    
         461   461.7509    
         462   452.2194    
         463   484.5208    
         464   487.1684    
         465   497.2295    
         466   488.7570    
         467   529.5309    
         468   494.5818    
         469   506.2315    
         470   505.1725    
         471   517.8812    
         472   540.1215    
         473   526.8832    
         474   535.8853    
         475   559.7142    
         476   552.8303    
         477   541.7101    
         478   589.8974    
         479   535.8853    
         480   576.1296    
         481   622.1988    
         482   555.4779    
         483   587.2498    
         484   608.4310    
         485   570.3047    
         486   566.0685    
         487   604.1948    
         488   590.4269    
         489   593.0746    
         490   641.2619    
         491   605.7833    
         492   591.4860    
         493   643.3800    
         494   624.8464    
         495   601.5471    
         496   643.9095    
         497   656.0887    
         498   621.6693    
         499   694.2150    
         500   643.9095    
         501   704.2761    
         502   678.8586    
         503   661.3841    
         504   685.2130    
         505   648.6754    
         506   678.3290    
         507   697.3922    
         508   711.6895    
         509   677.7996    
         510   633.3189    
         511   758.2882    
         512   633.8484    
         513   705.8647    
         514   677.2700    
         515   713.2781    
         516   684.6834    
         517   705.3351    
         518   749.2862    
         519   646.0277    
         520   696.3331    
         521   712.7486    
         522   701.0989    
         523   698.4512    
         524   719.1029    
         525   714.3372    
         526   673.0338    
         527   739.2251    
         528   697.9217    
         529   712.7486    
         530   689.4492    
         531   716.9848    
         532   747.1681    
         533   753.5225    
         534   682.0358    
         535   735.5184    
         536   706.3942    
         537   752.9929    
         538   737.1070    
         539   732.3412    
         540   728.6345    
         541   763.5836    
         542   729.6935    
         543   750.8748    
         544   791.1191    
         545   780.5285    
         546   800.6507    
         547   772.0560    
         548   764.6426    
         549   783.7057    
         550   823.4205    
         551   786.8829    
         552   808.5937    
         553   844.0722    
         554   826.0682    
         555   884.3166    
         556   850.9561    
         557   848.3085    
         558   839.8360    
         559   877.4327    
         560   877.4327    
         561   859.4286    
         562   850.9561    
         563   842.4836    
         564   904.9683    
         565   826.5977    
         566   852.0152    
         567   879.0212    
         568   861.0172    
         569   885.3756    
         570   861.5468    
         571   847.2494    
         572   835.5997    
         573   865.2535    
         574   854.1333    
         575   868.4307    
         576   855.1924    
         577   830.3044    
         578   846.1904    
         579   859.9581    
         580   879.0212    
         581   849.3676    
         582   877.4327    
         583   825.0091    
         584   854.6628    
         585   852.5447    
         586   852.0152    
         587   828.7158    
         588   838.2474    
         589   844.6017    
         590   828.7158    
         591   850.9561    
         592   804.3574    
         593   864.7239    
         594   795.3554    
         595   848.8380    
         596   838.7769    
         597   859.4286    
         598   842.4836    
         599   852.0152    
         600   835.5997    
         601   855.1924    
         602   847.2494    
         603   836.6588    
         604   841.9541    
         605   843.0132    
         606   823.4205    
         607   857.8400    
         608   828.1863    
         609   840.3655    
         610   833.4816    
         611   839.8360    
         612   817.0662    
         613   839.3065    
         614   823.4205    
         615   821.8319    
         616   826.5977    
         617   838.2474    
         618   842.4836    
         619   834.0111    
         620   806.4755    
         621   846.7199    
         622   832.9521    
         623   826.5977    
         624   845.1313    
         625   820.7729    
         626   814.9480    
         627   823.9501    
         628   834.0111    
         629   835.5997    
         630   839.3065    
         631   813.8890    
         632   818.1252    
         633   830.8340    
         634   796.4144    
         635   825.0091    
         636   812.8299    
         637   812.8299    
         638   818.1252    
         639   809.1232    
         640   821.3024    
         641   783.1761    
         642   790.5896    
         643   803.8279    
         644   802.2393    
         645   771.5265    
         646   827.6568    
         647   790.5896    
         648   782.1171    
         649   771.5265    
         650   789.0010    
         651   768.3493    
         652   770.9969    
         653   772.0560    
         654   757.2292    
         655   761.9949    
         656   749.2862    
         657   755.1110    
         658   759.8768    
         659   733.4003    
         660   748.7567    
         661   741.3433    
         662   718.5734    
         663   749.8157    
         664   728.6345    
         665   743.9909    
         666   743.9909    
         667   723.3392    
         668   729.1640    
         669   720.6915    
         670   712.7486    
         671   732.8707    
         672   737.6365    
         673   723.8687    
         674   721.2211    
         675   714.3372    
         676   715.3962    
         677   699.5103    
         678   774.1741    
         679   698.4512    
         680   725.9868    
         681   724.3983    
         682   724.3983    
         683   703.2170    
         684   742.4023    
         685   696.8627    
         686   688.9197    
         687   747.1681    
         688   715.3962    
         689   712.2191    
         690   700.5693    
         691   712.7486    
         692   711.6895    
         693   737.1070    
         694   725.4573    
         695   705.8647    
         696   731.2822    
         697   734.9889    
         698   740.8137    
         699   722.8096    
         700   752.4634    
         701   772.0560    
         702   737.6365    
         703   771.5265    
         704   778.9399    
         705   769.9379    
         706   772.0560    
         707   784.7648    
         708   820.2433    
         709   808.5936    
         710   813.3594    
         711   830.8340    
         712   838.2474    
         713   886.9642    
         714   900.7321    
         715   917.6770    
         716   899.1434    
         717   969.5710    
         718   973.2778    
         719   1028.349    
         720   1010.345    
         721   1085.009    
         722   1167.086    
         723   1229.041    
         724   1241.750    
         725   1333.359    
         726   1410.670    
         727   1474.744    
         728   1623.012    
         729   1752.747    
         730   1916.902    
         731   2343.704    
         732   2631.769    
         733   2456.494    
         734   2049.814    
         735   1567.411    
         736   1392.137    
         737   1184.561    
         738   1033.644    
         739   919.7952    
         740   848.3085    
         741   763.0540    
         742   727.5754    
         743   660.3250    
         744   634.3780    
         745   597.8404    
         746   566.5980    
         747   541.7101    
         748   521.0584    
         749   499.3476    
         750   485.0503    
         751   473.4006    
         752   467.0462    
         753   445.8650    
         754   423.0952    
         755   436.8630    
         756   405.6207    
         757   396.0891    
         758   390.2643    
         759   402.4435    
         760   378.6146    
         761   374.3783    
         762   363.2582    
         763   362.7287    
         764   339.4293    
         765   352.6676    
         766   338.8998    
         767   349.4904    
         768   342.0769    
         769   328.3091    
         770   323.5434    
         771   325.1320    
         772   317.1890    
         773   311.8937    
         774   312.9528    
         775   311.3642    
         776   309.7756    
         777   289.6534    
         778   291.2420    
         779   317.7185    
         780   301.3031    
         781   294.4192    
         782   303.9507    
         783   302.8917    
         784   290.7125    
         785   290.7125    
         786   292.3011    
         787   287.5353    
         788   299.1849    
         789   296.0078    
         790   276.4151    
         791   296.5373    
         792   277.4742    
         793   273.2379    
         794   285.4171    
         795   289.1239    
         796   273.2379    
         797   274.8265    
         798   260.5292    
         799   273.7675    
         800   255.2339    
         801   255.7634    
         802   289.1239    
         803   238.8184    
         804   274.2970    
         805   254.1748    
         806   247.2909    
         807   244.1137    
         808   247.2909    
         809   243.0547    
         810   235.1117    
         811   232.9936    
         812   249.4090    
         813   229.8164    
         814   229.8164    
         815   239.8775    
         816   233.5231    
         817   223.4620    
         818   220.2849    
         819   222.4030    
         820   233.5231    
         821   205.4580    
         822   224.5211    
         823   195.9264    
         824   213.9305    
         825   204.9285    
         826   201.2217    
         827   208.6352    
         828   185.3358    
         829   198.5741    
         830   177.9224    
         831   195.9264    
         832   178.4519    
         833   178.9814    
         834   176.8633    
         835   168.3908    
         836   178.9814    
         837   172.0975    
         838   168.3908    
         839   153.0344    
         840   164.6841    
         841   160.9774    
         842   156.7411    
         843   158.8593    
         844   140.3257    
         845   164.1546    
         846   135.0304    
         847   152.5049    
         848   128.6760    
         849   141.3848    
         850   139.2666    
         851   135.5599    
         852   132.9122    
         853   120.7330    
         854   129.7351    
         855   120.7330    
         856   113.3196    
         857   125.4988    
         858   114.9082    
         859   122.8512    
         860   109.0834    
         861   100.0813    
         862   108.0243    
         863   106.9652    
         864   96.37462    
         865   101.6699    
         866   103.2585    
         867   97.43369    
         868   97.96321    
         869   103.7881    
         870   85.25447    
         871   101.6699    
         872   86.31354    
         873   100.6109    
         874   88.96119    
         875   93.19743    
         876   93.19743    
         877   96.37462    
         878   85.25447    
         879   90.54978    
         880   93.72697    
         881   83.13635    
         882   88.43166    
         883   84.72495    
         884   91.60884    
         885   83.13634    
         886   84.72495    
         887   91.07932    
         888   89.49072    
         889   85.78400    
         890   83.66588    
         891   90.54978    
         892   86.31354    
         893   88.96119    
         894   87.37260    
         895   85.25447    
         896   89.49072    
         897   81.54776    
         898   83.66588    
         899   85.25447    
         900   81.54776    
         901   85.25447    
         902   88.96119    
         903   81.01823    
         904   81.54776    
         905   76.78197    
         906   87.90213    
         907   73.07526    
         908   91.07932    
         909   74.66386    
         910   76.25245    
         911   81.54776    
         912   84.72495    
         913   69.89808    
         914   84.72495    
         915   74.66386    
         916   73.07526    
         917   76.25245    
         918   73.60479    
         919   75.72292    
         920   76.78197    
         921   78.90010    
         922   70.42760    
         923   76.25245    
         924   84.72494    
         925   75.19338    
         926   63.01418    
         927   73.60479    
         928   79.95916    
         929   64.07323    
         930   72.54573    
         931   71.48667    
         932   69.89808    
         933   71.48667    
         934   66.72089    
         935   76.78198    
         936   66.72089    
         937   65.66183    
         938   75.72292    
         939   62.48465    
         940   77.84104    
         941   69.36855    
         942   69.89808    
         943   74.13432    
         944   65.13230    
         945   71.48667    
         946   70.95714    
         947   73.60479    
         948   62.48465    
         949   68.30949    
         950   72.01620    
         951   59.83699    
         952   81.01823    
         953   70.42760    
         954   65.13230    
         955   69.36855    
         956   71.48667    
         957   73.60479    
         958   70.95714    
         959   67.77995    
         960   77.84104    
         961   78.90010    
         962   74.66386    
         963   75.19338    
         964   71.48667    
         965   73.60479    
         966   79.42963    
         967   77.84104    
         968   72.01620    
         969   75.19338    
         970   76.25245    
         971   75.72292    
         972   77.84104    
         973   78.90010    
         974   72.54573    
         975   84.72495    
         976   72.54573    
         977   76.78197    
         978   83.66588    
         979   83.13635    
         980   88.96119    
         981   85.25447    
         982   88.96119    
         983   80.48869    
         984   85.78400    
         985   87.37260    
         986   92.66791    
         987   94.25650    
         988   86.84306    
         989   84.19541    
         990   103.7881    
         991   94.78603    
         992   90.02025    
         993   92.13837    
         994   91.07932    
         995   97.43369    
         996   82.07729    
         997   96.37462    
         998   90.02025    
         999   82.60682    
        1000   95.31556    
        1001   99.55180    
        1002   89.49072    
        1003   80.48869    
        1004   85.25447    
        1005   94.78603    
        1006   100.0813    
        1007   85.25447    
        1008   93.19743    
        1009   89.49072    
        1010   85.25447    
        1011   94.78603    
        1012   95.31556    
        1013   90.02025    
        1014   84.72494    
        1015   85.78400    
        1016   102.1995    
        1017   90.02025    
        1018   86.31354    
        1019   88.96119    
        1020   93.19743    
        1021   92.13837    
        1022   87.37260    
        1023   81.01823    
        1024   84.72495    
