 #   Y    A
           1   11140.27    
           2  0.0000000E+00
           3  0.0000000E+00
           4  0.0000000E+00
           5  0.0000000E+00
           6  0.0000000E+00
           7  0.0000000E+00
           8  0.0000000E+00
           9  0.0000000E+00
          10  0.0000000E+00
          11  0.0000000E+00
          12  0.0000000E+00
          13  0.0000000E+00
          14  0.0000000E+00
          15  0.0000000E+00
          16  0.0000000E+00
          17  0.0000000E+00
          18  0.0000000E+00
          19  0.0000000E+00
          20  0.0000000E+00
          21  0.0000000E+00
          22  0.0000000E+00
          23  0.0000000E+00
          24  0.0000000E+00
          25  0.0000000E+00
          26  0.0000000E+00
          27  0.0000000E+00
          28  0.0000000E+00
          29  0.0000000E+00
          30  0.0000000E+00
          31  0.0000000E+00
          32  0.0000000E+00
          33  0.0000000E+00
          34  0.0000000E+00
          35  0.0000000E+00
          36  0.0000000E+00
          37  0.0000000E+00
          38  0.0000000E+00
          39  0.0000000E+00
          40  0.0000000E+00
          41  0.0000000E+00
          42  0.0000000E+00
          43  0.0000000E+00
          44  0.0000000E+00
          45  0.0000000E+00
          46  0.0000000E+00
          47  0.0000000E+00
          48  0.0000000E+00
          49  0.0000000E+00
          50  0.0000000E+00
          51  0.0000000E+00
          52  0.0000000E+00
          53  0.0000000E+00
          54  0.0000000E+00
          55  0.0000000E+00
          56  0.0000000E+00
          57  0.0000000E+00
          58  0.0000000E+00
          59  0.0000000E+00
          60  0.0000000E+00
          61  0.0000000E+00
          62  0.0000000E+00
          63  0.0000000E+00
          64  0.0000000E+00
          65  0.0000000E+00
          66  0.0000000E+00
          67  0.0000000E+00
          68  0.0000000E+00
          69  0.0000000E+00
          70  0.0000000E+00
          71  0.0000000E+00
          72  0.0000000E+00
          73  0.0000000E+00
          74  0.0000000E+00
          75  0.0000000E+00
          76   2.118124    
          77   2.647655    
          78   5.824840    
          79   9.531556    
          80   13.76780    
          81   13.76780    
          82   14.29733    
          83   14.29733    
          84   14.82686    
          85   17.47452    
          86   13.76780    
          87   18.00405    
          88   14.29733    
          89   15.88593    
          90   15.88593    
          91   18.00405    
          92   14.82686    
          93   14.29733    
          94   7.413432    
          95   19.06311    
          96   16.41546    
          97   9.002025    
          98   17.47452    
          99   15.35640    
         100   24.35842    
         101   19.06311    
         102   18.00405    
         103   10.59062    
         104   16.94499    
         105   17.47452    
         106   16.41546    
         107   10.59062    
         108   18.53358    
         109   20.12217    
         110   16.41546    
         111   16.94499    
         112   20.65170    
         113   20.12217    
         114   18.53358    
         115   21.18124    
         116   15.35640    
         117   21.18124    
         118   21.18124    
         119   17.47452    
         120   19.06311    
         121   20.12217    
         122   16.94499    
         123   19.59264    
         124   22.76983    
         125   23.82889    
         126   18.53358    
         127   18.00405    
         128   22.24030    
         129   18.53358    
         130   20.65170    
         131   18.53358    
         132   24.88795    
         133   25.94701    
         134   23.82889    
         135   21.71077    
         136   20.65170    
         137   22.24030    
         138   25.94701    
         139   21.18124    
         140   28.06514    
         141   23.82889    
         142   22.24030    
         143   22.76983    
         144   24.88795    
         145   29.65373    
         146   28.06514    
         147   29.65373    
         148   24.35842    
         149   25.41748    
         150   29.65373    
         151   30.18326    
         152   31.24232    
         153   31.24232    
         154   31.77185    
         155   30.71279    
         156   35.47857    
         157   38.65575    
         158   26.47654    
         159   33.88998    
         160   33.36045    
         161   39.18529    
         162   46.59872    
         163   25.41748    
         164   37.59669    
         165   40.24435    
         166   39.18528    
         167   35.47857    
         168   41.83294    
         169   44.48059    
         170   38.12622    
         171   50.83496    
         172   63.01418    
         173   51.89403    
         174   47.12825    
         175   51.89403    
         176   60.36652    
         177   61.42558    
         178   73.60479    
         179   78.37057    
         180   72.54573    
         181   82.60682    
         182   96.37462    
         183   89.49072    
         184   95.84509    
         185   106.4357    
         186   115.4377    
         187   106.4357    
         188   128.6760    
         189   128.1465    
         190   139.2666    
         191   123.3807    
         192   128.1465    
         193   126.0284    
         194   127.6169    
         195   122.8512    
         196   124.4398    
         197   125.4988    
         198   127.6169    
         199   106.4357    
         200   103.7881    
         201   113.8491    
         202   111.7310    
         203   98.49274    
         204   103.7881    
         205   101.6699    
         206   105.9062    
         207   101.6699    
         208   82.07729    
         209   104.3176    
         210   100.6109    
         211   97.96321    
         212   90.54978    
         213   106.9652    
         214   96.90415    
         215   90.02025    
         216   90.54978    
         217   100.6109    
         218   92.13837    
         219   91.60884    
         220   92.66791    
         221   92.66791    
         222   97.43369    
         223   90.02025    
         224   94.78603    
         225   101.6699    
         226   91.07932    
         227   102.7290    
         228   93.72697    
         229   102.1995    
         230   95.31556    
         231   97.43369    
         232   107.4948    
         233   103.2585    
         234   97.96321    
         235   104.3176    
         236   109.0834    
         237   96.37462    
         238   104.8471    
         239   103.7881    
         240   107.4948    
         241   106.4357    
         242   109.0834    
         243   111.7310    
         244   110.1424    
         245   102.7290    
         246   119.1444    
         247   104.3176    
         248   114.3787    
         249   113.8491    
         250   123.3807    
         251   113.8491    
         252   122.3216    
         253   130.2646    
         254   118.6149    
         255   128.1465    
         256   119.6740    
         257   115.4377    
         258   135.5599    
         259   137.1485    
         260   127.0874    
         261   135.5599    
         262   131.8532    
         263   133.4418    
         264   119.1444    
         265   136.6190    
         266   124.9693    
         267   132.9122    
         268   118.0854    
         269   134.5008    
         270   127.0874    
         271   120.2035    
         272   131.3237    
         273   122.3216    
         274   123.9102    
         275   126.5579    
         276   130.7941    
         277   123.3807    
         278   129.7351    
         279   109.0834    
         280   139.2666    
         281   120.2035    
         282   111.7310    
         283   115.4377    
         284   130.2646    
         285   110.6720    
         286   119.6740    
         287   118.0854    
         288   115.4377    
         289   110.6720    
         290   108.0243    
         291   109.6129    
         292   113.3196    
         293   114.9082    
         294   108.5538    
         295   124.4398    
         296   111.7310    
         297   126.0284    
         298   105.9062    
         299   105.3766    
         300   112.2605    
         301   116.4968    
         302   112.7901    
         303   119.1444    
         304   122.3216    
         305   118.0854    
         306   109.6129    
         307   119.6740    
         308   119.1444    
         309   117.5559    
         310   119.1444    
         311   114.9082    
         312   126.0284    
         313   115.4377    
         314   126.5579    
         315   127.6169    
         316   113.8491    
         317   117.5559    
         318   128.1465    
         319   127.0874    
         320   117.0263    
         321   122.8512    
         322   129.2055    
         323   125.4988    
         324   131.8532    
         325   112.2605    
         326   132.3827    
         327   130.7941    
         328   128.6760    
         329   123.9102    
         330   136.6190    
         331   117.5559    
         332   139.2666    
         333   127.0874    
         334   123.3807    
         335   131.8532    
         336   123.9102    
         337   129.2055    
         338   128.6760    
         339   114.3787    
         340   136.0894    
         341   131.3237    
         342   128.6760    
         343   131.8532    
         344   127.6169    
         345   126.0284    
         346   138.7371    
         347   120.7330    
         348   132.3827    
         349   121.7921    
         350   132.3827    
         351   132.9122    
         352   134.5008    
         353   131.8532    
         354   141.3848    
         355   128.6760    
         356   144.0324    
         357   136.0894    
         358   136.0894    
         359   145.0915    
         360   139.7962    
         361   139.2666    
         362   154.0935    
         363   140.3257    
         364   151.4458    
         365   151.9754    
         366   153.5639    
         367   154.6230    
         368   159.3888    
         369   164.6841    
         370   148.7982    
         371   167.3318    
         372   162.5660    
         373   163.6250    
         374   176.3338    
         375   184.8063    
         376   175.2747    
         377   183.2177    
         378   172.0975    
         379   184.8063    
         380   187.9835    
         381   194.8674    
         382   197.5150    
         383   204.9285    
         384   203.8694    
         385   194.8674    
         386   207.0466    
         387   215.5191    
         388   199.1036    
         389   216.0486    
         390   223.4620    
         391   226.6392    
         392   228.7573    
         393   226.1097    
         394   219.7553    
         395   227.6983    
         396   226.1097    
         397   241.9956    
         398   245.1728    
         399   246.7614    
         400   253.1158    
         401   241.9956    
         402   266.8836    
         403   259.4701    
         404   252.0567    
         405   250.4681    
         406   259.4701    
         407   256.2929    
         408   266.8836    
         409   280.1218    
         410   274.2970    
         411   257.8815    
         412   281.1809    
         413   254.7044    
         414   273.7675    
         415   264.7654    
         416   277.4742    
         417   262.6473    
         418   288.0648    
         419   269.5312    
         420   274.8265    
         421   272.1789    
         422   282.7695    
         423   249.9386    
         424   300.2440    
         425   275.3560    
         426   276.9446    
         427   285.4171    
         428   292.3011    
         429   296.5373    
         430   298.1259    
         431   296.0078    
         432   287.5353    
         433   305.0098    
         434   317.7185    
         435   303.4212    
         436   309.7756    
         437   326.7206    
         438   327.2501    
         439   333.6045    
         440   326.1910    
         441   327.7796    
         442   336.2521    
         443   355.8448    
         444   365.3763    
         445   349.4904    
         446   353.1971    
         447   362.7287    
         448   377.0260    
         449   357.4333    
         450   369.0830    
         451   370.6716    
         452   356.3743    
         453   365.3763    
         454   399.7958    
         455   379.1441    
         456   407.7388    
         457   393.4414    
         458   392.9119    
         459   424.6838    
         460   408.2683    
         461   397.1482    
         462   411.4455    
         463   409.8569    
         464   427.3314    
         465   411.9750    
         466   435.8039    
         467   429.4496    
         468   401.3844    
         469   421.5066    
         470   426.8019    
         471   428.3905    
         472   435.2744    
         473   421.5066    
         474   438.9811    
         475   419.9180    
         476   443.7469    
         477   428.9200    
         478   434.7448    
         479   434.2153    
         480   442.6878    
         481   441.0992    
         482   446.3945    
         483   429.9791    
         484   455.9261    
         485   437.9220    
         486   453.8080    
         487   479.2254    
         488   476.0483    
         489   448.5127    
         490   460.1623    
         491   474.9892    
         492   491.9342    
         493   467.0462    
         494   474.9892    
         495   463.3395    
         496   472.8711    
         497   482.4026    
         498   459.6328    
         499   462.8100    
         500   464.9281    
         501   497.7590    
         502   478.1664    
         503   473.9301    
         504   488.2275    
         505   462.2805    
         506   513.6450    
         507   496.1704    
         508   447.4536    
         509   503.0544    
         510   480.8140    
         511   477.1073    
         512   496.7000    
         513   463.3395    
         514   473.4006    
         515   481.3436    
         516   483.9912    
         517   527.4128    
         518   509.4087    
         519   480.8140    
         520   502.5248    
         521   525.2946    
         522   536.9443    
         523   483.4617    
         524   493.5228    
         525   490.3456    
         526   539.5920    
         527   478.6959    
         528   531.1194    
         529   529.5309    
         530   531.1195    
         531   534.8262    
         532   535.3557    
         533   532.7081    
         534   555.4779    
         535   547.0054    
         536   560.7732    
         537   541.7101    
         538   565.5390    
         539   588.3088    
         540   558.1255    
         541   590.4269    
         542   600.4880    
         543   569.2457    
         544   565.0095    
         545   569.7752    
         546   605.2538    
         547   622.7283    
         548   550.1826    
         549   597.8404    
         550   585.6611    
         551   634.3780    
         552   629.0827    
         553   631.7303    
         554   589.8974    
         555   624.3169    
         556   605.2538    
         557   603.1357    
         558   586.1907    
         559   575.0706    
         560   585.6611    
         561   598.3699    
         562   604.7242    
         563   588.8383    
         564   581.4249    
         565   586.7202    
         566   595.7222    
         567   569.2457    
         568   623.2579    
         569   562.3618    
         570   602.0766    
         571   588.8383    
         572   609.4901    
         573   580.8954    
         574   602.0766    
         575   584.0726    
         576   590.9565    
         577   609.4901    
         578   562.8914    
         579   601.5471    
         580   579.3068    
         581   605.2538    
         582   598.8994    
         583   584.0726    
         584   578.7773    
         585   604.1948    
         586   594.6632    
         587   606.3129    
         588   583.5430    
         589   599.9585    
         590   611.0786    
         591   595.1927    
         592   610.5491    
         593   601.0176    
         594   598.8994    
         595   600.4880    
         596   590.4269    
         597   611.6082    
         598   588.8383    
         599   583.5430    
         600   615.8444    
         601   607.9014    
         602   609.4901    
         603   605.2538    
         604   601.0175    
         605   611.0786    
         606   602.0766    
         607   605.2538    
         608   619.0216    
         609   588.3088    
         610   640.2028    
         611   589.8974    
         612   598.3699    
         613   607.3719    
         614   624.8464    
         615   596.7813    
         616   610.5491    
         617   607.9014    
         618   613.7263    
         619   602.0766    
         620   593.0746    
         621   628.5532    
         622   587.2498    
         623   621.1397    
         624   624.8464    
         625   626.4351    
         626   603.1357    
         627   617.4330    
         628   624.8464    
         629   614.7853    
         630   603.6652    
         631   621.1397    
         632   626.4351    
         633   622.1988    
         634   633.8484    
         635   618.4921    
         636   634.9075    
         637   612.1377    
         638   639.1438    
         639   641.2619    
         640   622.1988    
         641   646.5572    
         642   635.9666    
         643   659.7955    
         644   633.8484    
         645   635.4371    
         646   639.1438    
         647   652.3821    
         648   650.7935    
         649   666.6794    
         650   650.7935    
         651   653.4411    
         652   658.2069    
         653   675.6814    
         654   622.7283    
         655   683.0948    
         656   652.9116    
         657   656.0887    
         658   667.7385    
         659   650.7935    
         660   665.6203    
         661   673.0338    
         662   652.9116    
         663   646.5572    
         664   671.4451    
         665   661.9136    
         666   672.5042    
         667   669.8566    
         668   673.5633    
         669   638.6143    
         670   663.5022    
         671   651.3230    
         672   677.7995    
         673   637.5552    
         674   660.8546    
         675   662.9727    
         676   652.9116    
         677   658.7365    
         678   638.6143    
         679   666.1498    
         680   648.6754    
         681   639.1438    
         682   675.1519    
         683   630.6713    
         684   626.4351    
         685   641.2619    
         686   661.9136    
         687   628.5532    
         688   667.2089    
         689   634.3780    
         690   641.2619    
         691   637.5552    
         692   638.0847    
         693   637.5552    
         694   629.0827    
         695   617.4330    
         696   628.0236    
         697   633.3189    
         698   608.9605    
         699   622.7283    
         700   609.4901    
         701   605.2538    
         702   613.7263    
         703   608.4310    
         704   612.1377    
         705   597.8403    
         706   603.6652    
         707   594.6632    
         708   583.5430    
         709   594.1337    
         710   577.1887    
         711   585.6611    
         712   604.1948    
         713   549.6531    
         714   585.1316    
         715   581.9544    
         716   598.3699    
         717   553.8893    
         718   571.3638    
         719   567.6571    
         720   579.8363    
         721   550.1826    
         722   567.1276    
         723   563.4208    
         724   568.1866    
         725   558.6551    
         726   557.0665    
         727   562.8913    
         728   558.6551    
         729   561.8323    
         730   568.7162    
         731   548.5940    
         732   549.6531    
         733   552.3007    
         734   565.0095    
         735   558.6551    
         736   559.7141    
         737   567.6571    
         738   557.5960    
         739   545.9464    
         740   557.5960    
         741   550.7121    
         742   554.9484    
         743   566.5980    
         744   546.4759    
         745   560.2437    
         746   565.0095    
         747   559.1846    
         748   550.7121    
         749   547.0054    
         750   549.6531    
         751   554.9484    
         752   539.5920    
         753   559.1846    
         754   544.8873    
         755   567.1276    
         756   557.0665    
         757   543.2987    
         758   558.1255    
         759   551.2416    
         760   564.4799    
         761   540.1215    
         762   565.5390    
         763   544.8873    
         764   541.7101    
         765   554.4188    
         766   552.3007    
         767   559.1846    
         768   542.7692    
         769   548.0645    
         770   550.7121    
         771   536.9443    
         772   559.1846    
         773   546.4759    
         774   550.7121    
         775   568.1866    
         776   542.7692    
         777   582.4839    
         778   565.5390    
         779   547.0054    
         780   555.4779    
         781   583.0135    
         782   552.8303    
         783   559.7141    
         784   590.9565    
         785   552.8303    
         786   583.0135    
         787   568.7162    
         788   585.1317    
         789   586.7202    
         790   577.1887    
         791   586.7202    
         792   601.0175    
         793   606.8424    
         794   614.7853    
         795   591.4860    
         796   616.9035    
         797   619.0216    
         798   628.0236    
         799   629.6122    
         800   646.0276    
         801   656.6183    
         802   629.0827    
         803   669.8566    
         804   658.2069    
         805   660.3250    
         806   714.8667    
         807   718.5734    
         808   754.5815    
         809   753.5225    
         810   809.6527    
         811   802.2393    
         812   896.4958    
         813   939.9173    
         814   1018.817    
         815   1046.883    
         816   1200.447    
         817   1334.418    
         818   1498.043    
         819   1662.197    
         820   1928.552    
         821   2124.478    
         822   1989.448    
         823   1433.440    
         824   1105.661    
         825   901.2615    
         826   764.6426    
         827   675.1519    
         828   611.0786    
         829   552.3007    
         830   496.7000    
         831   479.2254    
         832   424.1542    
         833   420.9771    
         834   384.4394    
         835   359.5515    
         836   361.1401    
         837   335.1931    
         838   316.6595    
         839   313.4823    
         840   293.3601    
         841   278.5332    
         842   276.9446    
         843   283.2990    
         844   258.9406    
         845   262.1178    
         846   249.9386    
         847   238.2889    
         848   248.3500    
         849   225.5802    
         850   226.6392    
         851   234.5822    
         852   215.5191    
         853   223.4620    
         854   219.2258    
         855   211.2828    
         856   187.9835    
         857   214.9895    
         858   196.9855    
         859   194.8674    
         860   195.9264    
         861   189.0425    
         862   196.4560    
         863   180.5700    
         864   190.6311    
         865   175.8043    
         866   178.4519    
         867   184.8063    
         868   185.3358    
         869   169.4499    
         870   176.3338    
         871   168.3908    
         872   176.8633    
         873   185.3358    
         874   169.9794    
         875   172.6271    
         876   174.2157    
         877   165.7432    
         878   181.0996    
         879   171.5680    
         880   181.6291    
         881   173.6861    
         882   154.6230    
         883   160.9774    
         884   170.5089    
         885   168.9203    
         886   168.3908    
         887   167.3318    
         888   168.3908    
         889   166.8022    
         890   164.6841    
         891   164.6841    
         892   160.9774    
         893   170.5089    
         894   157.8002    
         895   165.2136    
         896   159.9183    
         897   168.9203    
         898   159.9183    
         899   168.9203    
         900   148.2686    
         901   167.3318    
         902   157.8002    
         903   150.9163    
         904   158.3297    
         905   151.4458    
         906   134.5008    
         907   150.3868    
         908   140.3257    
         909   150.3868    
         910   141.3848    
         911   141.9143    
         912   141.3848    
         913   135.0304    
         914   142.4438    
         915   126.0284    
         916   144.0324    
         917   122.8512    
         918   133.4418    
         919   128.1465    
         920   127.0874    
         921   126.5579    
         922   123.9102    
         923   113.3196    
         924   122.8512    
         925   122.3216    
         926   110.6720    
         927   119.6740    
         928   123.3807    
         929   115.9673    
         930   110.6720    
         931   116.4968    
         932   102.7290    
         933   115.9673    
         934   97.43369    
         935   110.1424    
         936   112.2606    
         937   110.1424    
         938   101.1404    
         939   104.8471    
         940   109.0834    
         941   101.6699    
         942   95.84509    
         943   102.1995    
         944   99.55180    
         945   93.72697    
         946   101.6699    
         947   96.37462    
         948   91.60884    
         949   95.84509    
         950   96.90415    
         951   92.66791    
         952   83.66588    
         953   92.13837    
         954   86.84306    
         955   86.31354    
         956   81.01823    
         957   83.13635    
         958   76.78198    
         959   82.60682    
         960   73.60479    
         961   74.66386    
         962   78.37057    
         963   75.19338    
         964   73.07526    
         965   82.60682    
         966   68.83901    
         967   73.07526    
         968   71.48667    
         969   73.60479    
         970   66.72089    
         971   67.77995    
         972   62.48465    
         973   66.72089    
         974   64.07323    
         975   59.83699    
         976   66.72089    
         977   60.36652    
         978   56.13027    
         979   63.01418    
         980   52.42356    
         981   57.18933    
         982   59.83699    
         983   50.83496    
         984   56.65981    
         985   60.36652    
         986   49.77590    
         987   60.36652    
         988   45.01012    
         989   44.48059    
         990   50.83496    
         991   57.18933    
         992   46.59872    
         993   43.42153    
         994   52.42356    
         995   43.95107    
         996   48.18731    
         997   48.18731    
         998   49.24637    
         999   46.59872    
        1000   42.89200    
        1001   42.89200    
        1002   50.83496    
        1003   55.07121    
        1004   46.06919    
        1005   43.42153    
        1006   49.24637    
        1007   51.36449    
        1008   46.59872    
        1009   47.12825    
        1010   48.71684    
        1011   43.42153    
        1012   47.65778    
        1013   45.01012    
        1014   45.53966    
        1015   45.53966    
        1016   50.30544    
        1017   47.12825    
        1018   46.59872    
        1019   45.01012    
        1020   46.59872    
        1021   50.30544    
        1022   41.30341    
        1023   46.59872    
        1024   46.06919    
