 #   Y    A
           1   10045.73    
           2  0.0000000E+00
           3  0.0000000E+00
           4  0.0000000E+00
           5  0.0000000E+00
           6  0.0000000E+00
           7  0.0000000E+00
           8  0.0000000E+00
           9  0.0000000E+00
          10  0.0000000E+00
          11  0.0000000E+00
          12  0.0000000E+00
          13  0.0000000E+00
          14  0.0000000E+00
          15  0.0000000E+00
          16  0.0000000E+00
          17  0.0000000E+00
          18  0.0000000E+00
          19  0.0000000E+00
          20  0.0000000E+00
          21  0.0000000E+00
          22  0.0000000E+00
          23  0.0000000E+00
          24  0.0000000E+00
          25  0.0000000E+00
          26  0.0000000E+00
          27  0.0000000E+00
          28  0.0000000E+00
          29  0.0000000E+00
          30  0.0000000E+00
          31  0.0000000E+00
          32  0.0000000E+00
          33  0.0000000E+00
          34  0.0000000E+00
          35  0.0000000E+00
          36  0.0000000E+00
          37  0.0000000E+00
          38  0.0000000E+00
          39  0.0000000E+00
          40  0.0000000E+00
          41  0.0000000E+00
          42  0.0000000E+00
          43  0.0000000E+00
          44  0.0000000E+00
          45  0.0000000E+00
          46  0.0000000E+00
          47  0.0000000E+00
          48  0.0000000E+00
          49  0.0000000E+00
          50  0.0000000E+00
          51  0.0000000E+00
          52  0.0000000E+00
          53  0.0000000E+00
          54  0.0000000E+00
          55  0.0000000E+00
          56  0.0000000E+00
          57  0.0000000E+00
          58  0.0000000E+00
          59  0.0000000E+00
          60  0.0000000E+00
          61  0.0000000E+00
          62  0.0000000E+00
          63  0.0000000E+00
          64  0.0000000E+00
          65  0.0000000E+00
          66  0.0000000E+00
          67  0.0000000E+00
          68  0.0000000E+00
          69  0.0000000E+00
          70  0.0000000E+00
          71  0.0000000E+00
          72  0.0000000E+00
          73  0.0000000E+00
          74  0.0000000E+00
          75  0.0000000E+00
          76  0.0000000E+00
          77  0.0000000E+00
          78  0.0000000E+00
          79  0.0000000E+00
          80  0.0000000E+00
          81  0.0000000E+00
          82  0.0000000E+00
          83  0.0000000E+00
          84  0.0000000E+00
          85  0.0000000E+00
          86  0.0000000E+00
          87  0.0000000E+00
          88  0.0000000E+00
          89  0.0000000E+00
          90  0.0000000E+00
          91  0.0000000E+00
          92  0.0000000E+00
          93  0.0000000E+00
          94  0.0000000E+00
          95  0.0000000E+00
          96  0.0000000E+00
          97   2.118124    
          98   2.647655    
          99   8.472494    
         100   11.64968    
         101   13.76780    
         102   14.29733    
         103   15.35640    
         104   15.88593    
         105   12.70874    
         106   18.00405    
         107   17.47452    
         108   14.29733    
         109   16.94499    
         110   17.47452    
         111   16.94499    
         112   14.29733    
         113   16.94499    
         114   8.472494    
         115   17.47452    
         116   16.41546    
         117   10.59062    
         118   19.06311    
         119   16.94499    
         120   26.47654    
         121   16.41546    
         122   18.53358    
         123   13.23827    
         124   16.94499    
         125   18.53358    
         126   14.29733    
         127   14.29733    
         128   20.12217    
         129   19.06311    
         130   20.12217    
         131   15.88593    
         132   22.24030    
         133   16.94499    
         134   24.35842    
         135   13.76780    
         136   21.71077    
         137   19.59264    
         138   18.53358    
         139   21.71077    
         140   20.12217    
         141   16.94499    
         142   21.71077    
         143   23.29936    
         144   23.29936    
         145   20.65170    
         146   20.12217    
         147   20.12217    
         148   20.65170    
         149   20.12217    
         150   18.00405    
         151   26.47654    
         152   28.06514    
         153   23.82889    
         154   21.71077    
         155   22.24030    
         156   20.65170    
         157   28.59467    
         158   24.88795    
         159   25.94701    
         160   21.71077    
         161   23.82889    
         162   24.88795    
         163   25.41748    
         164   27.53561    
         165   29.12420    
         166   29.12420    
         167   26.47654    
         168   24.35842    
         169   32.83091    
         170   32.30138    
         171   28.59467    
         172   30.71279    
         173   31.77185    
         174   31.24232    
         175   42.36247    
         176   29.12420    
         177   31.24232    
         178   33.36045    
         179   38.65575    
         180   38.65575    
         181   38.65575    
         182   31.24232    
         183   31.24232    
         184   40.77388    
         185   40.24435    
         186   37.06716    
         187   47.12825    
         188   35.47857    
         189   43.42153    
         190   52.42356    
         191   57.71887    
         192   51.89403    
         193   47.65778    
         194   56.13028    
         195   53.48262    
         196   63.54370    
         197   66.72089    
         198   78.37057    
         199   68.30949    
         200   78.37057    
         201   85.78400    
         202   94.78603    
         203   87.90213    
         204   103.7881    
         205   110.6720    
         206   113.8491    
         207   119.6740    
         208   133.4418    
         209   149.3277    
         210   122.8512    
         211   136.6190    
         212   136.0894    
         213   138.7371    
         214   134.5008    
         215   132.3827    
         216   132.9122    
         217   137.6780    
         218   115.9673    
         219   120.2035    
         220   117.5559    
         221   130.2646    
         222   113.8491    
         223   108.0243    
         224   121.2626    
         225   114.9082    
         226   90.02025    
         227   123.3807    
         228   106.4357    
         229   105.9062    
         230   103.7881    
         231   111.7310    
         232   97.96321    
         233   100.6109    
         234   111.7310    
         235   99.55180    
         236   99.55180    
         237   103.7881    
         238   103.7881    
         239   102.7290    
         240   102.7290    
         241   105.9062    
         242   102.7290    
         243   101.1404    
         244   115.4377    
         245   112.2605    
         246   99.02228    
         247   113.3196    
         248   105.9062    
         249   117.5559    
         250   109.6129    
         251   113.8491    
         252   117.0263    
         253   105.9062    
         254   111.2015    
         255   114.3787    
         256   122.8512    
         257   118.0854    
         258   121.7921    
         259   114.3787    
         260   122.3216    
         261   125.4988    
         262   118.6149    
         263   121.7921    
         264   123.3807    
         265   139.2666    
         266   124.9693    
         267   133.4418    
         268   133.4418    
         269   137.1485    
         270   136.6190    
         271   138.7371    
         272   128.1465    
         273   150.3868    
         274   146.1505    
         275   137.1485    
         276   159.3888    
         277   153.5639    
         278   131.8532    
         279   146.6801    
         280   142.4438    
         281   159.3888    
         282   136.0894    
         283   154.0935    
         284   150.9163    
         285   142.9733    
         286   152.5049    
         287   137.6780    
         288   142.4438    
         289   145.0915    
         290   151.4458    
         291   149.8572    
         292   136.0894    
         293   140.8552    
         294   147.2096    
         295   132.9122    
         296   137.1485    
         297   137.6780    
         298   126.5579    
         299   142.9733    
         300   138.7371    
         301   118.0854    
         302   129.2055    
         303   130.2646    
         304   114.3787    
         305   132.9122    
         306   129.7351    
         307   134.5008    
         308   130.7941    
         309   130.2646    
         310   127.6169    
         311   119.6740    
         312   119.1444    
         313   133.9713    
         314   130.2646    
         315   128.6760    
         316   136.0894    
         317   129.7351    
         318   128.1465    
         319   128.1465    
         320   125.4988    
         321   135.0304    
         322   133.4418    
         323   137.6780    
         324   129.7351    
         325   128.6760    
         326   145.6210    
         327   132.9122    
         328   129.2055    
         329   135.0304    
         330   139.2666    
         331   132.3827    
         332   133.4418    
         333   145.6210    
         334   134.5008    
         335   140.3257    
         336   141.9143    
         337   145.6210    
         338   148.2686    
         339   131.3237    
         340   153.5639    
         341   137.1485    
         342   149.3277    
         343   138.7371    
         344   141.3848    
         345   146.6801    
         346   132.9122    
         347   152.5049    
         348   140.3257    
         349   137.1485    
         350   158.3297    
         351   141.9143    
         352   154.0935    
         353   144.5619    
         354   137.1485    
         355   142.9733    
         356   142.9733    
         357   145.6210    
         358   140.8552    
         359   140.8552    
         360   149.3277    
         361   147.2096    
         362   149.8572    
         363   157.8002    
         364   138.7371    
         365   159.3888    
         366   145.6210    
         367   154.0935    
         368   161.5069    
         369   157.8002    
         370   153.5639    
         371   157.2707    
         372   160.4479    
         373   163.0955    
         374   162.0365    
         375   169.9794    
         376   167.3318    
         377   165.2136    
         378   171.0385    
         379   176.8633    
         380   177.9224    
         381   170.5089    
         382   178.4519    
         383   191.6902    
         384   190.6311    
         385   196.4560    
         386   189.5721    
         387   192.2197    
         388   203.8694    
         389   198.5741    
         390   208.1056    
         391   207.0466    
         392   221.3439    
         393   217.1077    
         394   214.4600    
         395   219.2258    
         396   224.5211    
         397   229.2869    
         398   241.4661    
         399   239.8775    
         400   241.4661    
         401   250.4681    
         402   225.5802    
         403   245.7023    
         404   239.8775    
         405   265.2950    
         406   254.1748    
         407   263.1768    
         408   255.7634    
         409   276.9446    
         410   280.6514    
         411   274.8265    
         412   268.4722    
         413   280.1218    
         414   266.3540    
         415   288.0648    
         416   296.5373    
         417   287.0057    
         418   279.5923    
         419   298.6554    
         420   284.8876    
         421   291.2420    
         422   299.1849    
         423   282.7695    
         424   296.5373    
         425   289.6534    
         426   288.0648    
         427   302.3621    
         428   297.0668    
         429   283.2990    
         430   310.8346    
         431   286.4762    
         432   292.3011    
         433   300.2440    
         434   305.0098    
         435   319.3071    
         436   325.1320    
         437   328.3091    
         438   305.5393    
         439   332.5454    
         440   327.2501    
         441   321.4252    
         442   333.0749    
         443   329.3682    
         444   355.8448    
         445   362.1991    
         446   346.8427    
         447   339.9588    
         448   373.3193    
         449   398.2072    
         450   362.7287    
         451   388.6757    
         452   381.7918    
         453   400.8549    
         454   387.0871    
         455   379.6736    
         456   398.7368    
         457   388.1461    
         458   384.9689    
         459   434.2153    
         460   420.9771    
         461   416.7408    
         462   442.6878    
         463   431.5677    
         464   450.6308    
         465   433.6858    
         466   443.7469    
         467   426.8019    
         468   452.7489    
         469   474.4597    
         470   449.5717    
         471   468.6348    
         472   445.3355    
         473   471.2825    
         474   461.2214    
         475   451.6898    
         476   471.2825    
         477   460.1623    
         478   464.9281    
         479   456.4556    
         480   459.6328    
         481   471.8120    
         482   467.0462    
         483   482.4026    
         484   460.1623    
         485   494.5818    
         486   476.0483    
         487   500.9362    
         488   507.2906    
         489   478.1664    
         490   515.2335    
         491   514.7040    
         492   479.2255    
         493   507.2906    
         494   524.2356    
         495   539.0624    
         496   508.8792    
         497   513.6450    
         498   492.4637    
         499   518.4108    
         500   531.6490    
         501   502.5248    
         502   490.3456    
         503   538.5329    
         504   495.6409    
         505   521.0584    
         506   532.1785    
         507   490.3456    
         508   549.1235    
         509   529.5309    
         510   487.6979    
         511   529.5309    
         512   527.9423    
         513   512.0563    
         514   531.1194    
         515   483.9912    
         516   510.4678    
         517   525.2946    
         518   549.6531    
         519   516.2926    
         520   551.2416    
         521   527.4128    
         522   543.8282    
         523   555.4779    
         524   534.8262    
         525   524.7651    
         526   529.5309    
         527   554.4188    
         528   519.4698    
         529   553.8893    
         530   568.7162    
         531   556.0074    
         532   556.5370    
         533   549.1235    
         534   606.3129    
         535   530.5900    
         536   604.1948    
         537   588.8383    
         538   580.3658    
         539   583.5430    
         540   622.1988    
         541   576.1296    
         542   650.7935    
         543   605.2538    
         544   623.2579    
         545   586.1907    
         546   631.2008    
         547   670.3861    
         548   586.7202    
         549   630.1417    
         550   641.2619    
         551   631.7303    
         552   683.0948    
         553   678.8586    
         554   637.5552    
         555   685.2130    
         556   645.4982    
         557   660.3250    
         558   634.9075    
         559   639.6733    
         560   622.1988    
         561   663.5022    
         562   646.0276    
         563   641.7914    
         564   624.3169    
         565   650.7935    
         566   603.6652    
         567   661.3841    
         568   631.2008    
         569   654.5002    
         570   631.7303    
         571   658.2069    
         572   607.9014    
         573   641.7914    
         574   624.3169    
         575   639.6733    
         576   650.7935    
         577   628.0236    
         578   624.8464    
         579   626.9645    
         580   620.6102    
         581   651.3230    
         582   610.5491    
         583   630.1417    
         584   647.6163    
         585   643.3800    
         586   629.0827    
         587   645.4982    
         588   652.9116    
         589   651.3230    
         590   626.9645    
         591   665.6203    
         592   644.9686    
         593   640.7324    
         594   656.0887    
         595   617.9625    
         596   634.9075    
         597   650.2639    
         598   639.1438    
         599   640.2028    
         600   669.3270    
         601   635.4371    
         602   637.0256    
         603   631.7303    
         604   651.3230    
         605   661.9136    
         606   656.6183    
         607   649.7344    
         608   664.5613    
         609   650.7935    
         610   658.2069    
         611   655.5592    
         612   658.7364    
         613   650.7935    
         614   666.6794    
         615   657.1478    
         616   656.0887    
         617   649.7344    
         618   652.9116    
         619   670.9156    
         620   653.9706    
         621   673.5633    
         622   656.6183    
         623   643.3800    
         624   684.1539    
         625   660.3250    
         626   658.2069    
         627   658.2069    
         628   669.8566    
         629   678.8586    
         630   673.0338    
         631   693.1559    
         632   654.5002    
         633   676.7405    
         634   670.3861    
         635   668.7975    
         636   685.7425    
         637   687.8606    
         638   691.5673    
         639   677.2700    
         640   681.5062    
         641   684.1539    
         642   699.5103    
         643   682.0358    
         644   682.5653    
         645   699.5103    
         646   690.5082    
         647   677.7996    
         648   684.1539    
         649   712.2191    
         650   672.5042    
         651   687.3311    
         652   692.0969    
         653   698.9808    
         654   681.5062    
         655   693.1559    
         656   691.5673    
         657   693.6855    
         658   702.1580    
         659   690.5083    
         660   709.5714    
         661   673.0338    
         662   698.9808    
         663   673.0338    
         664   679.9177    
         665   705.8647    
         666   663.5022    
         667   702.6875    
         668   683.6244    
         669   673.5633    
         670   665.6203    
         671   671.4451    
         672   693.1559    
         673   670.3861    
         674   668.7975    
         675   682.5653    
         676   675.6814    
         677   644.9686    
         678   660.3250    
         679   669.3270    
         680   664.5613    
         681   665.0908    
         682   666.6794    
         683   638.0847    
         684   659.2659    
         685   650.2639    
         686   653.4411    
         687   639.6733    
         688   648.1458    
         689   645.4982    
         690   623.7874    
         691   644.9686    
         692   615.8444    
         693   643.9095    
         694   626.9646    
         695   624.8464    
         696   621.6693    
         697   631.7303    
         698   603.6652    
         699   619.5511    
         700   614.7853    
         701   602.6061    
         702   602.0766    
         703   618.4921    
         704   570.3047    
         705   626.9645    
         706   588.8383    
         707   616.3740    
         708   579.3068    
         709   594.1337    
         710   603.1357    
         711   587.7793    
         712   580.3658    
         713   587.2498    
         714   586.7202    
         715   574.0115    
         716   586.1907    
         717   578.7772    
         718   594.6632    
         719   563.9504    
         720   580.3658    
         721   578.7773    
         722   559.7141    
         723   570.8343    
         724   586.7202    
         725   578.2477    
         726   570.8343    
         727   580.8954    
         728   571.8934    
         729   574.0115    
         730   588.3088    
         731   561.8323    
         732   562.8913    
         733   595.1927    
         734   575.0706    
         735   593.6041    
         736   591.4860    
         737   568.7162    
         738   584.6021    
         739   573.4819    
         740   568.1866    
         741   575.0706    
         742   592.0155    
         743   563.9504    
         744   601.5471    
         745   568.1866    
         746   589.8974    
         747   594.1337    
         748   584.6021    
         749   578.2477    
         750   593.0746    
         751   586.1907    
         752   581.4249    
         753   596.7813    
         754   588.3088    
         755   596.2518    
         756   583.0135    
         757   596.7813    
         758   578.7773    
         759   605.7833    
         760   609.4901    
         761   577.1887    
         762   635.9666    
         763   589.8974    
         764   624.3169    
         765   615.8444    
         766   619.0216    
         767   633.8484    
         768   637.0256    
         769   627.4941    
         770   641.7914    
         771   643.9095    
         772   647.0867    
         773   659.2659    
         774   641.2619    
         775   678.3290    
         776   670.3861    
         777   681.5062    
         778   709.5714    
         779   700.0398    
         780   714.3372    
         781   723.8687    
         782   745.0499    
         783   753.5225    
         784   785.8239    
         785   760.4064    
         786   834.0111    
         787   842.4836    
         788   867.9011    
         789   904.4387    
         790   986.5161    
         791   1047.412    
         792   1083.950    
         793   1230.100    
         794   1382.076    
         795   1534.051    
         796   1774.458    
         797   2002.686    
         798   2177.960    
         799   2048.225    
         800   1650.018    
         801   1233.277    
         802   1049.530    
         803   868.4307    
         804   771.5265    
         805   682.0358    
         806   616.3740    
         807   553.3598    
         808   521.5879    
         809   505.1725    
         810   447.9831    
         811   437.9220    
         812   406.1502    
         813   398.2072    
         814   369.0830    
         815   366.9649    
         816   340.4883    
         817   335.7226    
         818   315.6004    
         819   315.0709    
         820   297.5963    
         821   285.9467    
         822   278.5332    
         823   286.4762    
         824   258.4111    
         825   263.7064    
         826   270.0608    
         827   258.4111    
         828   250.4681    
         829   233.5231    
         830   248.3500    
         831   233.5231    
         832   228.2278    
         833   231.9345    
         834   226.6392    
         835   234.5822    
         836   225.0506    
         837   213.4009    
         838   217.1077    
         839   210.2238    
         840   203.8694    
         841   217.1077    
         842   204.9285    
         843   203.8694    
         844   210.2238    
         845   198.0446    
         846   200.1627    
         847   207.0466    
         848   200.6922    
         849   214.4600    
         850   187.9835    
         851   201.7513    
         852   192.7492    
         853   196.9855    
         854   176.3338    
         855   192.2197    
         856   191.1606    
         857   198.5741    
         858   185.3358    
         859   184.8063    
         860   196.4560    
         861   189.0425    
         862   189.0425    
         863   194.8674    
         864   182.6882    
         865   186.3949    
         866   187.4539    
         867   184.2767    
         868   190.6311    
         869   182.1586    
         870   193.2788    
         871   181.0996    
         872   177.9224    
         873   188.5130    
         874   183.2177    
         875   184.8063    
         876   170.5089    
         877   181.6291    
         878   184.2767    
         879   179.5110    
         880   171.0385    
         881   160.9774    
         882   184.2767    
         883   153.5640    
         884   169.4499    
         885   153.0344    
         886   163.6250    
         887   162.0365    
         888   160.4479    
         889   146.1505    
         890   155.1526    
         891   133.4418    
         892   148.7982    
         893   150.3868    
         894   145.0915    
         895   139.7962    
         896   148.7982    
         897   136.6190    
         898   145.0915    
         899   131.3237    
         900   141.3848    
         901   129.7351    
         902   141.9143    
         903   129.7351    
         904   128.1465    
         905   131.8532    
         906   124.9693    
         907   125.4988    
         908   120.7330    
         909   134.5008    
         910   117.0263    
         911   121.7921    
         912   123.9102    
         913   124.9693    
         914   112.7901    
         915   118.6149    
         916   112.7901    
         917   113.8491    
         918   110.1424    
         919   111.7310    
         920   111.7310    
         921   102.7290    
         922   114.9082    
         923   104.8471    
         924   93.19743    
         925   102.1995    
         926   86.84306    
         927   105.9062    
         928   89.49072    
         929   90.02025    
         930   97.43369    
         931   86.84306    
         932   94.78603    
         933   90.02025    
         934   79.95917    
         935   94.25650    
         936   84.19541    
         937   79.95917    
         938   78.90010    
         939   75.19339    
         940   82.07729    
         941   76.78198    
         942   73.60479    
         943   76.78197    
         944   74.13432    
         945   69.36855    
         946   78.90010    
         947   66.19136    
         948   75.72292    
         949   64.60277    
         950   67.25042    
         951   66.72089    
         952   64.60277    
         953   67.25042    
         954   59.83699    
         955   61.95511    
         956   61.95511    
         957   60.36652    
         958   58.24840    
         959   56.65981    
         960   56.65981    
         961   54.54168    
         962   61.95511    
         963   52.95309    
         964   51.89403    
         965   67.77995    
         966   48.71684    
         967   60.36652    
         968   45.53966    
         969   52.95309    
         970   52.95309    
         971   63.54370    
         972   55.60074    
         973   48.71684    
         974   59.30746    
         975   48.71684    
         976   58.24840    
         977   52.42356    
         978   56.13028    
         979   51.89403    
         980   47.65778    
         981   52.95309    
         982   56.65981    
         983   52.95309    
         984   57.18933    
         985   51.89403    
         986   54.01215    
         987   54.54168    
         988   53.48262    
         989   52.95309    
         990   51.89403    
         991   56.13027    
         992   51.36449    
         993   58.24840    
         994   42.36247    
         995   59.83699    
         996   43.42153    
         997   51.89403    
         998   58.24840    
         999   51.36449    
        1000   51.36449    
        1001   50.30544    
        1002   46.59872    
        1003   51.89403    
        1004   41.30341    
        1005   51.89403    
        1006   53.48262    
        1007   41.30341    
        1008   52.42356    
        1009   43.42153    
        1010   47.12825    
        1011   53.48262    
        1012   48.71684    
        1013   46.06919    
        1014   48.71684    
        1015   39.18528    
        1016   45.01012    
        1017   50.30544    
        1018   46.59872    
        1019   41.83294    
        1020   51.36449    
        1021   46.59872    
        1022   47.12825    
        1023   44.48059    
        1024   41.30341    
