 #   Y    A
           1  0.0000000E+00
           2  0.0000000E+00
           3  0.0000000E+00
           4  0.0000000E+00
           5  0.0000000E+00
           6  0.0000000E+00
           7  0.0000000E+00
           8  0.0000000E+00
           9  0.0000000E+00
          10  0.0000000E+00
          11  0.0000000E+00
          12  0.0000000E+00
          13  0.0000000E+00
          14  0.0000000E+00
          15  0.0000000E+00
          16  0.0000000E+00
          17  0.0000000E+00
          18  0.0000000E+00
          19  0.0000000E+00
          20  0.0000000E+00
          21  0.0000000E+00
          22  0.0000000E+00
          23  0.0000000E+00
          24  0.0000000E+00
          25  0.0000000E+00
          26  0.0000000E+00
          27  0.0000000E+00
          28  0.0000000E+00
          29  0.0000000E+00
          30  0.0000000E+00
          31  0.0000000E+00
          32  0.0000000E+00
          33  0.0000000E+00
          34  0.0000000E+00
          35  0.0000000E+00
          36  0.0000000E+00
          37  0.0000000E+00
          38  0.0000000E+00
          39  0.0000000E+00
          40  0.0000000E+00
          41  0.0000000E+00
          42  0.0000000E+00
          43  0.0000000E+00
          44  0.0000000E+00
          45  0.0000000E+00
          46  0.0000000E+00
          47  0.0000000E+00
          48  0.0000000E+00
          49  0.0000000E+00
          50  0.0000000E+00
          51  0.0000000E+00
          52  0.0000000E+00
          53  0.0000000E+00
          54  0.0000000E+00
          55  0.0000000E+00
          56  0.0000000E+00
          57  0.0000000E+00
          58  0.0000000E+00
          59  0.0000000E+00
          60  0.0000000E+00
          61  0.0000000E+00
          62  0.0000000E+00
          63  0.0000000E+00
          64  0.0000000E+00
          65  0.0000000E+00
          66  0.0000000E+00
          67  0.0000000E+00
          68  0.0000000E+00
          69  0.0000000E+00
          70  0.0000000E+00
          71  0.0000000E+00
          72  0.0000000E+00
          73  0.0000000E+00
          74  0.0000000E+00
          75  0.0000000E+00
          76  0.0000000E+00
          77  0.0000000E+00
          78  0.0000000E+00
          79  0.0000000E+00
          80  0.0000000E+00
          81  0.0000000E+00
          82  0.0000000E+00
          83  0.0000000E+00
          84  0.0000000E+00
          85  0.0000000E+00
          86  0.0000000E+00
          87  0.0000000E+00
          88  0.0000000E+00
          89  0.0000000E+00
          90  0.0000000E+00
          91  0.0000000E+00
          92  0.0000000E+00
          93  0.0000000E+00
          94  0.0000000E+00
          95  0.0000000E+00
          96  0.0000000E+00
          97  0.0000000E+00
          98  0.0000000E+00
          99  0.0000000E+00
         100  0.0000000E+00
         101  0.0000000E+00
         102  0.0000000E+00
         103  0.0000000E+00
         104  0.0000000E+00
         105  0.0000000E+00
         106  0.0000000E+00
         107  0.0000000E+00
         108  0.0000000E+00
         109  0.0000000E+00
         110  0.0000000E+00
         111  0.0000000E+00
         112  0.0000000E+00
         113  0.0000000E+00
         114  0.0000000E+00
         115  0.0000000E+00
         116  0.0000000E+00
         117  0.0000000E+00
         118  0.0000000E+00
         119  0.0000000E+00
         120  0.0000000E+00
         121  0.0000000E+00
         122  0.0000000E+00
         123  0.0000000E+00
         124  0.0000000E+00
         125  0.0000000E+00
         126  0.0000000E+00
         127  0.0000000E+00
         128  0.0000000E+00
         129  0.0000000E+00
         130  0.0000000E+00
         131  0.0000000E+00
         132  0.0000000E+00
         133  0.0000000E+00
         134  0.0000000E+00
         135  0.0000000E+00
         136  0.0000000E+00
         137  0.0000000E+00
         138  0.0000000E+00
         139  0.0000000E+00
         140  0.0000000E+00
         141  0.0000000E+00
         142  0.0000000E+00
         143  0.0000000E+00
         144  0.0000000E+00
         145  0.0000000E+00
         146  0.0000000E+00
         147  0.0000000E+00
         148  0.0000000E+00
         149  0.0000000E+00
         150  0.0000000E+00
         151  0.0000000E+00
         152  0.0000000E+00
         153  0.0000000E+00
         154  0.0000000E+00
         155  0.0000000E+00
         156  0.0000000E+00
         157  0.0000000E+00
         158  0.0000000E+00
         159  0.0000000E+00
         160  0.0000000E+00
         161  0.0000000E+00
         162  0.0000000E+00
         163  0.0000000E+00
         164  0.0000000E+00
         165  0.0000000E+00
         166  0.0000000E+00
         167  0.0000000E+00
         168  0.0000000E+00
         169  0.0000000E+00
         170  0.0000000E+00
         171  0.0000000E+00
         172  0.0000000E+00
         173  0.0000000E+00
         174  0.0000000E+00
         175  0.0000000E+00
         176  0.0000000E+00
         177  0.0000000E+00
         178  0.0000000E+00
         179  0.0000000E+00
         180  0.0000000E+00
         181  0.0000000E+00
         182  0.0000000E+00
         183  0.0000000E+00
         184  0.0000000E+00
         185  0.0000000E+00
         186  0.0000000E+00
         187  0.0000000E+00
         188  0.0000000E+00
         189  0.0000000E+00
         190  0.0000000E+00
         191  0.0000000E+00
         192  0.0000000E+00
         193  0.0000000E+00
         194  0.0000000E+00
         195  0.0000000E+00
         196  0.0000000E+00
         197  0.0000000E+00
         198  0.0000000E+00
         199  0.0000000E+00
         200  0.0000000E+00
         201  0.0000000E+00
         202  0.0000000E+00
         203  0.0000000E+00
         204  0.0000000E+00
         205  0.0000000E+00
         206  0.0000000E+00
         207  0.0000000E+00
         208  0.0000000E+00
         209  0.0000000E+00
         210  0.0000000E+00
         211  0.0000000E+00
         212  0.0000000E+00
         213  0.0000000E+00
         214  0.0000000E+00
         215  0.0000000E+00
         216  0.0000000E+00
         217  0.0000000E+00
         218  0.0000000E+00
         219  0.0000000E+00
         220  0.0000000E+00
         221  0.0000000E+00
         222  0.0000000E+00
         223  0.0000000E+00
         224  0.0000000E+00
         225  0.0000000E+00
         226  0.0000000E+00
         227  0.0000000E+00
         228  0.0000000E+00
         229  0.0000000E+00
         230  0.0000000E+00
         231  0.0000000E+00
         232  0.0000000E+00
         233  0.0000000E+00
         234  0.0000000E+00
         235  0.0000000E+00
         236  0.0000000E+00
         237  0.0000000E+00
         238  0.0000000E+00
         239  0.0000000E+00
         240  0.0000000E+00
         241  0.0000000E+00
         242  0.0000000E+00
         243  0.0000000E+00
         244  0.0000000E+00
         245  0.0000000E+00
         246  0.0000000E+00
         247  0.0000000E+00
         248  0.0000000E+00
         249  0.0000000E+00
         250  0.0000000E+00
         251  0.0000000E+00
         252  0.0000000E+00
         253  0.0000000E+00
         254  0.0000000E+00
         255  0.0000000E+00
         256  0.0000000E+00
         257  0.0000000E+00
         258  0.0000000E+00
         259  0.0000000E+00
         260  0.0000000E+00
         261  0.0000000E+00
         262  0.0000000E+00
         263  0.0000000E+00
         264  0.0000000E+00
         265  0.0000000E+00
         266  0.0000000E+00
         267  0.0000000E+00
         268  0.0000000E+00
         269  0.0000000E+00
         270  0.0000000E+00
         271  0.0000000E+00
         272  0.0000000E+00
         273  0.0000000E+00
         274  0.0000000E+00
         275  0.0000000E+00
         276  0.0000000E+00
         277  0.0000000E+00
         278  0.0000000E+00
         279  0.0000000E+00
         280  0.0000000E+00
         281  0.0000000E+00
         282  0.0000000E+00
         283  0.0000000E+00
         284  0.0000000E+00
         285  0.0000000E+00
         286  0.0000000E+00
         287  0.0000000E+00
         288  0.0000000E+00
         289  0.0000000E+00
         290  0.0000000E+00
         291  0.0000000E+00
         292  0.0000000E+00
         293  0.0000000E+00
         294  0.0000000E+00
         295  0.0000000E+00
         296   2.647655    
         297   8.472494    
         298   15.35640    
         299   18.00405    
         300   21.71077    
         301   23.29936    
         302   25.94701    
         303   25.41748    
         304   24.88795    
         305   27.00607    
         306   21.18124    
         307   23.29936    
         308   24.88795    
         309   23.82889    
         310   36.53763    
         311   31.77185    
         312   21.18124    
         313   30.18326    
         314   20.12217    
         315   29.12420    
         316   28.06514    
         317   23.82889    
         318   31.77185    
         319   29.12420    
         320   27.00607    
         321   25.41748    
         322   28.59467    
         323   31.24232    
         324   31.77185    
         325   37.59669    
         326   26.47654    
         327   31.24232    
         328   25.94701    
         329   35.47857    
         330   39.71482    
         331   37.06716    
         332   27.53561    
         333   34.41951    
         334   32.30138    
         335   29.65373    
         336   27.00607    
         337   33.36045    
         338   31.24232    
         339   36.00810    
         340   33.36045    
         341   40.77388    
         342   39.18528    
         343   30.71279    
         344   34.94904    
         345   33.88998    
         346   32.30138    
         347   37.06716    
         348   38.12622    
         349   46.59872    
         350   43.42153    
         351   36.53763    
         352   38.12622    
         353   40.24435    
         354   33.88998    
         355   41.83294    
         356   33.36045    
         357   48.18731    
         358   46.59872    
         359   40.77388    
         360   40.24435    
         361   36.53763    
         362   47.65778    
         363   57.71886    
         364   43.95107    
         365   63.01418    
         366   45.01012    
         367   45.53966    
         368   41.83294    
         369   59.30746    
         370   50.30544    
         371   50.30544    
         372   52.95309    
         373   66.19136    
         374   61.95511    
         375   43.95107    
         376   63.01418    
         377   57.18933    
         378   61.42558    
         379   61.42558    
         380   68.83901    
         381   75.19338    
         382   66.72089    
         383   68.83901    
         384   81.54776    
         385   78.37057    
         386   70.42760    
         387   85.25447    
         388   91.60884    
         389   96.90415    
         390   92.13837    
         391   97.96321    
         392   96.37462    
         393   106.9652    
         394   116.4968    
         395   122.3216    
         396   126.5579    
         397   126.5579    
         398   142.4438    
         399   152.5049    
         400   172.0975    
         401   176.8633    
         402   182.1586    
         403   191.6902    
         404   212.8714    
         405   204.9285    
         406   232.4641    
         407   250.9976    
         408   275.3560    
         409   288.5943    
         410   291.2420    
         411   291.7715    
         412   315.0709    
         413   310.8346    
         414   351.6085    
         415   332.0159    
         416   329.3682    
         417   347.3723    
         418   341.0179    
         419   337.3112    
         420   345.2542    
         421   359.0219    
         422   333.6045    
         423   344.7246    
         424   329.8977    
         425   353.7266    
         426   355.8448    
         427   366.9649    
         428   366.4354    
         429   365.3763    
         430   404.5616    
         431   419.3885    
         432   430.5086    
         433   441.0992    
         434   458.5737    
         435   477.1073    
         436   509.9382    
         437   524.2356    
         438   569.2457    
         439   558.1255    
         440   584.6021    
         441   615.3149    
         442   655.0297    
         443   644.4391    
         444   689.9788    
         445   694.2150    
         446   692.0969    
         447   707.9828    
         448   784.7648    
         449   819.1843    
         450   817.0662    
         451   909.7341    
         452   873.7260    
         453   920.3247    
         454   939.3878    
         455   1018.817    
         456   979.1026    
         457   1021.995    
         458   1015.640    
         459   1068.593    
         460   1031.526    
         461   1031.526    
         462   1025.172    
         463   1021.465    
         464   1046.883    
         465   983.8684    
         466   1009.286    
         467   971.6891    
         468   989.6932    
         469   970.1006    
         470   984.9274    
         471   985.9865    
         472   939.3878    
         473   984.9274    
         474   939.9173    
         475   983.3389    
         476   975.9254    
         477   989.1637    
         478   994.9885    
         479   1014.581    
         480   1032.585    
         481   1048.471    
         482   1062.768    
         483   1051.648    
         484   1098.247    
         485   1074.948    
         486   1130.548    
         487   1083.420    
         488   1135.314    
         489   1124.724    
         490   1117.310    
         491   1125.253    
         492   1157.025    
         493   1089.775    
         494   1133.726    
         495   1144.316    
         496   1104.601    
         497   1152.259    
         498   1141.669    
         499   1132.667    
         500   1155.966    
         501   1141.669    
         502   1145.375    
         503   1193.563    
         504   1158.614    
         505   1219.510    
         506   1178.736    
         507   1226.923    
         508   1211.567    
         509   1203.624    
         510   1213.155    
         511   1186.679    
         512   1243.339    
         513   1177.147    
         514   1218.980    
         515   1246.516    
         516   1205.212    
         517   1207.860    
         518   1235.396    
         519   1225.334    
         520   1273.522    
         521   1235.396    
         522   1274.051    
         523   1267.167    
         524   1263.990    
         525   1286.230    
         526   1315.355    
         527   1344.479    
         528   1356.129    
         529   1378.369    
         530   1405.375    
         531   1461.505    
         532   1492.218    
         533   1471.037    
         534   1499.631    
         535   1537.758    
         536   1565.293    
         537   1620.365    
         538   1668.552    
         539   1647.371    
         540   1673.847    
         541   1708.267    
         542   1693.440    
         543   1667.493    
         544   1685.497    
         545   1681.261    
         546   1668.022    
         547   1717.269    
         548   1706.678    
         549   1716.739    
         550   1826.882    
         551   1808.348    
         552   1888.837    
         553   1968.266    
         554   1993.154    
         555   2061.464    
         556   2236.739    
         557   2268.510    
         558   2475.557    
         559   2722.318    
         560   3001.911    
         561   3286.269    
         562   3533.030    
         563   4143.579    
         564   4565.086    
         565   4789.077    
         566   5605.084    
         567   5988.994    
         568   6105.491    
         569   5906.388    
         570   4995.594    
         571   3741.665    
         572   3033.153    
         573   2587.288    
         574   2446.433    
         575   2265.333    
         576   2098.001    
         577   1967.737    
         578   1817.880    
         579   1803.053    
         580   1720.975    
         581   1604.479    
         582   1518.695    
         583   1440.324    
         584   1430.792    
         585   1414.377    
         586   1351.363    
         587   1329.123    
         588   1279.876    
         589   1279.347    
         590   1223.746    
         591   1276.169    
         592   1199.387    
         593   1200.447    
         594   1212.096    
         595   1175.029    
         596   1178.736    
         597   1127.371    
         598   1149.612    
         599   1128.430    
         600   1118.899    
         601   1121.546    
         602   1112.544    
         603   1131.608    
         604   1104.601    
         605   1060.121    
         606   1063.828    
         607   1053.237    
         608   1078.654    
         609   1080.243    
         610   1012.993    
         611   1028.349    
         612   1020.936    
         613   993.9294    
         614   952.6260    
         615   948.9193    
         616   952.0966    
         617   899.6730    
         618   928.7972    
         619   893.3186    
         620   863.6649    
         621   868.4307    
         622   893.8481    
         623   875.8441    
         624   858.3696    
         625   862.0763    
         626   843.0132    
         627   885.9052    
         628   853.0742    
         629   829.2454    
         630   842.4836    
         631   866.3125    
         632   802.7688    
         633   791.6487    
         634   800.1212    
         635   803.8279    
         636   776.8218    
         637   768.8788    
         638   797.4735    
         639   757.2292    
         640   755.1110    
         641   725.9868    
         642   746.1090    
         643   711.1600    
         644   709.5714    
         645   742.4023    
         646   687.8606    
         647   707.4532    
         648   698.4512    
         649   692.6264    
         650   691.5673    
         651   693.6854    
         652   636.4961    
         653   678.3290    
         654   631.2008    
         655   649.7344    
         656   649.7344    
         657   636.4961    
         658   614.7853    
         659   614.7853    
         660   624.3169    
         661   617.4330    
         662   606.8424    
         663   611.0786    
         664   617.9625    
         665   583.5430    
         666   617.9625    
         667   580.8954    
         668   602.6061    
         669   595.7222    
         670   603.6652    
         671   577.1887    
         672   576.6591    
         673   571.8934    
         674   579.3068    
         675   571.3638    
         676   560.2437    
         677   545.4168    
         678   562.8913    
         679   515.2335    
         680   551.7712    
         681   522.1174    
         682   521.0584    
         683   520.5289    
         684   463.3395    
         685   514.7040    
         686   477.6369    
         687   494.5818    
         688   467.5758    
         689   468.6348    
         690   451.6898    
         691   454.3375    
         692   447.4536    
         693   432.0972    
         694   418.3294    
         695   443.2173    
         696   383.9099    
         697   423.0952    
         698   398.2072    
         699   394.5005    
         700   391.3233    
         701   355.3152    
         702   390.2643    
         703   351.6085    
         704   364.8468    
         705   368.5535    
         706   341.5474    
         707   359.0219    
         708   325.6615    
         709   335.1931    
         710   322.4843    
         711   319.3071    
         712   311.3642    
         713   302.3621    
         714   281.1809    
         715   282.2400    
         716   231.4050    
         717   254.1748    
         718   249.9386    
         719   223.9916    
         720   231.4050    
         721   237.7594    
         722   219.2258    
         723   215.5191    
         724   232.4641    
         725   204.9285    
         726   212.8714    
         727   217.6372    
         728   192.2197    
         729   202.2808    
         730   198.0446    
         731   192.2197    
         732   194.8674    
         733   192.2197    
         734   180.0405    
         735   189.0425    
         736   182.6882    
         737   175.2747    
         738   174.2157    
         739   170.5089    
         740   182.1586    
         741   154.6230    
         742   171.5680    
         743   164.1546    
         744   156.2116    
         745   159.9183    
         746   151.4458    
         747   164.1546    
         748   151.9754    
         749   149.8572    
         750   146.6801    
         751   148.2686    
         752   139.2666    
         753   146.1505    
         754   141.3848    
         755   140.3257    
         756   146.1505    
         757   131.8532    
         758   140.3257    
         759   136.6190    
         760   123.3807    
         761   136.6190    
         762   124.9693    
         763   124.4398    
         764   138.2076    
         765   122.3216    
         766   112.2606    
         767   128.6760    
         768   127.6169    
         769   117.5559    
         770   115.4377    
         771   124.9693    
         772   116.4968    
         773   118.0854    
         774   114.9082    
         775   104.8471    
         776   112.7901    
         777   114.9082    
         778   110.1424    
         779   103.2585    
         780   124.9693    
         781   105.3766    
         782   100.6109    
         783   103.2585    
         784   105.3766    
         785   101.6699    
         786   99.55180    
         787   104.8471    
         788   96.37462    
         789   101.1404    
         790   90.54978    
         791   102.7290    
         792   95.84509    
         793   92.13837    
         794   87.37260    
         795   93.19743    
         796   86.84306    
         797   91.07932    
         798   86.84306    
         799   89.49072    
         800   86.31354    
         801   85.25447    
         802   90.02025    
         803   77.84104    
         804   72.54573    
         805   85.78400    
         806   81.01823    
         807   78.90010    
         808   83.66588    
         809   87.90213    
         810   70.42760    
         811   78.90010    
         812   76.78197    
         813   79.95917    
         814   81.54776    
         815   74.13432    
         816   89.49072    
         817   78.37057    
         818   114.3787    
         819   82.60682    
         820  0.0000000E+00
         821  0.0000000E+00
         822  0.0000000E+00
         823  0.0000000E+00
         824  0.0000000E+00
         825  0.0000000E+00
         826  0.0000000E+00
         827  0.0000000E+00
         828  0.0000000E+00
         829  0.0000000E+00
         830  0.0000000E+00
         831  0.0000000E+00
         832  0.0000000E+00
         833  0.0000000E+00
         834  0.0000000E+00
         835  0.0000000E+00
         836  0.0000000E+00
         837  0.0000000E+00
         838  0.0000000E+00
         839  0.0000000E+00
         840  0.0000000E+00
         841  0.0000000E+00
         842  0.0000000E+00
         843  0.0000000E+00
         844  0.0000000E+00
         845  0.0000000E+00
         846  0.0000000E+00
         847  0.0000000E+00
         848  0.0000000E+00
         849  0.0000000E+00
         850  0.0000000E+00
         851  0.0000000E+00
         852  0.0000000E+00
         853  0.0000000E+00
         854  0.0000000E+00
         855  0.0000000E+00
         856  0.0000000E+00
         857  0.0000000E+00
         858  0.0000000E+00
         859  0.0000000E+00
         860  0.0000000E+00
         861  0.0000000E+00
         862  0.0000000E+00
         863  0.0000000E+00
         864  0.0000000E+00
         865  0.0000000E+00
         866  0.0000000E+00
         867  0.0000000E+00
         868  0.0000000E+00
         869  0.0000000E+00
         870  0.0000000E+00
         871  0.0000000E+00
         872  0.0000000E+00
         873  0.0000000E+00
         874  0.0000000E+00
         875  0.0000000E+00
         876  0.0000000E+00
         877  0.0000000E+00
         878  0.0000000E+00
         879  0.0000000E+00
         880  0.0000000E+00
         881  0.0000000E+00
         882  0.0000000E+00
         883  0.0000000E+00
         884  0.0000000E+00
         885  0.0000000E+00
         886  0.0000000E+00
         887  0.0000000E+00
         888  0.0000000E+00
         889  0.0000000E+00
         890  0.0000000E+00
         891  0.0000000E+00
         892  0.0000000E+00
         893  0.0000000E+00
         894  0.0000000E+00
         895  0.0000000E+00
         896  0.0000000E+00
         897  0.0000000E+00
         898  0.0000000E+00
         899  0.0000000E+00
         900  0.0000000E+00
         901  0.0000000E+00
         902  0.0000000E+00
         903  0.0000000E+00
         904  0.0000000E+00
         905  0.0000000E+00
         906  0.0000000E+00
         907  0.0000000E+00
         908  0.0000000E+00
         909  0.0000000E+00
         910  0.0000000E+00
         911  0.0000000E+00
         912  0.0000000E+00
         913  0.0000000E+00
         914  0.0000000E+00
         915  0.0000000E+00
         916  0.0000000E+00
         917  0.0000000E+00
         918  0.0000000E+00
         919  0.0000000E+00
         920  0.0000000E+00
         921  0.0000000E+00
         922  0.0000000E+00
         923  0.0000000E+00
         924  0.0000000E+00
         925  0.0000000E+00
         926  0.0000000E+00
         927  0.0000000E+00
         928  0.0000000E+00
         929  0.0000000E+00
         930  0.0000000E+00
         931  0.0000000E+00
         932  0.0000000E+00
         933  0.0000000E+00
         934  0.0000000E+00
         935  0.0000000E+00
         936  0.0000000E+00
         937  0.0000000E+00
         938  0.0000000E+00
         939  0.0000000E+00
         940  0.0000000E+00
         941  0.0000000E+00
         942  0.0000000E+00
         943  0.0000000E+00
         944  0.0000000E+00
         945  0.0000000E+00
         946  0.0000000E+00
         947  0.0000000E+00
         948  0.0000000E+00
         949  0.0000000E+00
         950  0.0000000E+00
         951  0.0000000E+00
         952  0.0000000E+00
         953  0.0000000E+00
         954  0.0000000E+00
         955  0.0000000E+00
         956  0.0000000E+00
         957  0.0000000E+00
         958  0.0000000E+00
         959  0.0000000E+00
         960  0.0000000E+00
         961  0.0000000E+00
         962  0.0000000E+00
         963  0.0000000E+00
         964  0.0000000E+00
         965  0.0000000E+00
         966  0.0000000E+00
         967  0.0000000E+00
         968  0.0000000E+00
         969  0.0000000E+00
         970  0.0000000E+00
         971  0.0000000E+00
         972  0.0000000E+00
         973  0.0000000E+00
         974  0.0000000E+00
         975  0.0000000E+00
         976  0.0000000E+00
         977  0.0000000E+00
         978  0.0000000E+00
         979  0.0000000E+00
         980  0.0000000E+00
         981  0.0000000E+00
         982  0.0000000E+00
         983  0.0000000E+00
         984  0.0000000E+00
         985  0.0000000E+00
         986  0.0000000E+00
         987  0.0000000E+00
         988  0.0000000E+00
         989  0.0000000E+00
         990  0.0000000E+00
         991  0.0000000E+00
         992  0.0000000E+00
         993  0.0000000E+00
         994  0.0000000E+00
         995  0.0000000E+00
         996  0.0000000E+00
         997  0.0000000E+00
         998  0.0000000E+00
         999  0.0000000E+00
        1000  0.0000000E+00
        1001  0.0000000E+00
        1002  0.0000000E+00
        1003  0.0000000E+00
        1004  0.0000000E+00
        1005  0.0000000E+00
        1006  0.0000000E+00
        1007  0.0000000E+00
        1008  0.0000000E+00
        1009  0.0000000E+00
        1010  0.0000000E+00
        1011  0.0000000E+00
        1012  0.0000000E+00
        1013  0.0000000E+00
        1014  0.0000000E+00
        1015  0.0000000E+00
        1016  0.0000000E+00
        1017  0.0000000E+00
        1018  0.0000000E+00
        1019  0.0000000E+00
        1020  0.0000000E+00
        1021  0.0000000E+00
        1022  0.0000000E+00
        1023  0.0000000E+00
        1024  0.0000000E+00
