 #   Y    A
           1   13100.06    
           2  0.0000000E+00
           3  0.0000000E+00
           4  0.0000000E+00
           5  0.0000000E+00
           6  0.0000000E+00
           7  0.0000000E+00
           8  0.0000000E+00
           9  0.0000000E+00
          10  0.0000000E+00
          11  0.0000000E+00
          12  0.0000000E+00
          13  0.0000000E+00
          14  0.0000000E+00
          15  0.0000000E+00
          16  0.0000000E+00
          17  0.0000000E+00
          18  0.0000000E+00
          19  0.0000000E+00
          20  0.0000000E+00
          21  0.0000000E+00
          22  0.0000000E+00
          23  0.0000000E+00
          24  0.0000000E+00
          25  0.0000000E+00
          26  0.0000000E+00
          27  0.0000000E+00
          28  0.0000000E+00
          29  0.0000000E+00
          30  0.0000000E+00
          31  0.0000000E+00
          32  0.0000000E+00
          33  0.0000000E+00
          34  0.0000000E+00
          35  0.0000000E+00
          36   2.118124    
          37   3.706716    
          38   7.413432    
          39   11.64968    
          40   13.76780    
          41   11.12015    
          42   13.76780    
          43   13.76780    
          44   13.76780    
          45   14.29733    
          46   12.17921    
          47   18.00405    
          48   11.64968    
          49   14.29733    
          50   16.94499    
          51   12.17921    
          52   16.41546    
          53   14.29733    
          54   13.23827    
          55   9.002025    
          56   19.59264    
          57   14.29733    
          58   10.06109    
          59   14.29733    
          60   14.29733    
          61   22.76983    
          62   20.12217    
          63   14.29733    
          64   14.29733    
          65   12.17921    
          66   16.41546    
          67   16.94499    
          68   14.82686    
          69   12.70874    
          70   16.41546    
          71   20.12217    
          72   16.41546    
          73   13.23827    
          74   20.65170    
          75   17.47452    
          76   16.94499    
          77   22.24030    
          78   13.76780    
          79   19.59264    
          80   20.12217    
          81   16.94499    
          82   18.00405    
          83   16.94499    
          84   18.00405    
          85   18.53358    
          86   17.47452    
          87   23.82889    
          88   20.12217    
          89   18.53358    
          90   15.88593    
          91   19.59264    
          92   19.59264    
          93   20.12217    
          94   13.76780    
          95   22.24030    
          96   24.35842    
          97   24.88795    
          98   18.53358    
          99   24.35842    
         100   19.59264    
         101   20.12217    
         102   25.41748    
         103   22.76983    
         104   24.88795    
         105   23.29936    
         106   21.18124    
         107   22.76983    
         108   25.94701    
         109   24.88795    
         110   29.65373    
         111   29.65373    
         112   22.24030    
         113   25.94701    
         114   27.00607    
         115   36.53763    
         116   27.00607    
         117   31.24232    
         118   30.71279    
         119   32.30138    
         120   33.36045    
         121   39.71482    
         122   27.00607    
         123   31.77185    
         124   32.83091    
         125   43.42153    
         126   41.83294    
         127   30.71279    
         128   31.24232    
         129   44.48059    
         130   42.36247    
         131   36.53763    
         132   40.24435    
         133   45.01012    
         134   45.53966    
         135   64.60277    
         136   54.54168    
         137   54.54168    
         138   50.83496    
         139   57.71887    
         140   67.77995    
         141   72.01620    
         142   82.60682    
         143   78.90010    
         144   94.78603    
         145   88.96119    
         146   100.6109    
         147   93.72697    
         148   112.7901    
         149   106.4357    
         150   97.96321    
         151   127.0874    
         152   111.7310    
         153   131.3237    
         154   103.2585    
         155   110.1424    
         156   112.7901    
         157   111.7310    
         158   104.8471    
         159   95.31556    
         160   106.9652    
         161   96.37462    
         162   100.0813    
         163   95.84509    
         164   86.31354    
         165   87.37260    
         166   87.37260    
         167   92.66791    
         168   84.72495    
         169   83.13635    
         170   75.72292    
         171   88.43166    
         172   78.90010    
         173   86.31354    
         174   70.42760    
         175   79.42963    
         176   93.19743    
         177   78.90010    
         178   75.72292    
         179   85.25447    
         180   82.60682    
         181   83.66588    
         182   75.72292    
         183   82.07729    
         184   81.01823    
         185   78.37057    
         186   76.78198    
         187   84.19541    
         188   74.13432    
         189   79.95917    
         190   81.54775    
         191   77.31151    
         192   83.66588    
         193   88.43166    
         194   74.13432    
         195   82.07729    
         196   87.37260    
         197   82.07729    
         198   86.84306    
         199   81.54776    
         200   84.19541    
         201   88.96119    
         202   91.60884    
         203   86.84306    
         204   81.54776    
         205   90.02025    
         206   85.78400    
         207   90.54978    
         208   87.37260    
         209   89.49072    
         210   97.43369    
         211   86.84306    
         212   93.19743    
         213   87.90213    
         214   94.78603    
         215   94.25650    
         216   97.96321    
         217   93.72697    
         218   91.60884    
         219   103.2585    
         220   91.60884    
         221   106.9652    
         222   93.72697    
         223   109.0834    
         224   101.6699    
         225   94.25650    
         226   103.7881    
         227   108.5538    
         228   94.78603    
         229   97.96321    
         230   103.7881    
         231   104.8471    
         232   114.3787    
         233   106.4357    
         234   101.1404    
         235   111.7310    
         236   99.02228    
         237   95.84509    
         238   106.9652    
         239   100.6109    
         240   104.8471    
         241   91.60884    
         242   100.0813    
         243   101.1404    
         244   100.6109    
         245   100.6109    
         246   95.84509    
         247   108.5538    
         248   93.72697    
         249   100.0813    
         250   103.2585    
         251   100.0813    
         252   96.90415    
         253   94.25650    
         254   95.84509    
         255   99.02228    
         256   102.7290    
         257   81.01823    
         258   100.6109    
         259   91.07932    
         260   100.0813    
         261   95.84509    
         262   91.60884    
         263   104.3176    
         264   93.19743    
         265   92.13837    
         266   80.48869    
         267   95.31556    
         268   99.55180    
         269   93.19743    
         270   103.7881    
         271   98.49274    
         272   98.49274    
         273   98.49274    
         274   96.37462    
         275   87.37260    
         276   96.90415    
         277   97.96321    
         278   96.37462    
         279   104.8471    
         280   90.02025    
         281   107.4948    
         282   101.6699    
         283   101.1404    
         284   91.60884    
         285   100.0813    
         286   102.7290    
         287   96.90415    
         288   108.5538    
         289   95.84509    
         290   115.9673    
         291   95.84509    
         292   105.9062    
         293   109.0834    
         294   103.2585    
         295   102.1995    
         296   104.8471    
         297   102.1995    
         298   106.9652    
         299   97.96321    
         300   106.4357    
         301   102.7290    
         302   100.6109    
         303   114.3787    
         304   101.6699    
         305   114.9082    
         306   99.55180    
         307   112.2606    
         308   103.2585    
         309   106.4357    
         310   100.6109    
         311   103.7881    
         312   112.2606    
         313   101.6699    
         314   99.02228    
         315   113.3196    
         316   94.25650    
         317   111.7310    
         318   106.4357    
         319   102.1995    
         320   104.8471    
         321   105.3766    
         322   113.3196    
         323   106.9652    
         324   114.3787    
         325   109.6129    
         326   115.9673    
         327   112.7901    
         328   109.0834    
         329   119.6740    
         330   114.3787    
         331   114.3787    
         332   113.8491    
         333   121.7921    
         334   121.2626    
         335   117.0263    
         336   125.4988    
         337   106.9652    
         338   132.3827    
         339   117.5559    
         340   126.0284    
         341   123.3807    
         342   132.9122    
         343   132.3827    
         344   133.4418    
         345   136.6190    
         346   131.8532    
         347   141.3848    
         348   138.7371    
         349   145.0915    
         350   130.7941    
         351   146.1505    
         352   156.7411    
         353   142.4438    
         354   155.6821    
         355   154.0935    
         356   145.6210    
         357   166.2727    
         358   159.9183    
         359   172.0975    
         360   165.7432    
         361   173.6861    
         362   153.0344    
         363   181.6291    
         364   167.8613    
         365   185.8653    
         366   182.6882    
         367   191.6902    
         368   180.0405    
         369   193.8083    
         370   195.9264    
         371   195.3969    
         372   187.9835    
         373   184.8063    
         374   203.8694    
         375   205.9875    
         376   210.7533    
         377   218.1667    
         378   198.5741    
         379   209.1647    
         380   217.1077    
         381   209.6942    
         382   214.4600    
         383   229.8164    
         384   216.0486    
         385   239.3480    
         386   221.3439    
         387   230.3459    
         388   231.4050    
         389   239.3480    
         390   235.6412    
         391   225.0506    
         392   237.7594    
         393   225.5802    
         394   240.9366    
         395   245.1728    
         396   250.4681    
         397   247.8204    
         398   229.8164    
         399   236.7003    
         400   249.9386    
         401   250.9976    
         402   239.8775    
         403   245.1728    
         404   242.5251    
         405   257.3520    
         406   244.1137    
         407   235.1117    
         408   255.2339    
         409   244.1137    
         410   257.8815    
         411   250.4681    
         412   275.8856    
         413   265.8245    
         414   253.1158    
         415   275.3560    
         416   269.5312    
         417   274.8265    
         418   271.6494    
         419   264.2359    
         420   283.2990    
         421   267.9426    
         422   285.9467    
         423   289.1239    
         424   279.0628    
         425   282.7695    
         426   290.1829    
         427   303.4212    
         428   305.5393    
         429   302.3621    
         430   304.4803    
         431   305.5393    
         432   319.3071    
         433   319.3071    
         434   315.0709    
         435   328.8387    
         436   311.8937    
         437   336.2521    
         438   327.2501    
         439   320.8957    
         440   346.8427    
         441   334.6635    
         442   325.6615    
         443   326.1910    
         444   340.4883    
         445   326.7206    
         446   361.1401    
         447   351.6085    
         448   351.0790    
         449   345.7837    
         450   360.0810    
         451   366.9649    
         452   334.6635    
         453   355.3152    
         454   358.4924    
         455   364.3172    
         456   377.0260    
         457   339.9588    
         458   392.9119    
         459   366.9649    
         460   351.6085    
         461   368.5535    
         462   370.1421    
         463   391.3233    
         464   377.5555    
         465   387.0871    
         466   388.6757    
         467   378.0851    
         468   380.2032    
         469   377.5555    
         470   381.7918    
         471   383.9099    
         472   407.2093    
         473   382.8508    
         474   383.3804    
         475   399.2663    
         476   392.3824    
         477   384.4394    
         478   392.3824    
         479   382.8508    
         480   392.3824    
         481   411.9750    
         482   417.7999    
         483   386.5576    
         484   402.4435    
         485   410.9160    
         486   421.5066    
         487   419.9180    
         488   404.0321    
         489   428.9200    
         490   398.2072    
         491   416.7408    
         492   438.4516    
         493   408.7979    
         494   415.1522    
         495   407.7388    
         496   444.2764    
         497   443.7469    
         498   428.3905    
         499   425.7428    
         500   437.3925    
         501   442.1583    
         502   425.7428    
         503   441.0992    
         504   415.1522    
         505   434.7448    
         506   442.6878    
         507   440.0402    
         508   435.8039    
         509   437.3925    
         510   430.5086    
         511   433.1562    
         512   450.1013    
         513   447.9831    
         514   491.4047    
         515   467.5758    
         516   442.1583    
         517   454.8670    
         518   453.2784    
         519   512.0563    
         520   455.3965    
         521   453.2784    
         522   457.5147    
         523   478.6959    
         524   496.1704    
         525   478.1664    
         526   462.2805    
         527   480.8140    
         528   502.5248    
         529   500.9362    
         530   483.4617    
         531   521.0584    
         532   480.2845    
         533   530.0604    
         534   530.5900    
         535   495.1114    
         536   522.1174    
         537   497.2295    
         538   545.9464    
         539   518.9402    
         540   536.4148    
         541   574.0115    
         542   487.6979    
         543   521.0584    
         544   528.4718    
         545   549.1235    
         546   590.4269    
         547   466.5167    
         548   532.1785    
         549   548.0645    
         550   513.1154    
         551   648.1458    
         552   532.7081    
         553   515.2335    
         554   565.0095    
         555   527.9423    
         556   510.4678    
         557   542.2396    
         558   516.8221    
         559   529.0013    
         560   482.9322    
         561   544.3577    
         562   532.7081    
         563   516.2926    
         564   521.0584    
         565   522.1174    
         566   519.4698    
         567   536.4148    
         568   524.7651    
         569   519.4698    
         570   531.6490    
         571   517.3517    
         572   543.2987    
         573   534.8262    
         574   543.8282    
         575   548.5940    
         576   531.6490    
         577   530.0604    
         578   518.4107    
         579   535.3557    
         580   554.9484    
         581   522.6470    
         582   541.7101    
         583   533.7672    
         584   561.8323    
         585   537.4738    
         586   530.0604    
         587   545.9464    
         588   550.1826    
         589   548.5940    
         590   551.2416    
         591   545.9464    
         592   542.7692    
         593   541.1805    
         594   545.4168    
         595   538.0034    
         596   559.1846    
         597   535.8853    
         598   570.8343    
         599   554.4188    
         600   550.7121    
         601   543.8282    
         602   551.2416    
         603   552.8303    
         604   542.7692    
         605   567.6571    
         606   559.7141    
         607   559.1846    
         608   573.4819    
         609   570.8343    
         610   563.9504    
         611   560.7732    
         612   565.5390    
         613   565.0095    
         614   575.6001    
         615   533.2376    
         616   561.3027    
         617   557.5960    
         618   531.6490    
         619   548.0645    
         620   547.5349    
         621   560.2437    
         622   547.5349    
         623   548.5940    
         624   547.0054    
         625   542.2396    
         626   553.8893    
         627   532.7081    
         628   566.0685    
         629   539.5920    
         630   572.4229    
         631   559.7142    
         632   545.4168    
         633   549.6531    
         634   547.5349    
         635   559.1846    
         636   554.4188    
         637   558.1255    
         638   551.7712    
         639   560.2437    
         640   562.3618    
         641   549.1235    
         642   563.4208    
         643   551.2416    
         644   565.5390    
         645   554.9484    
         646   560.7732    
         647   561.3027    
         648   575.0706    
         649   572.4229    
         650   570.3047    
         651   576.6591    
         652   586.7202    
         653   568.7162    
         654   582.4839    
         655   576.6591    
         656   589.3679    
         657   594.1337    
         658   593.6041    
         659   601.0176    
         660   596.7813    
         661   597.8404    
         662   586.1907    
         663   590.9565    
         664   619.5511    
         665   587.7793    
         666   612.1377    
         667   584.0726    
         668   605.7833    
         669   607.9014    
         670   612.1377    
         671   604.1948    
         672   594.1337    
         673   606.8424    
         674   609.4901    
         675   606.8424    
         676   609.4901    
         677   616.9035    
         678   617.9625    
         679   617.9625    
         680   610.0196    
         681   596.7813    
         682   630.1417    
         683   608.4310    
         684   592.0155    
         685   619.5511    
         686   604.1948    
         687   593.0746    
         688   622.1988    
         689   615.3149    
         690   620.6102    
         691   600.4880    
         692   598.8994    
         693   608.9605    
         694   615.8444    
         695   614.7853    
         696   590.9565    
         697   604.7242    
         698   602.0766    
         699   618.4921    
         700   595.1927    
         701   617.4330    
         702   602.0766    
         703   606.3129    
         704   610.5491    
         705   588.8383    
         706   624.3169    
         707   584.0726    
         708   618.4921    
         709   589.3679    
         710   586.1907    
         711   583.0135    
         712   608.4310    
         713   570.3047    
         714   584.6021    
         715   585.1316    
         716   577.1887    
         717   579.3068    
         718   567.1276    
         719   573.4819    
         720   568.7162    
         721   569.7752    
         722   563.4208    
         723   558.1255    
         724   555.4779    
         725   566.0685    
         726   548.5940    
         727   561.3027    
         728   559.7141    
         729   534.8262    
         730   540.6510    
         731   549.1235    
         732   532.1785    
         733   569.2457    
         734   530.5900    
         735   533.2376    
         736   539.0624    
         737   536.9443    
         738   536.9443    
         739   524.2356    
         740   533.7672    
         741   549.6531    
         742   515.7631    
         743   544.8873    
         744   527.9423    
         745   523.1765    
         746   547.5349    
         747   507.2906    
         748   534.8262    
         749   530.5900    
         750   510.4678    
         751   550.7121    
         752   504.1134    
         753   537.4739    
         754   520.5289    
         755   523.1765    
         756   524.2356    
         757   557.5960    
         758   503.0543    
         759   525.2946    
         760   513.1154    
         761   512.5859    
         762   513.1154    
         763   543.8282    
         764   505.1725    
         765   504.6429    
         766   518.9402    
         767   518.4107    
         768   505.7020    
         769   528.4718    
         770   492.4637    
         771   511.5268    
         772   509.4087    
         773   500.4067    
         774   527.9423    
         775   502.5248    
         776   511.5268    
         777   509.4087    
         778   510.4678    
         779   508.3496    
         780   505.7020    
         781   512.0563    
         782   502.5248    
         783   494.5818    
         784   513.6450    
         785   496.7000    
         786   504.6429    
         787   495.1114    
         788   474.9892    
         789   513.1154    
         790   500.4067    
         791   483.9912    
         792   495.6409    
         793   502.5248    
         794   473.4006    
         795   503.0543    
         796   491.4047    
         797   501.9953    
         798   477.1073    
         799   502.5248    
         800   492.4637    
         801   480.8140    
         802   494.5818    
         803   504.6429    
         804   486.1093    
         805   472.3416    
         806   496.7000    
         807   484.5208    
         808   489.8161    
         809   481.8731    
         810   480.8140    
         811   479.7550    
         812   486.6389    
         813   491.4047    
         814   481.8731    
         815   487.6979    
         816   491.9342    
         817   488.2275    
         818   499.3476    
         819   488.2275    
         820   505.1725    
         821   489.2865    
         822   513.6450    
         823   480.8140    
         824   507.2906    
         825   508.3496    
         826   490.8751    
         827   504.6429    
         828   503.5839    
         829   492.4637    
         830   528.4718    
         831   512.0563    
         832   490.3456    
         833   515.7631    
         834   503.0543    
         835   517.8812    
         836   499.8771    
         837   514.7040    
         838   525.2946    
         839   501.4657    
         840   522.1174    
         841   537.4738    
         842   518.4107    
         843   560.7732    
         844   524.7651    
         845   539.0624    
         846   574.0115    
         847   587.7793    
         848   592.0155    
         849   611.0786    
         850   620.0807    
         851   612.6672    
         852   660.8546    
         853   666.6794    
         854   695.2740    
         855   755.6406    
         856   759.3473    
         857   843.5427    
         858   856.2515    
         859   942.0355    
         860   1049.001    
         861   1136.903    
         862   1255.518    
         863   1474.744    
         864   1615.069    
         865   1775.517    
         866   1912.136    
         867   1586.474    
         868   1130.019    
         869   858.3696    
         870   707.9828    
         871   605.7833    
         872   536.9443    
         873   474.9892    
         874   437.9220    
         875   413.5636    
         876   376.4965    
         877   366.9649    
         878   329.3682    
         879   328.3091    
         880   303.9507    
         881   294.9487    
         882   266.3540    
         883   271.6494    
         884   257.3520    
         885   244.1137    
         886   241.9956    
         887   231.9345    
         888   222.9325    
         889   210.7533    
         890   210.7533    
         891   208.1056    
         892   199.1036    
         893   193.2788    
         894   185.8653    
         895   191.6902    
         896   184.8063    
         897   174.7452    
         898   180.0405    
         899   170.5089    
         900   172.0975    
         901   157.8002    
         902   167.8613    
         903   155.6821    
         904   170.5089    
         905   156.2116    
         906   156.7411    
         907   142.4438    
         908   162.5660    
         909   145.6210    
         910   155.6821    
         911   147.2096    
         912   151.4458    
         913   149.3277    
         914   136.6190    
         915   134.5008    
         916   145.6210    
         917   147.2096    
         918   142.9733    
         919   135.0304    
         920   140.8552    
         921   130.2646    
         922   141.3848    
         923   127.0874    
         924   147.7391    
         925   133.4418    
         926   141.9143    
         927   129.7351    
         928   132.9122    
         929   142.9733    
         930   140.8552    
         931   129.2055    
         932   141.9143    
         933   130.7941    
         934   144.5619    
         935   135.0304    
         936   131.8532    
         937   136.0894    
         938   137.6780    
         939   114.9082    
         940   137.6780    
         941   123.9102    
         942   129.2055    
         943   132.9122    
         944   121.2626    
         945   144.5619    
         946   118.0854    
         947   132.3827    
         948   124.9693    
         949   128.1465    
         950   114.3787    
         951   121.7921    
         952   120.2035    
         953   121.2626    
         954   123.9102    
         955   111.7310    
         956   125.4988    
         957   103.2585    
         958   114.3787    
         959   110.6720    
         960   102.7290    
         961   120.2035    
         962   102.7290    
         963   103.7881    
         964   110.1424    
         965   111.2015    
         966   102.1995    
         967   105.3766    
         968   102.1995    
         969   102.7290    
         970   100.6109    
         971   95.84509    
         972   100.0813    
         973   96.90415    
         974   89.49072    
         975   101.6699    
         976   96.90415    
         977   92.66791    
         978   91.07932    
         979   83.66588    
         980   90.54978    
         981   87.90213    
         982   87.90213    
         983   85.25447    
         984   85.25447    
         985   86.84306    
         986   81.01823    
         987   85.25447    
         988   87.37260    
         989   75.72292    
         990   83.66588    
         991   72.54573    
         992   76.25245    
         993   82.07729    
         994   74.13432    
         995   85.25447    
         996   73.60479    
         997   77.84104    
         998   81.01823    
         999   69.36855    
        1000   78.37057    
        1001   68.30949    
        1002   80.48869    
        1003   70.42760    
        1004   74.66386    
        1005   69.36855    
        1006   72.01620    
        1007   70.95714    
        1008   61.95511    
        1009   66.72089    
        1010   74.66386    
        1011   64.60277    
        1012   66.72089    
        1013   61.95511    
        1014   65.66183    
        1015   65.66183    
        1016   57.71887    
        1017   63.54370    
        1018   56.65981    
        1019   56.65981    
        1020   60.89605    
        1021   53.48262    
        1022   56.13028    
        1023   58.77793    
        1024   52.95309    
