 #   Y    A
           1  0.0000000E+00
           2  0.0000000E+00
           3  0.0000000E+00
           4  0.0000000E+00
           5  0.0000000E+00
           6  0.0000000E+00
           7  0.0000000E+00
           8  0.0000000E+00
           9  0.0000000E+00
          10  0.0000000E+00
          11  0.0000000E+00
          12  0.0000000E+00
          13  0.0000000E+00
          14  0.0000000E+00
          15  0.0000000E+00
          16  0.0000000E+00
          17  0.0000000E+00
          18  0.0000000E+00
          19  0.0000000E+00
          20  0.0000000E+00
          21  0.0000000E+00
          22  0.0000000E+00
          23  0.0000000E+00
          24  0.0000000E+00
          25  0.0000000E+00
          26  0.0000000E+00
          27  0.0000000E+00
          28  0.0000000E+00
          29  0.0000000E+00
          30  0.0000000E+00
          31  0.0000000E+00
          32  0.0000000E+00
          33  0.0000000E+00
          34  0.0000000E+00
          35  0.0000000E+00
          36  0.0000000E+00
          37  0.0000000E+00
          38  0.0000000E+00
          39  0.0000000E+00
          40  0.0000000E+00
          41  0.0000000E+00
          42  0.0000000E+00
          43  0.0000000E+00
          44  0.0000000E+00
          45  0.0000000E+00
          46  0.0000000E+00
          47  0.0000000E+00
          48  0.0000000E+00
          49  0.0000000E+00
          50  0.0000000E+00
          51  0.0000000E+00
          52  0.0000000E+00
          53  0.0000000E+00
          54  0.0000000E+00
          55  0.0000000E+00
          56  0.0000000E+00
          57  0.0000000E+00
          58  0.0000000E+00
          59  0.0000000E+00
          60  0.0000000E+00
          61  0.0000000E+00
          62  0.0000000E+00
          63  0.0000000E+00
          64  0.0000000E+00
          65  0.0000000E+00
          66  0.0000000E+00
          67  0.0000000E+00
          68  0.0000000E+00
          69  0.0000000E+00
          70  0.0000000E+00
          71  0.0000000E+00
          72  0.0000000E+00
          73  0.0000000E+00
          74  0.0000000E+00
          75  0.0000000E+00
          76  0.0000000E+00
          77  0.0000000E+00
          78  0.0000000E+00
          79  0.0000000E+00
          80  0.0000000E+00
          81  0.0000000E+00
          82  0.0000000E+00
          83  0.0000000E+00
          84  0.0000000E+00
          85  0.0000000E+00
          86  0.0000000E+00
          87  0.0000000E+00
          88  0.0000000E+00
          89  0.0000000E+00
          90  0.0000000E+00
          91  0.0000000E+00
          92  0.0000000E+00
          93  0.0000000E+00
          94  0.0000000E+00
          95  0.0000000E+00
          96  0.0000000E+00
          97  0.0000000E+00
          98  0.0000000E+00
          99  0.0000000E+00
         100  0.0000000E+00
         101  0.0000000E+00
         102  0.0000000E+00
         103  0.0000000E+00
         104  0.0000000E+00
         105  0.0000000E+00
         106  0.0000000E+00
         107  0.0000000E+00
         108  0.0000000E+00
         109  0.0000000E+00
         110  0.0000000E+00
         111  0.0000000E+00
         112  0.0000000E+00
         113  0.0000000E+00
         114  0.0000000E+00
         115  0.0000000E+00
         116  0.0000000E+00
         117  0.0000000E+00
         118  0.0000000E+00
         119  0.0000000E+00
         120  0.0000000E+00
         121  0.0000000E+00
         122  0.0000000E+00
         123  0.0000000E+00
         124  0.0000000E+00
         125  0.0000000E+00
         126  0.0000000E+00
         127  0.0000000E+00
         128  0.0000000E+00
         129  0.0000000E+00
         130  0.0000000E+00
         131  0.0000000E+00
         132  0.0000000E+00
         133  0.0000000E+00
         134  0.0000000E+00
         135  0.0000000E+00
         136  0.0000000E+00
         137  0.0000000E+00
         138  0.0000000E+00
         139  0.0000000E+00
         140  0.0000000E+00
         141  0.0000000E+00
         142  0.0000000E+00
         143  0.0000000E+00
         144  0.0000000E+00
         145  0.0000000E+00
         146  0.0000000E+00
         147  0.0000000E+00
         148  0.0000000E+00
         149  0.0000000E+00
         150  0.0000000E+00
         151  0.0000000E+00
         152  0.0000000E+00
         153  0.0000000E+00
         154  0.0000000E+00
         155  0.0000000E+00
         156  0.0000000E+00
         157  0.0000000E+00
         158  0.0000000E+00
         159  0.0000000E+00
         160  0.0000000E+00
         161  0.0000000E+00
         162  0.0000000E+00
         163  0.0000000E+00
         164  0.0000000E+00
         165  0.0000000E+00
         166  0.0000000E+00
         167  0.0000000E+00
         168  0.0000000E+00
         169  0.0000000E+00
         170  0.0000000E+00
         171  0.0000000E+00
         172  0.0000000E+00
         173  0.0000000E+00
         174  0.0000000E+00
         175  0.0000000E+00
         176  0.0000000E+00
         177  0.0000000E+00
         178  0.0000000E+00
         179  0.0000000E+00
         180  0.0000000E+00
         181  0.0000000E+00
         182  0.0000000E+00
         183  0.0000000E+00
         184  0.0000000E+00
         185  0.0000000E+00
         186  0.0000000E+00
         187  0.0000000E+00
         188  0.0000000E+00
         189  0.0000000E+00
         190  0.0000000E+00
         191  0.0000000E+00
         192  0.0000000E+00
         193  0.0000000E+00
         194  0.0000000E+00
         195  0.0000000E+00
         196  0.0000000E+00
         197  0.0000000E+00
         198  0.0000000E+00
         199  0.0000000E+00
         200  0.0000000E+00
         201  0.0000000E+00
         202  0.0000000E+00
         203  0.0000000E+00
         204  0.0000000E+00
         205  0.0000000E+00
         206  0.0000000E+00
         207  0.0000000E+00
         208  0.0000000E+00
         209  0.0000000E+00
         210  0.0000000E+00
         211  0.0000000E+00
         212  0.0000000E+00
         213  0.0000000E+00
         214  0.0000000E+00
         215  0.0000000E+00
         216  0.0000000E+00
         217  0.0000000E+00
         218  0.0000000E+00
         219  0.0000000E+00
         220  0.0000000E+00
         221  0.0000000E+00
         222  0.0000000E+00
         223  0.0000000E+00
         224   1.588593    
         225   4.236247    
         226   11.12015    
         227   15.88593    
         228   15.35640    
         229   17.47452    
         230   17.47452    
         231   20.12217    
         232   21.71077    
         233   19.06311    
         234   25.41748    
         235   18.00405    
         236   21.18124    
         237   13.23827    
         238   21.71077    
         239   18.53358    
         240   15.35640    
         241   28.06514    
         242   31.24232    
         243   24.35842    
         244   19.06311    
         245   21.18124    
         246   20.12217    
         247   15.35640    
         248   25.41748    
         249   20.12217    
         250   22.76983    
         251   22.24030    
         252   28.59467    
         253   23.29936    
         254   22.76983    
         255   22.76983    
         256   23.29936    
         257   22.24030    
         258   21.18124    
         259   29.65373    
         260   26.47654    
         261   27.00607    
         262   25.94701    
         263   22.24030    
         264   22.76983    
         265   21.71077    
         266   34.41951    
         267   31.24232    
         268   25.94701    
         269   25.41748    
         270   29.65373    
         271   27.53561    
         272   28.59467    
         273   25.41748    
         274   23.29936    
         275   24.88795    
         276   28.06514    
         277   25.41748    
         278   34.41951    
         279   31.77185    
         280   30.71279    
         281   31.77185    
         282   30.71279    
         283   32.83091    
         284   30.71279    
         285   28.06514    
         286   34.94904    
         287   32.83091    
         288   39.71482    
         289   29.65373    
         290   40.77388    
         291   40.24435    
         292   32.30138    
         293   38.65575    
         294   33.88998    
         295   34.94904    
         296   34.41951    
         297   32.30138    
         298   31.24232    
         299   53.48262    
         300   39.71482    
         301   39.18529    
         302   34.94904    
         303   34.94904    
         304   47.12825    
         305   57.18933    
         306   46.59872    
         307   53.48262    
         308   52.42356    
         309   39.18528    
         310   48.18731    
         311   48.71684    
         312   43.95107    
         313   58.77793    
         314   51.36449    
         315   68.30949    
         316   59.83699    
         317   59.83699    
         318   52.42356    
         319   70.42760    
         320   82.60682    
         321   66.19136    
         322   78.90010    
         323   84.72495    
         324   77.31151    
         325   94.25650    
         326   98.49274    
         327   102.1995    
         328   109.0834    
         329   119.1444    
         330   108.5538    
         331   131.3237    
         332   132.3827    
         333   148.2686    
         334   145.6210    
         335   156.7411    
         336   157.8002    
         337   178.9814    
         338   187.9835    
         339   199.1036    
         340   182.1586    
         341   212.3419    
         342   184.8063    
         343   189.0425    
         344   194.8674    
         345   192.2197    
         346   207.0466    
         347   194.8674    
         348   204.3989    
         349   213.4009    
         350   188.5130    
         351   184.2767    
         352   200.1627    
         353   198.5741    
         354   197.5150    
         355   196.9855    
         356   203.3399    
         357   193.8083    
         358   210.2238    
         359   201.7513    
         360   207.5761    
         361   205.4580    
         362   204.3989    
         363   211.8123    
         364   220.2849    
         365   210.2238    
         366   228.2278    
         367   217.1077    
         368   239.3480    
         369   248.8795    
         370   250.9976    
         371   255.7634    
         372   265.8245    
         373   274.2970    
         374   284.8876    
         375   290.7125    
         376   294.4192    
         377   310.3051    
         378   302.3621    
         379   312.4232    
         380   314.5414    
         381   323.5434    
         382   337.8407    
         383   330.4273    
         384   339.4293    
         385   366.9649    
         386   356.9038    
         387   355.3152    
         388   364.8468    
         389   387.6166    
         390   350.0199    
         391   386.5576    
         392   353.1971    
         393   377.5555    
         394   372.7897    
         395   387.6166    
         396   368.5535    
         397   386.5576    
         398   408.2683    
         399   384.4394    
         400   405.0911    
         401   403.5025    
         402   428.9200    
         403   407.2093    
         404   431.0381    
         405   424.6838    
         406   438.4516    
         407   440.5697    
         408   444.8059    
         409   443.7469    
         410   460.1623    
         411   458.5738    
         412   469.6939    
         413   451.1603    
         414   477.6368    
         415   462.2805    
         416   463.8690    
         417   468.1053    
         418   470.2234    
         419   488.2275    
         420   470.2234    
         421   471.2825    
         422   479.2254    
         423   489.8161    
         424   481.8731    
         425   461.2214    
         426   477.1073    
         427   467.0462    
         428   476.0482    
         429   475.5187    
         430   482.4026    
         431   477.6368    
         432   499.3476    
         433   488.7570    
         434   480.8140    
         435   508.3496    
         436   515.2335    
         437   485.0503    
         438   491.4047    
         439   496.1704    
         440   481.8731    
         441   532.1785    
         442   508.8792    
         443   526.8832    
         444   553.3597    
         445   509.4087    
         446   541.7101    
         447   529.5309    
         448   536.4148    
         449   559.7141    
         450   562.8914    
         451   551.2416    
         452   581.4249    
         453   571.8934    
         454   617.4330    
         455   611.6082    
         456   621.1397    
         457   613.1968    
         458   638.0847    
         459   641.7914    
         460   666.6794    
         461   643.3800    
         462   686.8016    
         463   697.3922    
         464   731.8117    
         465   719.6324    
         466   745.5795    
         467   734.9889    
         468   713.8076    
         469   748.2272    
         470   719.1030    
         471   747.1681    
         472   749.8157    
         473   756.1701    
         474   733.9298    
         475   761.4654    
         476   761.4654    
         477   727.5754    
         478   785.2943    
         479   733.9298    
         480   759.3473    
         481   731.8117    
         482   786.3533    
         483   777.3513    
         484   742.9318    
         485   729.6935    
         486   801.1802    
         487   792.1782    
         488   774.7037    
         489   815.4775    
         490   812.8299    
         491   801.1802    
         492   821.3024    
         493   809.6527    
         494   911.3226    
         495   848.8380    
         496   821.3024    
         497   899.6730    
         498   912.9113    
         499   893.8481    
         500   902.3206    
         501   874.7850    
         502   954.2147    
         503   876.3736    
         504   1002.402    
         505   930.9153    
         506   920.3246    
         507   929.3267    
         508   936.7401    
         509   927.7381    
         510   983.3389    
         511   991.8113    
         512   993.3999    
         513   1008.756    
         514   984.9274    
         515   965.3348    
         516   1119.428    
         517   1019.347    
         518   973.2778    
         519   1105.661    
         520   1051.648    
         521   1068.064    
         522   1087.127    
         523   1097.188    
         524   1070.182    
         525   1087.127    
         526   1095.599    
         527   1116.781    
         528   1097.188    
         529   1137.432    
         530   1089.775    
         531   1116.781    
         532   1122.076    
         533   1104.601    
         534   1101.954    
         535   1067.005    
         536   1078.125    
         537   1078.654    
         538   1069.652    
         539   1095.070    
         540   1059.591    
         541   1047.412    
         542   1082.361    
         543   1058.003    
         544   1043.705    
         545   1052.178    
         546   1062.768    
         547   1034.703    
         548   1033.644    
         549   1055.885    
         550   1056.944    
         551   1084.479    
         552   1047.412    
         553   1101.954    
         554   1067.005    
         555   1097.188    
         556   1118.899    
         557   1140.609    
         558   1131.608    
         559   1121.017    
         560   1163.379    
         561   1147.493    
         562   1134.785    
         563   1166.027    
         564   1154.377    
         565   1187.208    
         566   1167.616    
         567   1179.265    
         568   1206.271    
         569   1173.970    
         570   1209.448    
         571   1190.915    
         572   1176.618    
         573   1197.799    
         574   1166.027    
         575   1196.740    
         576   1199.387    
         577   1196.210    
         578   1193.033    
         579   1178.206    
         580   1189.856    
         581   1222.687    
         582   1154.377    
         583   1189.856    
         584   1163.379    
         585   1189.326    
         586   1178.736    
         587   1176.618    
         588   1162.320    
         589   1166.557    
         590   1149.082    
         591   1165.497    
         592   1141.139    
         593   1177.677    
         594   1176.088    
         595   1168.145    
         596   1160.732    
         597   1185.620    
         598   1149.612    
         599   1132.137    
         600   1172.911    
         601   1145.375    
         602   1142.198    
         603   1137.962    
         604   1180.324    
         605   1140.609    
         606   1171.322    
         607   1158.614    
         608   1142.198    
         609   1147.493    
         610   1162.850    
         611   1145.905    
         612   1144.846    
         613   1139.550    
         614   1115.722    
         615   1134.255    
         616   1132.137    
         617   1105.661    
         618   1127.901    
         619   1157.555    
         620   1126.842    
         621   1123.135    
         622   1144.316    
         623   1112.015    
         624   1194.622    
         625   1110.956    
         626   1166.027    
         627   1186.679    
         628   1198.858    
         629   1180.854    
         630   1181.913    
         631   1238.573    
         632   1224.275    
         633   1265.579    
         634   1236.455    
         635   1288.349    
         636   1278.288    
         637   1323.827    
         638   1414.906    
         639   1428.674    
         640   1447.737    
         641   1502.809    
         642   1527.167    
         643   1655.843    
         644   1733.155    
         645   1866.067    
         646   1928.552    
         647   2051.932    
         648   2278.571    
         649   2427.899    
         650   2578.286    
         651   2924.070    
         652   3323.336    
         653   3520.851    
         654   3655.352    
         655   3501.258    
         656   2839.874    
         657   2574.050    
         658   2328.877    
         659   2091.117    
         660   1840.120    
         661   1696.617    
         662   1543.583    
         663   1436.617    
         664   1289.408    
         665   1189.856    
         666   1103.013    
         667   1067.005    
         668   995.5181    
         669   942.0355    
         670   925.6200    
         671   890.1414    
         672   828.7158    
         673   830.3044    
         674   850.4266    
         675   800.6507    
         676   763.0540    
         677   766.7607    
         678   757.7587    
         679   729.1640    
         680   739.7546    
         681   690.5082    
         682   699.5103    
         683   693.1559    
         684   685.2130    
         685   657.1478    
         686   630.6713    
         687   652.3821    
         688   642.8505    
         689   632.2599    
         690   617.9625    
         691   590.4269    
         692   587.2498    
         693   594.6632    
         694   568.7162    
         695   572.9524    
         696   577.7182    
         697   559.1846    
         698   558.6551    
         699   557.0665    
         700   526.8832    
         701   533.7672    
         702   535.3557    
         703   532.7081    
         704   515.7631    
         705   506.2315    
         706   496.1704    
         707   489.2865    
         708   496.7000    
         709   471.2825    
         710   462.8100    
         711   447.9831    
         712   467.5758    
         713   432.6267    
         714   460.6919    
         715   451.6898    
         716   414.6227    
         717   418.8589    
         718   416.2113    
         719   395.0300    
         720   397.6777    
         721   398.7368    
         722   384.9690    
         723   375.9669    
         724   382.8508    
         725   359.5515    
         726   336.7816    
         727   345.7837    
         728   333.6045    
         729   345.7837    
         730   306.5984    
         731   336.7816    
         732   287.5353    
         733   297.0668    
         734   282.2400    
         735   292.8306    
         736   283.2990    
         737   272.7084    
         738   278.0037    
         739   264.7654    
         740   264.2359    
         741   255.2339    
         742   247.2909    
         743   258.9406    
         744   247.2909    
         745   241.9956    
         746   258.9406    
         747   241.9956    
         748   236.1708    
         749   248.3500    
         750   241.4661    
         751   234.5822    
         752   233.5231    
         753   226.1097    
         754   230.8755    
         755   227.1687    
         756   223.9916    
         757   223.4620    
         758   219.2258    
         759   226.1097    
         760   214.9895    
         761   217.6372    
         762   212.8714    
         763   207.0466    
         764   227.1687    
         765   203.3399    
         766   200.1627    
         767   208.6352    
         768   204.3989    
         769   203.3399    
         770   200.6922    
         771   194.3378    
         772   208.1056    
         773   190.6311    
         774   188.5130    
         775   199.1036    
         776   200.6922    
         777   195.3969    
         778   189.5721    
         779   200.1627    
         780   187.4539    
         781   185.3358    
         782   199.6331    
         783   178.4519    
         784   184.8063    
         785   190.6311    
         786   185.8653    
         787   177.3929    
         788   192.2197    
         789   179.5110    
         790   166.8022    
         791   195.9264    
         792   160.9774    
         793   169.9794    
         794   181.6291    
         795   173.6861    
         796   180.0405    
         797   160.4479    
         798   173.6861    
         799   166.2727    
         800   175.2747    
         801   162.5660    
         802   158.8593    
         803   171.0385    
         804   150.9163    
         805   172.0975    
         806   168.3908    
         807   151.9754    
         808   164.6841    
         809   160.4479    
         810   159.9183    
         811   150.9163    
         812   164.1546    
         813   161.5069    
         814   153.5639    
         815   165.7432    
         816   146.1505    
         817   155.6821    
         818   156.7411    
         819   150.3868    
         820   149.3277    
         821   155.1525    
         822   163.0955    
         823   152.5049    
         824   147.2096    
         825   152.5049    
         826   153.5639    
         827   146.6801    
         828   155.6821    
         829   154.6230    
         830   155.6821    
         831   144.0324    
         832   167.8613    
         833   150.9163    
         834   164.1546    
         835   142.4438    
         836   169.9794    
         837   154.0935    
         838   152.5049    
         839   156.2116    
         840   159.3888    
         841   153.0344    
         842   165.2136    
         843   160.9774    
         844   162.5660    
         845   164.6841    
         846   171.0385    
         847   164.6841    
         848   154.6230    
         849   179.5110    
         850   163.6250    
         851   169.4499    
         852   165.2136    
         853   166.8022    
         854   173.1566    
         855   165.7432    
         856   164.6841    
         857   163.6250    
         858   173.1566    
         859   158.3297    
         860   152.5049    
         861   170.5089    
         862   172.0975    
         863   163.6250    
         864   154.6230    
         865   169.4499    
         866   154.6230    
         867   172.0975    
         868   161.5069    
         869   142.4438    
         870   170.5089    
         871   158.8593    
         872   149.3277    
         873   159.3888    
         874   162.5660    
         875   145.0915    
         876   148.7982    
         877   150.9163    
         878   144.5619    
         879   152.5049    
         880   149.3277    
         881   136.0894    
         882   154.0935    
         883   133.4418    
         884   133.4418    
         885   134.5008    
         886   147.2096    
         887   138.2076    
         888   130.2646    
         889   132.9122    
         890   125.4988    
         891   126.0284    
         892   139.2666    
         893   122.8512    
         894   118.0854    
         895   128.1465    
         896   114.3787    
         897   122.8512    
         898   123.9102    
         899   119.1444    
         900   110.1424    
         901   110.6720    
         902   117.0263    
         903   112.2606    
         904   100.0813    
         905   100.0813    
         906   109.0834    
         907   106.9652    
         908   93.72697    
         909   104.3176    
         910   101.1404    
         911   93.19743    
         912   83.13635    
         913   71.48667    
         914   59.30746    
         915   59.30746    
         916   73.07526    
         917   61.95511    
         918   54.54168    
         919   52.95309    
         920   59.83699    
         921   55.07121    
         922   58.24840    
         923   51.89403    
         924   50.30544    
         925   56.13027    
         926   43.95107    
         927   48.18731    
         928   52.95309    
         929   51.36449    
         930   43.42153    
         931   45.01012    
         932   51.36449    
         933   47.12825    
         934   49.77590    
         935   51.89403    
         936   43.42153    
         937   52.42356    
         938   43.95107    
         939   54.01215    
         940   45.01012    
         941   39.71482    
         942   50.30544    
         943   45.01012    
         944   47.12825    
         945   49.77590    
         946   41.83294    
         947   50.30544    
         948   47.65778    
         949   49.24637    
         950   46.06919    
         951   54.01215    
         952   54.54168    
         953   77.84104    
         954   96.37462    
         955   7.413432    
         956  0.0000000E+00
         957  0.0000000E+00
         958  0.0000000E+00
         959  0.0000000E+00
         960  0.0000000E+00
         961  0.0000000E+00
         962  0.0000000E+00
         963  0.0000000E+00
         964  0.0000000E+00
         965  0.0000000E+00
         966  0.0000000E+00
         967  0.0000000E+00
         968  0.0000000E+00
         969  0.0000000E+00
         970  0.0000000E+00
         971  0.0000000E+00
         972  0.0000000E+00
         973  0.0000000E+00
         974  0.0000000E+00
         975  0.0000000E+00
         976  0.0000000E+00
         977  0.0000000E+00
         978  0.0000000E+00
         979  0.0000000E+00
         980  0.0000000E+00
         981  0.0000000E+00
         982  0.0000000E+00
         983  0.0000000E+00
         984  0.0000000E+00
         985  0.0000000E+00
         986  0.0000000E+00
         987  0.0000000E+00
         988  0.0000000E+00
         989  0.0000000E+00
         990  0.0000000E+00
         991  0.0000000E+00
         992  0.0000000E+00
         993  0.0000000E+00
         994  0.0000000E+00
         995  0.0000000E+00
         996  0.0000000E+00
         997  0.0000000E+00
         998  0.0000000E+00
         999  0.0000000E+00
        1000  0.0000000E+00
        1001  0.0000000E+00
        1002  0.0000000E+00
        1003  0.0000000E+00
        1004  0.0000000E+00
        1005  0.0000000E+00
        1006  0.0000000E+00
        1007  0.0000000E+00
        1008  0.0000000E+00
        1009  0.0000000E+00
        1010  0.0000000E+00
        1011  0.0000000E+00
        1012  0.0000000E+00
        1013  0.0000000E+00
        1014  0.0000000E+00
        1015  0.0000000E+00
        1016  0.0000000E+00
        1017  0.0000000E+00
        1018  0.0000000E+00
        1019  0.0000000E+00
        1020  0.0000000E+00
        1021  0.0000000E+00
        1022  0.0000000E+00
        1023  0.0000000E+00
        1024  0.0000000E+00
