 #   Y    A
           1   4771.073    
           2  0.0000000E+00
           3  0.0000000E+00
           4  0.0000000E+00
           5  0.0000000E+00
           6  0.0000000E+00
           7  0.0000000E+00
           8  0.0000000E+00
           9  0.0000000E+00
          10  0.0000000E+00
          11  0.0000000E+00
          12  0.0000000E+00
          13  0.0000000E+00
          14  0.0000000E+00
          15  0.0000000E+00
          16  0.0000000E+00
          17  0.0000000E+00
          18  0.0000000E+00
          19  0.0000000E+00
          20  0.0000000E+00
          21  0.0000000E+00
          22  0.0000000E+00
          23  0.0000000E+00
          24  0.0000000E+00
          25  0.0000000E+00
          26  0.0000000E+00
          27  0.0000000E+00
          28  0.0000000E+00
          29  0.0000000E+00
          30  0.0000000E+00
          31  0.0000000E+00
          32  0.0000000E+00
          33  0.0000000E+00
          34  0.0000000E+00
          35  0.0000000E+00
          36  0.0000000E+00
          37  0.0000000E+00
          38  0.0000000E+00
          39  0.0000000E+00
          40  0.0000000E+00
          41  0.0000000E+00
          42  0.0000000E+00
          43  0.0000000E+00
          44  0.0000000E+00
          45  0.0000000E+00
          46  0.0000000E+00
          47  0.0000000E+00
          48  0.0000000E+00
          49  0.0000000E+00
          50  0.0000000E+00
          51  0.0000000E+00
          52  0.0000000E+00
          53  0.0000000E+00
          54  0.0000000E+00
          55  0.0000000E+00
          56  0.0000000E+00
          57  0.0000000E+00
          58  0.0000000E+00
          59  0.0000000E+00
          60  0.0000000E+00
          61  0.0000000E+00
          62  0.0000000E+00
          63  0.0000000E+00
          64  0.0000000E+00
          65  0.0000000E+00
          66  0.0000000E+00
          67  0.0000000E+00
          68  0.0000000E+00
          69  0.0000000E+00
          70  0.0000000E+00
          71  0.0000000E+00
          72  0.0000000E+00
          73  0.0000000E+00
          74  0.0000000E+00
          75  0.0000000E+00
          76  0.0000000E+00
          77  0.0000000E+00
          78  0.0000000E+00
          79  0.0000000E+00
          80  0.0000000E+00
          81  0.0000000E+00
          82  0.0000000E+00
          83  0.0000000E+00
          84  0.0000000E+00
          85  0.0000000E+00
          86  0.0000000E+00
          87  0.0000000E+00
          88  0.0000000E+00
          89  0.0000000E+00
          90  0.0000000E+00
          91  0.0000000E+00
          92  0.0000000E+00
          93  0.0000000E+00
          94  0.0000000E+00
          95  0.0000000E+00
          96  0.0000000E+00
          97  0.0000000E+00
          98  0.0000000E+00
          99  0.0000000E+00
         100  0.0000000E+00
         101  0.0000000E+00
         102  0.0000000E+00
         103  0.0000000E+00
         104  0.0000000E+00
         105  0.0000000E+00
         106  0.0000000E+00
         107  0.0000000E+00
         108  0.0000000E+00
         109  0.0000000E+00
         110  0.0000000E+00
         111  0.0000000E+00
         112  0.0000000E+00
         113  0.0000000E+00
         114  0.0000000E+00
         115  0.0000000E+00
         116  0.0000000E+00
         117  0.0000000E+00
         118  0.0000000E+00
         119  0.0000000E+00
         120  0.0000000E+00
         121  0.0000000E+00
         122  0.0000000E+00
         123  0.0000000E+00
         124  0.0000000E+00
         125  0.0000000E+00
         126  0.0000000E+00
         127  0.0000000E+00
         128  0.0000000E+00
         129  0.0000000E+00
         130  0.0000000E+00
         131  0.0000000E+00
         132  0.0000000E+00
         133  0.0000000E+00
         134  0.0000000E+00
         135  0.0000000E+00
         136  0.0000000E+00
         137  0.0000000E+00
         138  0.0000000E+00
         139  0.0000000E+00
         140  0.0000000E+00
         141  0.0000000E+00
         142  0.0000000E+00
         143  0.0000000E+00
         144  0.0000000E+00
         145  0.0000000E+00
         146  0.0000000E+00
         147  0.0000000E+00
         148  0.0000000E+00
         149  0.0000000E+00
         150  0.0000000E+00
         151  0.5295309    
         152   2.118124    
         153   5.824840    
         154   11.12015    
         155   15.35640    
         156   13.23827    
         157   16.41546    
         158   16.94499    
         159   14.29733    
         160   19.59264    
         161   19.59264    
         162   15.88593    
         163   21.71077    
         164   14.82686    
         165   19.06311    
         166   17.47452    
         167   10.06109    
         168   19.06311    
         169   16.94499    
         170   11.64968    
         171   18.53358    
         172   24.88795    
         173   25.94701    
         174   19.06311    
         175   14.82686    
         176   18.00405    
         177   19.06311    
         178   13.76780    
         179   18.53358    
         180   22.24030    
         181   19.06311    
         182   17.47452    
         183   24.35842    
         184   21.71077    
         185   23.82889    
         186   14.82686    
         187   23.29936    
         188   22.76983    
         189   19.06311    
         190   18.53358    
         191   22.24030    
         192   24.35842    
         193   23.29936    
         194   24.35842    
         195   23.29936    
         196   22.24030    
         197   22.24030    
         198   20.12217    
         199   20.12217    
         200   22.76983    
         201   31.24232    
         202   26.47654    
         203   21.71077    
         204   26.47654    
         205   22.76983    
         206   30.18326    
         207   23.29936    
         208   29.12420    
         209   21.18124    
         210   24.88795    
         211   25.41748    
         212   25.94701    
         213   27.53561    
         214   29.65373    
         215   31.24232    
         216   24.88795    
         217   29.12420    
         218   30.71279    
         219   32.30138    
         220   30.18326    
         221   27.53561    
         222   32.30138    
         223   32.83091    
         224   39.18528    
         225   30.18326    
         226   31.77185    
         227   40.24435    
         228   32.30138    
         229   42.89200    
         230   32.30138    
         231   32.30138    
         232   32.83091    
         233   41.83294    
         234   31.24232    
         235   40.24435    
         236   48.18731    
         237   34.41951    
         238   41.30341    
         239   41.83294    
         240   57.71887    
         241   46.06919    
         242   47.12825    
         243   58.24840    
         244   56.13028    
         245   47.12825    
         246   52.42356    
         247   65.66183    
         248   62.48465    
         249   59.30746    
         250   81.54776    
         251   70.95714    
         252   67.77995    
         253   87.90213    
         254   82.60682    
         255   94.25650    
         256   91.07932    
         257   119.1444    
         258   108.0243    
         259   120.2035    
         260   151.4458    
         261   122.3216    
         262   145.0915    
         263   135.0304    
         264   166.2727    
         265   151.9754    
         266   151.9754    
         267   154.6230    
         268   165.7432    
         269   148.7982    
         270   153.5640    
         271   170.5089    
         272   148.7982    
         273   160.9774    
         274   148.2686    
         275   139.2666    
         276   142.9733    
         277   141.3848    
         278   136.0894    
         279   137.6780    
         280   132.3827    
         281   134.5008    
         282   138.7371    
         283   136.6190    
         284   139.7962    
         285   128.6760    
         286   127.0874    
         287   140.3257    
         288   128.6760    
         289   142.9733    
         290   139.2666    
         291   129.2055    
         292   132.9122    
         293   156.7411    
         294   128.1465    
         295   156.2116    
         296   131.8532    
         297   147.7391    
         298   139.2666    
         299   154.6230    
         300   149.3277    
         301   145.6210    
         302   153.5639    
         303   145.0915    
         304   160.4479    
         305   150.9163    
         306   166.8022    
         307   167.8613    
         308   154.0935    
         309   174.2157    
         310   173.1566    
         311   178.4519    
         312   172.6271    
         313   185.3358    
         314   193.8083    
         315   186.3949    
         316   202.2808    
         317   191.1606    
         318   194.3378    
         319   205.4580    
         320   188.5130    
         321   211.2828    
         322   205.4580    
         323   204.9285    
         324   216.5781    
         325   216.0486    
         326   210.2238    
         327   209.6942    
         328   227.1687    
         329   220.2849    
         330   220.2849    
         331   212.3419    
         332   223.9916    
         333   210.2238    
         334   222.4030    
         335   228.7573    
         336   208.6352    
         337   205.9875    
         338   208.6352    
         339   207.0466    
         340   188.5130    
         341   209.6942    
         342   199.1036    
         343   193.8083    
         344   199.6331    
         345   190.6311    
         346   196.4560    
         347   194.3378    
         348   195.3969    
         349   186.9244    
         350   193.8083    
         351   201.7513    
         352   168.9203    
         353   217.6372    
         354   178.9814    
         355   196.9855    
         356   185.8653    
         357   194.8674    
         358   198.0446    
         359   176.8633    
         360   203.3399    
         361   190.1016    
         362   190.1016    
         363   198.0446    
         364   189.0425    
         365   195.9264    
         366   199.1036    
         367   212.3419    
         368   197.5150    
         369   208.1056    
         370   191.1606    
         371   213.9305    
         372   200.6922    
         373   205.9875    
         374   201.2217    
         375   202.8103    
         376   203.3399    
         377   213.4009    
         378   205.4580    
         379   208.6352    
         380   208.1056    
         381   213.9305    
         382   198.5741    
         383   210.2238    
         384   202.8103    
         385   209.6942    
         386   216.0486    
         387   222.4030    
         388   214.9895    
         389   211.8123    
         390   217.1077    
         391   218.1667    
         392   218.6963    
         393   225.5802    
         394   221.3439    
         395   228.7573    
         396   225.5802    
         397   230.3459    
         398   239.8775    
         399   234.5822    
         400   247.2909    
         401   216.5781    
         402   246.2319    
         403   236.7003    
         404   241.4661    
         405   255.7634    
         406   243.0547    
         407   259.4701    
         408   257.3520    
         409   256.8225    
         410   252.0567    
         411   271.6494    
         412   272.7084    
         413   270.0608    
         414   276.9446    
         415   272.1789    
         416   300.2440    
         417   282.7695    
         418   318.2480    
         419   307.6574    
         420   299.7145    
         421   310.8346    
         422   297.5963    
         423   302.3621    
         424   322.4843    
         425   327.2501    
         426   342.6065    
         427   330.9568    
         428   343.6656    
         429   342.0770    
         430   359.0219    
         431   338.3702    
         432   378.6146    
         433   372.7897    
         434   377.0260    
         435   376.4965    
         436   372.7897    
         437   382.8508    
         438   380.7327    
         439   389.2052    
         440   383.9099    
         441   398.2072    
         442   399.2663    
         443   384.4394    
         444   408.2683    
         445   377.5555    
         446   388.1461    
         447   389.7347    
         448   395.5596    
         449   389.2052    
         450   399.2663    
         451   432.6267    
         452   422.0361    
         453   404.0321    
         454   413.0341    
         455   402.9730    
         456   426.2724    
         457   441.6288    
         458   431.0381    
         459   446.9241    
         460   441.0992    
         461   451.6898    
         462   478.1664    
         463   461.7509    
         464   497.7590    
         465   476.5778    
         466   512.0563    
         467   481.3436    
         468   487.6979    
         469   497.7590    
         470   505.1725    
         471   532.1785    
         472   516.2926    
         473   530.5900    
         474   543.2987    
         475   547.0054    
         476   519.9993    
         477   571.8934    
         478   532.7081    
         479   563.4208    
         480   607.3719    
         481   556.0074    
         482   563.4208    
         483   597.8404    
         484   555.4779    
         485   556.5370    
         486   576.1296    
         487   585.1316    
         488   574.0115    
         489   621.6693    
         490   590.4269    
         491   581.4249    
         492   612.6672    
         493   622.7283    
         494   588.3088    
         495   606.8424    
         496   658.2069    
         497   596.2518    
         498   671.9747    
         499   639.6733    
         500   667.7385    
         501   660.8546    
         502   668.2679    
         503   657.6774    
         504   661.9136    
         505   623.7874    
         506   680.9767    
         507   675.1519    
         508   670.3861    
         509   666.1498    
         510   655.5592    
         511   702.6875    
         512   608.4310    
         513   706.9237    
         514   674.6224    
         515   675.6814    
         516   662.9727    
         517   704.8056    
         518   676.2109    
         519   645.4982    
         520   702.1580    
         521   683.0948    
         522   665.0908    
         523   695.2740    
         524   702.6875    
         525   665.0908    
         526   680.4472    
         527   710.1009    
         528   695.8036    
         529   679.9177    
         530   678.8586    
         531   691.0378    
         532   719.6324    
         533   733.4003    
         534   666.1498    
         535   715.9258    
         536   691.0378    
         537   727.0459    
         538   733.4003    
         539   702.1580    
         540   722.2801    
         541   737.1070    
         542   727.0459    
         543   732.3412    
         544   775.2332    
         545   772.0560    
         546   757.7587    
         547   763.0540    
         548   752.4634    
         549   775.7628    
         550   789.0010    
         551   777.8809    
         552   784.7648    
         553   827.6568    
         554   813.3594    
         555   845.6608    
         556   847.2494    
         557   818.1252    
         558   822.3615    
         559   844.0722    
         560   862.0763    
         561   821.3024    
         562   851.4857    
         563   825.5386    
         564   837.1884    
         565   830.8340    
         566   849.8971    
         567   859.9581    
         568   814.4185    
         569   848.3085    
         570   857.8400    
         571   825.5386    
         572   813.3594    
         573   831.8930    
         574   823.9501    
         575   835.0702    
         576   834.5406    
         577   837.7178    
         578   808.5936    
         579   830.8339    
         580   843.0132    
         581   846.7198    
         582   832.4225    
         583   853.0742    
         584   800.1212    
         585   826.5977    
         586   824.4796    
         587   850.9561    
         588   796.9440    
         589   832.9521    
         590   822.3615    
         591   806.4755    
         592   840.8950    
         593   778.9399    
         594   807.0051    
         595   810.1823    
         596   826.5977    
         597   834.0111    
         598   837.7178    
         599   829.7749    
         600   843.5427    
         601   817.0662    
         602   826.5977    
         603   840.8950    
         604   812.3004    
         605   823.4205    
         606   825.0091    
         607   803.2983    
         608   843.0132    
         609   814.4185    
         610   832.9521    
         611   811.2413    
         612   814.9481    
         613   812.8299    
         614   826.5977    
         615   797.4735    
         616   807.0051    
         617   830.8340    
         618   810.1823    
         619   825.0091    
         620   821.3024    
         621   786.8829    
         622   847.7789    
         623   792.7078    
         624   836.6588    
         625   810.7118    
         626   807.0051    
         627   799.0621    
         628   825.5386    
         629   800.6507    
         630   831.8930    
         631   802.2393    
         632   805.4165    
         633   816.0071    
         634   816.0071    
         635   813.3594    
         636   787.4124    
         637   797.4735    
         638   791.6487    
         639   817.0662    
         640   786.3534    
         641   792.7078    
         642   814.9480    
         643   789.0010    
         644   751.9338    
         645   808.0641    
         646   775.2332    
         647   783.1762    
         648   785.8239    
         649   774.7037    
         650   776.8218    
         651   755.6406    
         652   778.4104    
         653   761.9949    
         654   767.2902    
         655   763.0540    
         656   751.4043    
         657   738.1661    
         658   742.4023    
         659   739.2251    
         660   750.3453    
         661   716.9848    
         662   743.4614    
         663   728.6345    
         664   709.0419    
         665   734.4594    
         666   722.8096    
         667   725.4573    
         668   733.4003    
         669   711.6895    
         670   706.3942    
         671   727.0459    
         672   688.3901    
         673   737.6365    
         674   697.3922    
         675   720.6915    
         676   714.8667    
         677   698.9808    
         678   710.6304    
         679   701.6284    
         680   710.6304    
         681   713.8076    
         682   706.9237    
         683   697.3922    
         684   710.1009    
         685   702.6875    
         686   687.3311    
         687   701.0989    
         688   703.2170    
         689   668.2680    
         690   704.8056    
         691   697.3922    
         692   691.0378    
         693   697.3922    
         694   689.9788    
         695   696.3331    
         696   702.6875    
         697   704.8056    
         698   692.0969    
         699   696.8627    
         700   716.4553    
         701   716.9848    
         702   695.2740    
         703   728.6345    
         704   742.9318    
         705   720.6915    
         706   725.9868    
         707   751.9338    
         708   741.3433    
         709   752.9929    
         710   753.5225    
         711   767.2902    
         712   752.9929    
         713   785.2943    
         714   796.9440    
         715   792.7078    
         716   832.9521    
         717   828.7158    
         718   852.5447    
         719   876.9031    
         720   845.6608    
         721   927.7381    
         722   905.4978    
         723   969.0415    
         724   947.8603    
         725   999.2248    
         726   1074.418    
         727   1117.840    
         728   1118.369    
         729   1222.157    
         730   1233.807    
         731   1317.473    
         732   1392.137    
         733   1490.100    
         734   1651.077    
         735   1756.454    
         736   2156.250    
         737   2520.037    
         738   2564.518    
         739   2203.907    
         740   1714.621    
         741   1472.096    
         742   1250.752    
         743   1058.532    
         744   941.5059    
         745   872.6669    
         746   769.9379    
         747   728.6345    
         748   664.0317    
         749   641.2619    
         750   595.7222    
         751   559.1846    
         752   537.4738    
         753   513.1154    
         754   500.4067    
         755   486.1093    
         756   476.5778    
         757   441.6288    
         758   434.2153    
         759   434.7448    
         760   409.3274    
         761   401.9139    
         762   377.5555    
         763   398.2072    
         764   380.2032    
         765   367.4944    
         766   353.1971    
         767   362.1991    
         768   344.1951    
         769   352.1380    
         770   338.8998    
         771   337.8407    
         772   344.7246    
         773   316.1299    
         774   318.2480    
         775   313.4823    
         776   317.1890    
         777   300.2440    
         778   310.3051    
         779   295.4782    
         780   300.7735    
         781   304.4803    
         782   272.7084    
         783   291.7715    
         784   284.8876    
         785   298.1259    
         786   287.5353    
         787   297.0668    
         788   293.8896    
         789   266.3540    
         790   295.4782    
         791   281.1809    
         792   287.5353    
         793   286.4762    
         794   271.6494    
         795   284.3581    
         796   287.0057    
         797   258.4111    
         798   284.8876    
         799   271.1198    
         800   270.0608    
         801   261.0587    
         802   272.1789    
         803   263.7064    
         804   265.8245    
         805   245.7023    
         806   281.1809    
         807   238.2889    
         808   250.9976    
         809   254.1748    
         810   252.0567    
         811   245.7023    
         812   243.0547    
         813   253.1158    
         814   227.6983    
         815   228.7573    
         816   238.8184    
         817   219.7553    
         818   229.2869    
         819   228.2278    
         820   240.9366    
         821   216.5781    
         822   213.4009    
         823   229.8164    
         824   217.1077    
         825   205.4580    
         826   221.8734    
         827   207.5761    
         828   211.2828    
         829   202.2808    
         830   202.8103    
         831   195.9264    
         832   198.0446    
         833   199.6331    
         834   181.6291    
         835   207.0466    
         836   183.7472    
         837   180.0405    
         838   176.3338    
         839   169.9794    
         840   172.0975    
         841   176.8633    
         842   159.3888    
         843   171.0385    
         844   167.3318    
         845   149.3277    
         846   172.0975    
         847   148.2686    
         848   157.8002    
         849   154.0935    
         850   145.0915    
         851   142.9733    
         852   139.7962    
         853   150.9163    
         854   127.6169    
         855   135.0304    
         856   136.0894    
         857   142.4438    
         858   115.9673    
         859   130.2646    
         860   112.7901    
         861   126.5579    
         862   117.5559    
         863   122.3216    
         864   109.6129    
         865   115.4377    
         866   109.0834    
         867   107.4948    
         868   105.3766    
         869   98.49274    
         870   104.8471    
         871   97.96321    
         872   85.25447    
         873   102.1995    
         874   94.25650    
         875   87.37260    
         876   93.72697    
         877   96.37462    
         878   87.90212    
         879   87.90213    
         880   94.25650    
         881   88.96119    
         882   95.31556    
         883   79.95917    
         884   86.31354    
         885   93.19743    
         886   82.60682    
         887   83.13635    
         888   85.25447    
         889   85.78400    
         890   83.13635    
         891   84.72495    
         892   79.42963    
         893   90.54978    
         894   84.19541    
         895   78.37057    
         896   90.02025    
         897   80.48869    
         898   83.13634    
         899   83.13635    
         900   78.90010    
         901   85.78400    
         902   82.60682    
         903   84.19541    
         904   84.72494    
         905   75.19338    
         906   78.37057    
         907   84.72495    
         908   84.19541    
         909   76.78197    
         910   77.84104    
         911   91.60884    
         912   68.30949    
         913   87.37260    
         914   69.89808    
         915   70.42760    
         916   83.13635    
         917   81.54776    
         918   67.25042    
         919   76.25245    
         920   78.37057    
         921   73.60479    
         922   78.37057    
         923   71.48667    
         924   72.54573    
         925   68.83901    
         926   79.42963    
         927   68.83901    
         928   74.13432    
         929   76.25245    
         930   72.01620    
         931   68.30949    
         932   75.19338    
         933   76.25245    
         934   68.83901    
         935   66.72089    
         936   63.01418    
         937   75.72292    
         938   64.07323    
         939   75.72292    
         940   64.07323    
         941   72.54573    
         942   61.95511    
         943   60.36652    
         944   72.54573    
         945   67.77995    
         946   68.83901    
         947   58.77793    
         948   66.19136    
         949   73.07526    
         950   70.42761    
         951   72.01620    
         952   66.72089    
         953   62.48465    
         954   63.54370    
         955   72.01620    
         956   66.19136    
         957   59.83699    
         958   74.13432    
         959   66.72089    
         960   61.42558    
         961   65.66183    
         962   72.54573    
         963   69.36855    
         964   66.72089    
         965   63.54370    
         966   67.77995    
         967   75.72292    
         968   67.25042    
         969   78.90010    
         970   65.13230    
         971   72.54573    
         972   65.66183    
         973   81.01823    
         974   72.01620    
         975   71.48667    
         976   72.54573    
         977   70.42760    
         978   73.60479    
         979   74.66386    
         980   71.48667    
         981   75.72292    
         982   72.01620    
         983   72.01620    
         984   73.07526    
         985   82.60682    
         986   71.48667    
         987   81.54776    
         988   78.90010    
         989   77.31151    
         990   82.60682    
         991   74.66386    
         992   86.84306    
         993   89.49072    
         994   82.07729    
         995   86.31354    
         996   84.19541    
         997   84.19541    
         998   85.25447    
         999   94.25650    
        1000   90.54978    
        1001   92.13837    
        1002   86.84306    
        1003   85.25447    
        1004   90.54978    
        1005   87.37260    
        1006   78.37057    
        1007   95.84509    
        1008   95.31556    
        1009   83.13635    
        1010   87.37260    
        1011   81.01823    
        1012   84.72495    
        1013   89.49072    
        1014   84.19541    
        1015   88.96119    
        1016   91.07932    
        1017   87.90213    
        1018   95.31556    
        1019   86.84306    
        1020   84.19541    
        1021   84.72495    
        1022   92.13837    
        1023   85.78400    
        1024   84.72495    
