 #   Y    A
           1  0.0000000E+00
           2  0.0000000E+00
           3  0.0000000E+00
           4  0.0000000E+00
           5  0.0000000E+00
           6  0.0000000E+00
           7  0.0000000E+00
           8  0.0000000E+00
           9  0.0000000E+00
          10  0.0000000E+00
          11  0.0000000E+00
          12  0.0000000E+00
          13  0.0000000E+00
          14  0.0000000E+00
          15  0.0000000E+00
          16  0.0000000E+00
          17  0.0000000E+00
          18  0.0000000E+00
          19  0.0000000E+00
          20  0.0000000E+00
          21  0.0000000E+00
          22  0.0000000E+00
          23  0.0000000E+00
          24  0.0000000E+00
          25  0.0000000E+00
          26  0.0000000E+00
          27  0.0000000E+00
          28  0.0000000E+00
          29  0.0000000E+00
          30  0.0000000E+00
          31  0.0000000E+00
          32  0.0000000E+00
          33  0.0000000E+00
          34  0.0000000E+00
          35  0.0000000E+00
          36  0.0000000E+00
          37  0.0000000E+00
          38  0.0000000E+00
          39  0.0000000E+00
          40  0.0000000E+00
          41  0.0000000E+00
          42  0.0000000E+00
          43  0.0000000E+00
          44  0.0000000E+00
          45  0.0000000E+00
          46  0.0000000E+00
          47  0.0000000E+00
          48  0.0000000E+00
          49  0.0000000E+00
          50  0.0000000E+00
          51  0.0000000E+00
          52  0.0000000E+00
          53  0.0000000E+00
          54  0.0000000E+00
          55  0.0000000E+00
          56  0.0000000E+00
          57  0.0000000E+00
          58  0.0000000E+00
          59  0.0000000E+00
          60  0.0000000E+00
          61  0.0000000E+00
          62  0.0000000E+00
          63  0.0000000E+00
          64  0.0000000E+00
          65  0.0000000E+00
          66  0.0000000E+00
          67  0.0000000E+00
          68  0.0000000E+00
          69  0.0000000E+00
          70  0.0000000E+00
          71  0.0000000E+00
          72  0.0000000E+00
          73  0.0000000E+00
          74  0.0000000E+00
          75  0.0000000E+00
          76  0.0000000E+00
          77  0.0000000E+00
          78  0.0000000E+00
          79  0.0000000E+00
          80  0.0000000E+00
          81  0.0000000E+00
          82  0.0000000E+00
          83  0.0000000E+00
          84  0.0000000E+00
          85  0.0000000E+00
          86  0.0000000E+00
          87  0.0000000E+00
          88  0.0000000E+00
          89  0.0000000E+00
          90  0.0000000E+00
          91  0.0000000E+00
          92  0.0000000E+00
          93  0.0000000E+00
          94  0.0000000E+00
          95  0.0000000E+00
          96  0.0000000E+00
          97  0.0000000E+00
          98  0.0000000E+00
          99  0.0000000E+00
         100  0.0000000E+00
         101  0.0000000E+00
         102  0.0000000E+00
         103  0.0000000E+00
         104  0.0000000E+00
         105  0.0000000E+00
         106  0.0000000E+00
         107  0.0000000E+00
         108  0.0000000E+00
         109  0.0000000E+00
         110  0.0000000E+00
         111  0.0000000E+00
         112  0.0000000E+00
         113  0.0000000E+00
         114  0.0000000E+00
         115  0.0000000E+00
         116  0.0000000E+00
         117  0.0000000E+00
         118  0.0000000E+00
         119  0.0000000E+00
         120  0.0000000E+00
         121  0.0000000E+00
         122  0.0000000E+00
         123  0.0000000E+00
         124  0.0000000E+00
         125  0.0000000E+00
         126  0.0000000E+00
         127  0.0000000E+00
         128  0.0000000E+00
         129  0.0000000E+00
         130  0.0000000E+00
         131  0.0000000E+00
         132  0.0000000E+00
         133  0.0000000E+00
         134  0.0000000E+00
         135  0.0000000E+00
         136  0.0000000E+00
         137  0.0000000E+00
         138  0.0000000E+00
         139  0.0000000E+00
         140  0.0000000E+00
         141  0.0000000E+00
         142  0.0000000E+00
         143  0.0000000E+00
         144  0.0000000E+00
         145  0.0000000E+00
         146  0.0000000E+00
         147  0.0000000E+00
         148  0.0000000E+00
         149  0.0000000E+00
         150  0.0000000E+00
         151  0.0000000E+00
         152  0.0000000E+00
         153  0.0000000E+00
         154  0.0000000E+00
         155  0.0000000E+00
         156  0.0000000E+00
         157  0.0000000E+00
         158  0.0000000E+00
         159  0.0000000E+00
         160  0.0000000E+00
         161  0.0000000E+00
         162  0.0000000E+00
         163  0.0000000E+00
         164  0.0000000E+00
         165  0.0000000E+00
         166  0.0000000E+00
         167  0.0000000E+00
         168  0.0000000E+00
         169  0.0000000E+00
         170  0.0000000E+00
         171  0.0000000E+00
         172  0.0000000E+00
         173  0.0000000E+00
         174  0.0000000E+00
         175  0.0000000E+00
         176  0.0000000E+00
         177  0.0000000E+00
         178  0.0000000E+00
         179  0.0000000E+00
         180  0.0000000E+00
         181  0.0000000E+00
         182  0.0000000E+00
         183  0.0000000E+00
         184  0.0000000E+00
         185  0.0000000E+00
         186  0.0000000E+00
         187  0.0000000E+00
         188  0.0000000E+00
         189  0.0000000E+00
         190  0.0000000E+00
         191  0.0000000E+00
         192  0.0000000E+00
         193  0.0000000E+00
         194  0.0000000E+00
         195  0.0000000E+00
         196  0.0000000E+00
         197  0.0000000E+00
         198  0.0000000E+00
         199  0.0000000E+00
         200  0.0000000E+00
         201  0.0000000E+00
         202  0.0000000E+00
         203  0.0000000E+00
         204  0.0000000E+00
         205  0.0000000E+00
         206  0.0000000E+00
         207  0.0000000E+00
         208  0.0000000E+00
         209  0.0000000E+00
         210  0.0000000E+00
         211  0.0000000E+00
         212  0.0000000E+00
         213  0.0000000E+00
         214  0.0000000E+00
         215  0.0000000E+00
         216  0.0000000E+00
         217  0.0000000E+00
         218  0.0000000E+00
         219  0.0000000E+00
         220  0.0000000E+00
         221  0.0000000E+00
         222  0.0000000E+00
         223  0.0000000E+00
         224  0.0000000E+00
         225  0.0000000E+00
         226  0.0000000E+00
         227  0.0000000E+00
         228  0.0000000E+00
         229  0.0000000E+00
         230  0.0000000E+00
         231  0.0000000E+00
         232  0.0000000E+00
         233  0.0000000E+00
         234  0.0000000E+00
         235  0.0000000E+00
         236  0.0000000E+00
         237  0.0000000E+00
         238  0.0000000E+00
         239  0.0000000E+00
         240  0.0000000E+00
         241  0.0000000E+00
         242  0.0000000E+00
         243  0.0000000E+00
         244  0.0000000E+00
         245  0.0000000E+00
         246  0.0000000E+00
         247  0.0000000E+00
         248  0.0000000E+00
         249  0.0000000E+00
         250  0.0000000E+00
         251  0.0000000E+00
         252  0.0000000E+00
         253  0.0000000E+00
         254  0.0000000E+00
         255  0.0000000E+00
         256  0.0000000E+00
         257  0.0000000E+00
         258  0.0000000E+00
         259  0.0000000E+00
         260  0.0000000E+00
         261  0.0000000E+00
         262  0.0000000E+00
         263  0.0000000E+00
         264  0.0000000E+00
         265  0.0000000E+00
         266  0.0000000E+00
         267  0.0000000E+00
         268  0.0000000E+00
         269  0.0000000E+00
         270  0.0000000E+00
         271  0.0000000E+00
         272  0.0000000E+00
         273  0.0000000E+00
         274  0.0000000E+00
         275  0.0000000E+00
         276  0.0000000E+00
         277  0.0000000E+00
         278  0.0000000E+00
         279  0.0000000E+00
         280  0.0000000E+00
         281  0.0000000E+00
         282  0.0000000E+00
         283  0.0000000E+00
         284  0.0000000E+00
         285  0.0000000E+00
         286  0.0000000E+00
         287  0.0000000E+00
         288  0.0000000E+00
         289  0.0000000E+00
         290  0.0000000E+00
         291  0.0000000E+00
         292  0.0000000E+00
         293  0.0000000E+00
         294  0.0000000E+00
         295  0.0000000E+00
         296  0.0000000E+00
         297  0.0000000E+00
         298  0.0000000E+00
         299  0.0000000E+00
         300  0.0000000E+00
         301  0.0000000E+00
         302  0.0000000E+00
         303  0.0000000E+00
         304  0.0000000E+00
         305  0.0000000E+00
         306  0.0000000E+00
         307  0.0000000E+00
         308  0.0000000E+00
         309  0.0000000E+00
         310  0.0000000E+00
         311  0.0000000E+00
         312  0.0000000E+00
         313  0.0000000E+00
         314  0.0000000E+00
         315  0.0000000E+00
         316  0.0000000E+00
         317  0.0000000E+00
         318  0.0000000E+00
         319  0.0000000E+00
         320  0.0000000E+00
         321  0.0000000E+00
         322  0.0000000E+00
         323  0.0000000E+00
         324  0.0000000E+00
         325  0.0000000E+00
         326  0.0000000E+00
         327  0.0000000E+00
         328  0.0000000E+00
         329  0.0000000E+00
         330  0.0000000E+00
         331  0.0000000E+00
         332  0.0000000E+00
         333  0.0000000E+00
         334  0.5295309    
         335   7.942963    
         336   12.70874    
         337   22.24030    
         338   27.53561    
         339   27.00607    
         340   30.18326    
         341   32.83091    
         342   31.77185    
         343   24.35842    
         344   32.30138    
         345   32.30138    
         346   55.60074    
         347   28.06514    
         348   34.41951    
         349   32.83091    
         350   34.94904    
         351   34.94904    
         352   41.30341    
         353   34.41951    
         354   34.41951    
         355   50.83496    
         356   36.53763    
         357   48.71684    
         358   37.59669    
         359   41.30341    
         360   54.01215    
         361   49.24637    
         362   50.30544    
         363   40.77388    
         364   43.42153    
         365   49.77590    
         366   40.24435    
         367   39.18528    
         368   50.30544    
         369   55.60074    
         370   43.42153    
         371   47.12825    
         372   36.53763    
         373   56.13028    
         374   55.60074    
         375   45.53966    
         376   52.42356    
         377   61.42558    
         378   50.30544    
         379   57.71887    
         380   64.07323    
         381   63.54370    
         382   52.95309    
         383   57.71887    
         384   63.01418    
         385   72.01620    
         386   68.30949    
         387   53.48262    
         388   77.31151    
         389   63.01418    
         390   67.77995    
         391   84.72495    
         392   72.01620    
         393   79.95916    
         394   72.54573    
         395   81.01823    
         396   92.13837    
         397   86.31354    
         398   95.84509    
         399   91.07932    
         400   99.02228    
         401   88.43166    
         402   115.9673    
         403   119.1444    
         404   107.4948    
         405   114.3787    
         406   121.2626    
         407   137.6780    
         408   140.8552    
         409   155.1526    
         410   144.0324    
         411   180.5700    
         412   193.2788    
         413   172.6271    
         414   216.5781    
         415   228.2278    
         416   236.1708    
         417   275.3560    
         418   285.4171    
         419   325.1320    
         420   345.2541    
         421   380.2032    
         422   417.7999    
         423   454.8670    
         424   518.4107    
         425   616.9035    
         426   683.0948    
         427   733.9298    
         428   758.2882    
         429   728.1050    
         430   738.1661    
         431   747.1681    
         432   764.1130    
         433   730.2231    
         434   729.1640    
         435   718.5734    
         436   701.6284    
         437   728.6345    
         438   705.8647    
         439   710.6304    
         440   722.2801    
         441   695.8036    
         442   729.6935    
         443   699.5103    
         444   714.3372    
         445   738.6956    
         446   735.5184    
         447   772.5856    
         448   757.7587    
         449   807.5346    
         450   778.9399    
         451   798.0031    
         452   844.0722    
         453   826.5977    
         454   905.4978    
         455   909.2045    
         456   940.4468    
         457   987.5751    
         458   1032.056    
         459   1063.828    
         460   1137.432    
         461   1178.736    
         462   1214.214    
         463   1218.980    
         464   1302.646    
         465   1327.004    
         466   1306.353    
         467   1363.012    
         468   1339.713    
         469   1343.420    
         470   1354.540    
         471   1387.371    
         472   1381.546    
         473   1457.798    
         474   1490.100    
         475   1530.344    
         476   1591.770    
         477   1675.436    
         478   1827.941    
         479   1862.890    
         480   2010.629    
         481   2156.250    
         482   2155.191    
         483   2343.704    
         484   2600.526    
         485   3004.029    
         486   3755.963    
         487   4595.269    
         488   5175.105    
         489   4763.660    
         490   4675.758    
         491   4834.087    
         492   4020.728    
         493   3310.627    
         494   3014.619    
         495   2875.353    
         496   2737.145    
         497   2614.823    
         498   2327.818    
         499   2210.792    
         500   1971.443    
         501   1923.786    
         502   1815.232    
         503   1772.340    
         504   1815.761    
         505   1760.161    
         506   1677.554    
         507   1607.126    
         508   1538.817    
         509   1475.273    
         510   1409.082    
         511   1412.788    
         512   1436.088    
         513   1433.440    
         514   1357.188    
         515   1352.951    
         516   1317.473    
         517   1292.055    
         518   1246.516    
         519   1295.762    
         520   1271.404    
         521   1271.933    
         522   1231.689    
         523   1208.919    
         524   1230.100    
         525   1175.029    
         526   1214.214    
         527   1155.966    
         528   1164.438    
         529   1123.665    
         530   1202.565    
         531   1157.555    
         532   1140.609    
         533   1151.730    
         534   1131.078    
         535   1148.552    
         536   1131.078    
         537   1121.546    
         538   1122.076    
         539   1151.200    
         540   1095.070    
         541   1153.318    
         542   1099.306    
         543   1051.119    
         544   1160.202    
         545   1057.473    
         546   1153.848    
         547   1089.245    
         548   1161.261    
         549   1119.428    
         550   1121.546    
         551   1072.830    
         552   1136.373    
         553   1102.483    
         554   1146.434    
         555   1121.546    
         556   1139.021    
         557   1090.304    
         558   1050.060    
         559   1100.895    
         560   1008.227    
         561   1069.652    
         562   1038.410    
         563   970.1006    
         564   1067.005    
         565   1025.172    
         566   1068.064    
         567   1034.703    
         568   1028.879    
         569   1039.999    
         570   1062.239    
         571   999.7543    
         572   1049.001    
         573   1053.766    
         574   1052.707    
         575   1112.015    
         576   1048.471    
         577   1056.414    
         578   1045.823    
         579   1074.948    
         580   1099.836    
         581   1039.999    
         582   1063.298    
         583   1007.168    
         584   1068.593    
         585   1047.412    
         586   1043.176    
         587   1035.762    
         588   1099.836    
         589   1033.115    
         590   1078.125    
         591   1031.526    
         592   1072.300    
         593   1078.654    
         594   1083.950    
         595   1057.473    
         596   1015.640    
         597   1094.011    
         598   1041.587    
         599   1044.235    
         600   1065.946    
         601   966.3939    
         602   1036.292    
         603   993.9294    
         604   1063.828    
         605   1042.117    
         606   1070.711    
         607   1077.595    
         608   1019.876    
         609   1097.718    
         610   1089.245    
         611   1100.895    
         612   1096.658    
         613   1104.072    
         614   1078.125    
         615   1107.249    
         616   1126.312    
         617   1089.245    
         618   1086.597    
         619   1140.609    
         620   1037.880    
         621   1079.714    
         622   1137.962    
         623   1079.714    
         624   1068.064    
         625   1107.249    
         626   1053.766    
         627   1116.781    
         628   1023.583    
         629   1073.359    
         630   1060.121    
         631   1033.115    
         632   1041.587    
         633   1024.113    
         634   1047.942    
         635   1012.463    
         636   1045.294    
         637   1023.054    
         638   1031.526    
         639   1042.117    
         640   1041.587    
         641   1001.343    
         642   1002.932    
         643   1001.343    
         644   953.6851    
         645   934.0925    
         646   926.6791    
         647   939.3878    
         648   876.9031    
         649   931.4448    
         650   856.2515    
         651   839.3065    
         652   796.9440    
         653   793.7668    
         654   732.8707    
         655   709.0419    
         656   709.0419    
         657   658.7365    
         658   633.8484    
         659   634.9075    
         660   583.0135    
         661   613.7263    
         662   554.4188    
         663   556.5370    
         664   514.1745    
         665   497.7590    
         666   499.8772    
         667   481.3436    
         668   463.3395    
         669   441.6288    
         670   424.1542    
         671   440.0402    
         672   423.0952    
         673   408.2683    
         674   406.1502    
         675   392.9119    
         676   404.0321    
         677   354.7857    
         678   357.4333    
         679   365.3763    
         680   354.7857    
         681   324.6024    
         682   335.7226    
         683   304.4803    
         684   315.0709    
         685   314.0118    
         686   289.1239    
         687   293.3601    
         688   291.2420    
         689   289.1239    
         690   283.2990    
         691   262.6473    
         692   286.4762    
         693   258.4111    
         694   266.8836    
         695   257.3520    
         696   266.8836    
         697   235.1117    
         698   258.9406    
         699   240.4070    
         700   244.1137    
         701   232.4641    
         702   219.7553    
         703   212.8714    
         704   210.2238    
         705   218.1667    
         706   230.3459    
         707   187.9835    
         708   185.8653    
         709   189.5721    
         710   193.8083    
         711   188.5130    
         712   173.6861    
         713   173.6861    
         714   165.7432    
         715   167.3318    
         716   177.3929    
         717   170.5089    
         718   161.5069    
         719   135.0304    
         720   148.2686    
         721   139.7962    
         722   155.1525    
         723   124.4398    
         724   133.4418    
         725   130.2646    
         726   123.3807    
         727   117.0263    
         728   113.8491    
         729   89.49072    
         730   37.06716    
         731  0.0000000E+00
         732  0.0000000E+00
         733  0.0000000E+00
         734  0.0000000E+00
         735  0.0000000E+00
         736  0.0000000E+00
         737  0.0000000E+00
         738  0.0000000E+00
         739  0.0000000E+00
         740  0.0000000E+00
         741  0.0000000E+00
         742  0.0000000E+00
         743  0.0000000E+00
         744  0.0000000E+00
         745  0.0000000E+00
         746  0.0000000E+00
         747  0.0000000E+00
         748  0.0000000E+00
         749  0.0000000E+00
         750  0.0000000E+00
         751  0.0000000E+00
         752  0.0000000E+00
         753  0.0000000E+00
         754  0.0000000E+00
         755  0.0000000E+00
         756  0.0000000E+00
         757  0.0000000E+00
         758  0.0000000E+00
         759  0.0000000E+00
         760  0.0000000E+00
         761  0.0000000E+00
         762  0.0000000E+00
         763  0.0000000E+00
         764  0.0000000E+00
         765  0.0000000E+00
         766  0.0000000E+00
         767  0.0000000E+00
         768  0.0000000E+00
         769  0.0000000E+00
         770  0.0000000E+00
         771  0.0000000E+00
         772  0.0000000E+00
         773  0.0000000E+00
         774  0.0000000E+00
         775  0.0000000E+00
         776  0.0000000E+00
         777  0.0000000E+00
         778  0.0000000E+00
         779  0.0000000E+00
         780  0.0000000E+00
         781  0.0000000E+00
         782  0.0000000E+00
         783  0.0000000E+00
         784  0.0000000E+00
         785  0.0000000E+00
         786  0.0000000E+00
         787  0.0000000E+00
         788  0.0000000E+00
         789  0.0000000E+00
         790  0.0000000E+00
         791  0.0000000E+00
         792  0.0000000E+00
         793  0.0000000E+00
         794  0.0000000E+00
         795  0.0000000E+00
         796  0.0000000E+00
         797  0.0000000E+00
         798  0.0000000E+00
         799  0.0000000E+00
         800  0.0000000E+00
         801  0.0000000E+00
         802  0.0000000E+00
         803  0.0000000E+00
         804  0.0000000E+00
         805  0.0000000E+00
         806  0.0000000E+00
         807  0.0000000E+00
         808  0.0000000E+00
         809  0.0000000E+00
         810  0.0000000E+00
         811  0.0000000E+00
         812  0.0000000E+00
         813  0.0000000E+00
         814  0.0000000E+00
         815  0.0000000E+00
         816  0.0000000E+00
         817  0.0000000E+00
         818  0.0000000E+00
         819  0.0000000E+00
         820  0.0000000E+00
         821  0.0000000E+00
         822  0.0000000E+00
         823  0.0000000E+00
         824  0.0000000E+00
         825  0.0000000E+00
         826  0.0000000E+00
         827  0.0000000E+00
         828  0.0000000E+00
         829  0.0000000E+00
         830  0.0000000E+00
         831  0.0000000E+00
         832  0.0000000E+00
         833  0.0000000E+00
         834  0.0000000E+00
         835  0.0000000E+00
         836  0.0000000E+00
         837  0.0000000E+00
         838  0.0000000E+00
         839  0.0000000E+00
         840  0.0000000E+00
         841  0.0000000E+00
         842  0.0000000E+00
         843  0.0000000E+00
         844  0.0000000E+00
         845  0.0000000E+00
         846  0.0000000E+00
         847  0.0000000E+00
         848  0.0000000E+00
         849  0.0000000E+00
         850  0.0000000E+00
         851  0.0000000E+00
         852  0.0000000E+00
         853  0.0000000E+00
         854  0.0000000E+00
         855  0.0000000E+00
         856  0.0000000E+00
         857  0.0000000E+00
         858  0.0000000E+00
         859  0.0000000E+00
         860  0.0000000E+00
         861  0.0000000E+00
         862  0.0000000E+00
         863  0.0000000E+00
         864  0.0000000E+00
         865  0.0000000E+00
         866  0.0000000E+00
         867  0.0000000E+00
         868  0.0000000E+00
         869  0.0000000E+00
         870  0.0000000E+00
         871  0.0000000E+00
         872  0.0000000E+00
         873  0.0000000E+00
         874  0.0000000E+00
         875  0.0000000E+00
         876  0.0000000E+00
         877  0.0000000E+00
         878  0.0000000E+00
         879  0.0000000E+00
         880  0.0000000E+00
         881  0.0000000E+00
         882  0.0000000E+00
         883  0.0000000E+00
         884  0.0000000E+00
         885  0.0000000E+00
         886  0.0000000E+00
         887  0.0000000E+00
         888  0.0000000E+00
         889  0.0000000E+00
         890  0.0000000E+00
         891  0.0000000E+00
         892  0.0000000E+00
         893  0.0000000E+00
         894  0.0000000E+00
         895  0.0000000E+00
         896  0.0000000E+00
         897  0.0000000E+00
         898  0.0000000E+00
         899  0.0000000E+00
         900  0.0000000E+00
         901  0.0000000E+00
         902  0.0000000E+00
         903  0.0000000E+00
         904  0.0000000E+00
         905  0.0000000E+00
         906  0.0000000E+00
         907  0.0000000E+00
         908  0.0000000E+00
         909  0.0000000E+00
         910  0.0000000E+00
         911  0.0000000E+00
         912  0.0000000E+00
         913  0.0000000E+00
         914  0.0000000E+00
         915  0.0000000E+00
         916  0.0000000E+00
         917  0.0000000E+00
         918  0.0000000E+00
         919  0.0000000E+00
         920  0.0000000E+00
         921  0.0000000E+00
         922  0.0000000E+00
         923  0.0000000E+00
         924  0.0000000E+00
         925  0.0000000E+00
         926  0.0000000E+00
         927  0.0000000E+00
         928  0.0000000E+00
         929  0.0000000E+00
         930  0.0000000E+00
         931  0.0000000E+00
         932  0.0000000E+00
         933  0.0000000E+00
         934  0.0000000E+00
         935  0.0000000E+00
         936  0.0000000E+00
         937  0.0000000E+00
         938  0.0000000E+00
         939  0.0000000E+00
         940  0.0000000E+00
         941  0.0000000E+00
         942  0.0000000E+00
         943  0.0000000E+00
         944  0.0000000E+00
         945  0.0000000E+00
         946  0.0000000E+00
         947  0.0000000E+00
         948  0.0000000E+00
         949  0.0000000E+00
         950  0.0000000E+00
         951  0.0000000E+00
         952  0.0000000E+00
         953  0.0000000E+00
         954  0.0000000E+00
         955  0.0000000E+00
         956  0.0000000E+00
         957  0.0000000E+00
         958  0.0000000E+00
         959  0.0000000E+00
         960  0.0000000E+00
         961  0.0000000E+00
         962  0.0000000E+00
         963  0.0000000E+00
         964  0.0000000E+00
         965  0.0000000E+00
         966  0.0000000E+00
         967  0.0000000E+00
         968  0.0000000E+00
         969  0.0000000E+00
         970  0.0000000E+00
         971  0.0000000E+00
         972  0.0000000E+00
         973  0.0000000E+00
         974  0.0000000E+00
         975  0.0000000E+00
         976  0.0000000E+00
         977  0.0000000E+00
         978  0.0000000E+00
         979  0.0000000E+00
         980  0.0000000E+00
         981  0.0000000E+00
         982  0.0000000E+00
         983  0.0000000E+00
         984  0.0000000E+00
         985  0.0000000E+00
         986  0.0000000E+00
         987  0.0000000E+00
         988  0.0000000E+00
         989  0.0000000E+00
         990  0.0000000E+00
         991  0.0000000E+00
         992  0.0000000E+00
         993  0.0000000E+00
         994  0.0000000E+00
         995  0.0000000E+00
         996  0.0000000E+00
         997  0.0000000E+00
         998  0.0000000E+00
         999  0.0000000E+00
        1000  0.0000000E+00
        1001  0.0000000E+00
        1002  0.0000000E+00
        1003  0.0000000E+00
        1004  0.0000000E+00
        1005  0.0000000E+00
        1006  0.0000000E+00
        1007  0.0000000E+00
        1008  0.0000000E+00
        1009  0.0000000E+00
        1010  0.0000000E+00
        1011  0.0000000E+00
        1012  0.0000000E+00
        1013  0.0000000E+00
        1014  0.0000000E+00
        1015  0.0000000E+00
        1016  0.0000000E+00
        1017  0.0000000E+00
        1018  0.0000000E+00
        1019  0.0000000E+00
        1020  0.0000000E+00
        1021  0.0000000E+00
        1022  0.0000000E+00
        1023  0.0000000E+00
        1024  0.0000000E+00
