 #   Y    A
           1  0.0000000E+00
           2  0.0000000E+00
           3  0.0000000E+00
           4  0.0000000E+00
           5  0.0000000E+00
           6  0.0000000E+00
           7  0.0000000E+00
           8  0.0000000E+00
           9  0.0000000E+00
          10  0.0000000E+00
          11  0.0000000E+00
          12  0.0000000E+00
          13  0.0000000E+00
          14  0.0000000E+00
          15  0.0000000E+00
          16  0.0000000E+00
          17  0.0000000E+00
          18  0.0000000E+00
          19  0.0000000E+00
          20  0.0000000E+00
          21  0.0000000E+00
          22  0.0000000E+00
          23  0.0000000E+00
          24  0.0000000E+00
          25  0.0000000E+00
          26  0.0000000E+00
          27  0.0000000E+00
          28  0.0000000E+00
          29  0.0000000E+00
          30  0.0000000E+00
          31  0.0000000E+00
          32  0.0000000E+00
          33  0.0000000E+00
          34  0.0000000E+00
          35  0.0000000E+00
          36  0.0000000E+00
          37  0.0000000E+00
          38  0.0000000E+00
          39  0.0000000E+00
          40  0.0000000E+00
          41  0.0000000E+00
          42  0.0000000E+00
          43  0.0000000E+00
          44  0.0000000E+00
          45  0.0000000E+00
          46  0.0000000E+00
          47  0.0000000E+00
          48  0.0000000E+00
          49  0.0000000E+00
          50  0.0000000E+00
          51  0.0000000E+00
          52  0.0000000E+00
          53  0.0000000E+00
          54  0.0000000E+00
          55  0.0000000E+00
          56  0.0000000E+00
          57  0.0000000E+00
          58  0.0000000E+00
          59  0.0000000E+00
          60  0.0000000E+00
          61  0.0000000E+00
          62  0.0000000E+00
          63  0.0000000E+00
          64  0.0000000E+00
          65  0.0000000E+00
          66  0.0000000E+00
          67  0.0000000E+00
          68  0.0000000E+00
          69  0.0000000E+00
          70  0.0000000E+00
          71  0.0000000E+00
          72  0.0000000E+00
          73  0.0000000E+00
          74  0.0000000E+00
          75  0.0000000E+00
          76  0.0000000E+00
          77  0.0000000E+00
          78  0.0000000E+00
          79  0.0000000E+00
          80  0.0000000E+00
          81  0.0000000E+00
          82  0.0000000E+00
          83  0.0000000E+00
          84  0.0000000E+00
          85  0.0000000E+00
          86  0.0000000E+00
          87  0.0000000E+00
          88  0.0000000E+00
          89  0.0000000E+00
          90  0.0000000E+00
          91  0.0000000E+00
          92  0.0000000E+00
          93  0.0000000E+00
          94  0.0000000E+00
          95  0.0000000E+00
          96  0.0000000E+00
          97  0.0000000E+00
          98  0.0000000E+00
          99  0.0000000E+00
         100  0.0000000E+00
         101  0.0000000E+00
         102  0.0000000E+00
         103  0.0000000E+00
         104  0.0000000E+00
         105  0.0000000E+00
         106  0.0000000E+00
         107  0.0000000E+00
         108  0.0000000E+00
         109  0.0000000E+00
         110  0.0000000E+00
         111  0.0000000E+00
         112  0.0000000E+00
         113  0.0000000E+00
         114  0.0000000E+00
         115  0.0000000E+00
         116  0.0000000E+00
         117  0.0000000E+00
         118  0.0000000E+00
         119  0.0000000E+00
         120  0.0000000E+00
         121  0.0000000E+00
         122  0.0000000E+00
         123  0.0000000E+00
         124  0.0000000E+00
         125  0.0000000E+00
         126  0.0000000E+00
         127  0.0000000E+00
         128  0.0000000E+00
         129  0.0000000E+00
         130  0.0000000E+00
         131  0.0000000E+00
         132  0.0000000E+00
         133  0.0000000E+00
         134  0.0000000E+00
         135  0.0000000E+00
         136  0.0000000E+00
         137  0.0000000E+00
         138  0.0000000E+00
         139  0.0000000E+00
         140  0.0000000E+00
         141  0.0000000E+00
         142  0.0000000E+00
         143  0.0000000E+00
         144  0.0000000E+00
         145  0.0000000E+00
         146  0.0000000E+00
         147  0.0000000E+00
         148  0.0000000E+00
         149  0.0000000E+00
         150  0.0000000E+00
         151  0.0000000E+00
         152  0.0000000E+00
         153  0.0000000E+00
         154  0.0000000E+00
         155  0.0000000E+00
         156  0.0000000E+00
         157  0.0000000E+00
         158  0.0000000E+00
         159  0.0000000E+00
         160  0.0000000E+00
         161  0.0000000E+00
         162  0.0000000E+00
         163  0.0000000E+00
         164  0.0000000E+00
         165  0.0000000E+00
         166  0.0000000E+00
         167  0.0000000E+00
         168  0.0000000E+00
         169  0.0000000E+00
         170  0.0000000E+00
         171  0.0000000E+00
         172  0.0000000E+00
         173  0.0000000E+00
         174  0.0000000E+00
         175  0.0000000E+00
         176  0.0000000E+00
         177  0.0000000E+00
         178  0.0000000E+00
         179  0.0000000E+00
         180  0.0000000E+00
         181  0.0000000E+00
         182  0.0000000E+00
         183  0.0000000E+00
         184  0.0000000E+00
         185  0.0000000E+00
         186  0.0000000E+00
         187  0.0000000E+00
         188  0.0000000E+00
         189  0.0000000E+00
         190  0.0000000E+00
         191  0.0000000E+00
         192  0.0000000E+00
         193  0.0000000E+00
         194  0.0000000E+00
         195  0.0000000E+00
         196  0.0000000E+00
         197  0.0000000E+00
         198  0.0000000E+00
         199  0.0000000E+00
         200  0.0000000E+00
         201  0.0000000E+00
         202  0.0000000E+00
         203  0.0000000E+00
         204  0.0000000E+00
         205  0.0000000E+00
         206  0.0000000E+00
         207  0.0000000E+00
         208  0.0000000E+00
         209  0.0000000E+00
         210  0.0000000E+00
         211  0.0000000E+00
         212  0.0000000E+00
         213  0.0000000E+00
         214  0.0000000E+00
         215  0.0000000E+00
         216  0.0000000E+00
         217  0.0000000E+00
         218  0.0000000E+00
         219  0.0000000E+00
         220  0.0000000E+00
         221  0.0000000E+00
         222  0.0000000E+00
         223  0.0000000E+00
         224  0.0000000E+00
         225  0.0000000E+00
         226  0.0000000E+00
         227  0.0000000E+00
         228  0.0000000E+00
         229  0.0000000E+00
         230  0.0000000E+00
         231  0.0000000E+00
         232  0.0000000E+00
         233  0.0000000E+00
         234  0.0000000E+00
         235  0.0000000E+00
         236  0.0000000E+00
         237  0.0000000E+00
         238  0.0000000E+00
         239  0.0000000E+00
         240  0.0000000E+00
         241  0.0000000E+00
         242  0.0000000E+00
         243  0.0000000E+00
         244  0.0000000E+00
         245  0.0000000E+00
         246  0.0000000E+00
         247  0.0000000E+00
         248  0.0000000E+00
         249  0.0000000E+00
         250  0.0000000E+00
         251  0.0000000E+00
         252  0.0000000E+00
         253  0.0000000E+00
         254  0.0000000E+00
         255  0.0000000E+00
         256  0.0000000E+00
         257  0.0000000E+00
         258  0.0000000E+00
         259  0.0000000E+00
         260  0.0000000E+00
         261  0.0000000E+00
         262  0.0000000E+00
         263  0.0000000E+00
         264  0.0000000E+00
         265  0.0000000E+00
         266  0.0000000E+00
         267  0.0000000E+00
         268  0.0000000E+00
         269  0.0000000E+00
         270  0.0000000E+00
         271  0.0000000E+00
         272  0.0000000E+00
         273  0.0000000E+00
         274  0.0000000E+00
         275  0.0000000E+00
         276  0.0000000E+00
         277  0.0000000E+00
         278  0.0000000E+00
         279  0.0000000E+00
         280  0.0000000E+00
         281  0.0000000E+00
         282  0.0000000E+00
         283  0.0000000E+00
         284  0.0000000E+00
         285  0.0000000E+00
         286  0.0000000E+00
         287  0.0000000E+00
         288  0.0000000E+00
         289  0.0000000E+00
         290  0.0000000E+00
         291  0.0000000E+00
         292  0.0000000E+00
         293  0.0000000E+00
         294  0.0000000E+00
         295  0.0000000E+00
         296  0.0000000E+00
         297  0.0000000E+00
         298  0.0000000E+00
         299  0.0000000E+00
         300  0.0000000E+00
         301  0.0000000E+00
         302  0.0000000E+00
         303  0.0000000E+00
         304  0.0000000E+00
         305  0.0000000E+00
         306  0.0000000E+00
         307  0.0000000E+00
         308  0.0000000E+00
         309  0.0000000E+00
         310  0.0000000E+00
         311  0.0000000E+00
         312  0.0000000E+00
         313  0.0000000E+00
         314  0.0000000E+00
         315  0.0000000E+00
         316  0.0000000E+00
         317  0.0000000E+00
         318  0.0000000E+00
         319  0.0000000E+00
         320  0.0000000E+00
         321  0.0000000E+00
         322  0.0000000E+00
         323  0.0000000E+00
         324  0.0000000E+00
         325  0.0000000E+00
         326  0.0000000E+00
         327  0.0000000E+00
         328  0.0000000E+00
         329  0.0000000E+00
         330  0.0000000E+00
         331  0.0000000E+00
         332  0.0000000E+00
         333   3.706716    
         334   9.531556    
         335   20.12217    
         336   21.71077    
         337   25.41748    
         338   30.18326    
         339   31.77185    
         340   32.30138    
         341   29.12420    
         342   27.53561    
         343   25.94701    
         344   42.89200    
         345   43.95107    
         346   33.88998    
         347   28.59467    
         348   32.83091    
         349   34.41951    
         350   34.94904    
         351   39.71482    
         352   34.41951    
         353   34.94904    
         354   46.59872    
         355   39.18529    
         356   46.06919    
         357   36.53763    
         358   40.77388    
         359   49.24637    
         360   52.95309    
         361   43.95107    
         362   41.83294    
         363   42.36247    
         364   45.53966    
         365   39.71482    
         366   40.24435    
         367   49.77590    
         368   52.95309    
         369   42.36247    
         370   44.48059    
         371   36.53763    
         372   45.01012    
         373   57.71887    
         374   50.83496    
         375   41.83294    
         376   60.89605    
         377   50.30544    
         378   47.65778    
         379   59.83699    
         380   64.07323    
         381   58.24840    
         382   49.77590    
         383   58.24840    
         384   60.89605    
         385   71.48667    
         386   65.66183    
         387   50.83496    
         388   74.13432    
         389   61.42558    
         390   65.13230    
         391   78.37057    
         392   73.07526    
         393   75.19339    
         394   73.07526    
         395   75.19338    
         396   87.90213    
         397   86.31354    
         398   83.66588    
         399   90.54978    
         400   95.84509    
         401   88.43166    
         402   97.96321    
         403   120.2035    
         404   110.1424    
         405   106.9652    
         406   109.6129    
         407   128.1465    
         408   128.6760    
         409   147.7391    
         410   142.4438    
         411   145.6210    
         412   176.8633    
         413   189.5721    
         414   178.4519    
         415   210.2238    
         416   227.6983    
         417   228.7573    
         418   275.3560    
         419   283.8286    
         420   317.1890    
         421   333.0749    
         422   379.6736    
         423   408.2683    
         424   448.5127    
         425   512.0563    
         426   583.0135    
         427   682.5653    
         428   698.4512    
         429   724.9278    
         430   708.5123    
         431   699.5103    
         432   719.1029    
         433   722.2802    
         434   725.9868    
         435   696.8627    
         436   690.5082    
         437   692.0969    
         438   731.8117    
         439   694.7445    
         440   707.9828    
         441   706.9237    
         442   682.5653    
         443   700.0398    
         444   702.6875    
         445   690.5083    
         446   730.7526    
         447   739.2251    
         448   741.3432    
         449   766.2312    
         450   770.9969    
         451   770.4675    
         452   797.4735    
         453   810.7118    
         454   847.2494    
         455   869.4897    
         456   908.1454    
         457   942.5649    
         458   987.0456    
         459   1022.524    
         460   1074.418    
         461   1097.188    
         462   1170.263    
         463   1195.681    
         464   1198.858    
         465   1225.864    
         466   1266.108    
         467   1250.222    
         468   1266.638    
         469   1232.748    
         470   1270.874    
         471   1258.695    
         472   1253.400    
         473   1312.707    
         474   1290.996    
         475   1360.894    
         476   1386.841    
         477   1408.023    
         478   1459.917    
         479   1514.458    
         480   1633.603    
         481   1637.309    
         482   1728.918    
         483   1795.110    
         484   1886.189    
         485   1881.953    
         486   2031.281    
         487   2181.667    
         488   2418.897    
         489   2705.373    
         490   3228.020    
         491   3748.549    
         492   4316.206    
         493   4516.369    
         494   4502.601    
         495   4839.912    
         496   4475.065    
         497   3884.109    
         498   3528.264    
         499   3443.539    
         500   3331.808    
         501   3063.336    
         502   2705.373    
         503   2442.197    
         504   2276.983    
         505   2064.641    
         506   2036.046    
         507   2085.822    
         508   1910.547    
         509   1805.700    
         510   1704.030    
         511   1547.819    
         512   1525.049    
         513   1492.748    
         514   1482.157    
         515   1505.456    
         516   1378.898    
         517   1395.314    
         518   1322.768    
         519   1293.644    
         520   1332.300    
         521   1284.642    
         522   1262.931    
         523   1251.281    
         524   1220.039    
         525   1249.163    
         526   1183.501    
         527   1216.332    
         528   1158.614    
         529   1196.210    
         530   1113.603    
         531   1173.970    
         532   1150.671    
         533   1157.025    
         534   1130.019    
         535   1130.019    
         536   1167.086    
         537   1130.019    
         538   1110.426    
         539   1188.797    
         540   1117.310    
         541   1115.192    
         542   1145.375    
         543   1081.832    
         544   1116.251    
         545   1135.314    
         546   1126.312    
         547   1157.025    
         548   1109.367    
         549   1192.504    
         550   1149.612    
         551   1098.777    
         552   1157.555    
         553   1110.426    
         554   1131.078    
         555   1184.561    
         556   1128.430    
         557   1173.440    
         558   1120.487    
         559   1145.905    
         560   1100.895    
         561   1098.777    
         562   1109.367    
         563   1053.237    
         564   1143.257    
         565   1092.952    
         566   1090.304    
         567   1089.775    
         568   1068.064    
         569   1032.585    
         570   1092.422    
         571   1012.463    
         572   1009.815    
         573   1080.773    
         574   1023.054    
         575   1122.076    
         576   1009.286    
         577   1058.532    
         578   1065.416    
         579   1082.891    
         580   1062.239    
         581   1053.766    
         582   1046.883    
         583   1011.934    
         584   1090.834    
         585   988.1046    
         586   1075.477    
         587   1007.168    
         588   1105.131    
         589   1003.991    
         590   1088.186    
         591   1032.585    
         592   1088.715    
         593   1043.176    
         594   1092.422    
         595   1041.058    
         596   1040.528    
         597   1033.115    
         598   1116.781    
         599   1011.934    
         600   1071.241    
         601   975.3959    
         602   1009.286    
         603   999.2248    
         604   1039.469    
         605   1038.940    
         606   1067.005    
         607   1046.883    
         608   1062.239    
         609   1061.180    
         610   1071.771    
         611   1076.007    
         612   1109.367    
         613   1087.127    
         614   1082.361    
         615   1082.361    
         616   1127.901    
         617   1090.304    
         618   1103.013    
         619   1117.840    
         620   1072.300    
         621   1083.420    
         622   1104.072    
         623   1060.650    
         624   1083.950    
         625   1082.361    
         626   1064.887    
         627   1067.534    
         628   1069.123    
         629   1054.296    
         630   1043.705    
         631   1027.290    
         632   1036.821    
         633   1010.345    
         634   1024.642    
         635   1016.699    
         636   988.6342    
         637   1036.821    
         638   971.1597    
         639   1047.412    
         640   990.2228    
         641   1007.697    
         642   972.7482    
         643   975.9254    
         644   954.2147    
         645   936.2106    
         646   889.0823    
         647   917.1475    
         648   900.7321    
         649   826.5977    
         650   888.5529    
         651   828.1863    
         652   798.5326    
         653   763.5836    
         654   748.2271    
         655   707.4532    
         656   671.4452    
         657   689.9788    
         658   634.3780    
         659   599.4290    
         660   609.4901    
         661   565.0095    
         662   580.8954    
         663   553.3597    
         664   510.9973    
         665   517.3517    
         666   496.1704    
         667   472.3416    
         668   461.7509    
         669   452.2194    
         670   442.6878    
         671   418.3294    
         672   407.7388    
         673   406.1502    
         674   408.2683    
         675   384.9690    
         676   395.5596    
         677   364.3173    
         678   388.6757    
         679   334.6635    
         680   356.3743    
         681   336.7816    
         682   343.1360    
         683   321.4252    
         684   313.4823    
         685   298.6554    
         686   291.7715    
         687   303.4212    
         688   287.0057    
         689   282.7695    
         690   282.7695    
         691   264.2359    
         692   275.8856    
         693   261.0587    
         694   253.1158    
         695   270.5903    
         696   244.1137    
         697   253.1158    
         698   254.7043    
         699   240.9366    
         700   224.5211    
         701   257.3520    
         702   216.0486    
         703   238.8184    
         704   214.9895    
         705   223.4620    
         706   212.3419    
         707   186.9244    
         708   208.1056    
         709   207.0466    
         710   209.1647    
         711   181.0996    
         712   176.8633    
         713   177.3929    
         714   186.9244    
         715   176.3338    
         716   177.9224    
         717   165.2136    
         718   151.9754    
         719   158.8593    
         720   166.8022    
         721   162.0365    
         722   154.0935    
         723   146.6801    
         724   136.6190    
         725   136.6190    
         726   141.9143    
         727   137.1485    
         728   128.6760    
         729   126.0284    
         730   124.9693    
         731   114.9082    
         732   111.2015    
         733   111.7310    
         734   93.19743    
         735   16.41546    
         736  0.0000000E+00
         737  0.0000000E+00
         738  0.0000000E+00
         739  0.0000000E+00
         740  0.0000000E+00
         741  0.0000000E+00
         742  0.0000000E+00
         743  0.0000000E+00
         744  0.0000000E+00
         745  0.0000000E+00
         746  0.0000000E+00
         747  0.0000000E+00
         748  0.0000000E+00
         749  0.0000000E+00
         750  0.0000000E+00
         751  0.0000000E+00
         752  0.0000000E+00
         753  0.0000000E+00
         754  0.0000000E+00
         755  0.0000000E+00
         756  0.0000000E+00
         757  0.0000000E+00
         758  0.0000000E+00
         759  0.0000000E+00
         760  0.0000000E+00
         761  0.0000000E+00
         762  0.0000000E+00
         763  0.0000000E+00
         764  0.0000000E+00
         765  0.0000000E+00
         766  0.0000000E+00
         767  0.0000000E+00
         768  0.0000000E+00
         769  0.0000000E+00
         770  0.0000000E+00
         771  0.0000000E+00
         772  0.0000000E+00
         773  0.0000000E+00
         774  0.0000000E+00
         775  0.0000000E+00
         776  0.0000000E+00
         777  0.0000000E+00
         778  0.0000000E+00
         779  0.0000000E+00
         780  0.0000000E+00
         781  0.0000000E+00
         782  0.0000000E+00
         783  0.0000000E+00
         784  0.0000000E+00
         785  0.0000000E+00
         786  0.0000000E+00
         787  0.0000000E+00
         788  0.0000000E+00
         789  0.0000000E+00
         790  0.0000000E+00
         791  0.0000000E+00
         792  0.0000000E+00
         793  0.0000000E+00
         794  0.0000000E+00
         795  0.0000000E+00
         796  0.0000000E+00
         797  0.0000000E+00
         798  0.0000000E+00
         799  0.0000000E+00
         800  0.0000000E+00
         801  0.0000000E+00
         802  0.0000000E+00
         803  0.0000000E+00
         804  0.0000000E+00
         805  0.0000000E+00
         806  0.0000000E+00
         807  0.0000000E+00
         808  0.0000000E+00
         809  0.0000000E+00
         810  0.0000000E+00
         811  0.0000000E+00
         812  0.0000000E+00
         813  0.0000000E+00
         814  0.0000000E+00
         815  0.0000000E+00
         816  0.0000000E+00
         817  0.0000000E+00
         818  0.0000000E+00
         819  0.0000000E+00
         820  0.0000000E+00
         821  0.0000000E+00
         822  0.0000000E+00
         823  0.0000000E+00
         824  0.0000000E+00
         825  0.0000000E+00
         826  0.0000000E+00
         827  0.0000000E+00
         828  0.0000000E+00
         829  0.0000000E+00
         830  0.0000000E+00
         831  0.0000000E+00
         832  0.0000000E+00
         833  0.0000000E+00
         834  0.0000000E+00
         835  0.0000000E+00
         836  0.0000000E+00
         837  0.0000000E+00
         838  0.0000000E+00
         839  0.0000000E+00
         840  0.0000000E+00
         841  0.0000000E+00
         842  0.0000000E+00
         843  0.0000000E+00
         844  0.0000000E+00
         845  0.0000000E+00
         846  0.0000000E+00
         847  0.0000000E+00
         848  0.0000000E+00
         849  0.0000000E+00
         850  0.0000000E+00
         851  0.0000000E+00
         852  0.0000000E+00
         853  0.0000000E+00
         854  0.0000000E+00
         855  0.0000000E+00
         856  0.0000000E+00
         857  0.0000000E+00
         858  0.0000000E+00
         859  0.0000000E+00
         860  0.0000000E+00
         861  0.0000000E+00
         862  0.0000000E+00
         863  0.0000000E+00
         864  0.0000000E+00
         865  0.0000000E+00
         866  0.0000000E+00
         867  0.0000000E+00
         868  0.0000000E+00
         869  0.0000000E+00
         870  0.0000000E+00
         871  0.0000000E+00
         872  0.0000000E+00
         873  0.0000000E+00
         874  0.0000000E+00
         875  0.0000000E+00
         876  0.0000000E+00
         877  0.0000000E+00
         878  0.0000000E+00
         879  0.0000000E+00
         880  0.0000000E+00
         881  0.0000000E+00
         882  0.0000000E+00
         883  0.0000000E+00
         884  0.0000000E+00
         885  0.0000000E+00
         886  0.0000000E+00
         887  0.0000000E+00
         888  0.0000000E+00
         889  0.0000000E+00
         890  0.0000000E+00
         891  0.0000000E+00
         892  0.0000000E+00
         893  0.0000000E+00
         894  0.0000000E+00
         895  0.0000000E+00
         896  0.0000000E+00
         897  0.0000000E+00
         898  0.0000000E+00
         899  0.0000000E+00
         900  0.0000000E+00
         901  0.0000000E+00
         902  0.0000000E+00
         903  0.0000000E+00
         904  0.0000000E+00
         905  0.0000000E+00
         906  0.0000000E+00
         907  0.0000000E+00
         908  0.0000000E+00
         909  0.0000000E+00
         910  0.0000000E+00
         911  0.0000000E+00
         912  0.0000000E+00
         913  0.0000000E+00
         914  0.0000000E+00
         915  0.0000000E+00
         916  0.0000000E+00
         917  0.0000000E+00
         918  0.0000000E+00
         919  0.0000000E+00
         920  0.0000000E+00
         921  0.0000000E+00
         922  0.0000000E+00
         923  0.0000000E+00
         924  0.0000000E+00
         925  0.0000000E+00
         926  0.0000000E+00
         927  0.0000000E+00
         928  0.0000000E+00
         929  0.0000000E+00
         930  0.0000000E+00
         931  0.0000000E+00
         932  0.0000000E+00
         933  0.0000000E+00
         934  0.0000000E+00
         935  0.0000000E+00
         936  0.0000000E+00
         937  0.0000000E+00
         938  0.0000000E+00
         939  0.0000000E+00
         940  0.0000000E+00
         941  0.0000000E+00
         942  0.0000000E+00
         943  0.0000000E+00
         944  0.0000000E+00
         945  0.0000000E+00
         946  0.0000000E+00
         947  0.0000000E+00
         948  0.0000000E+00
         949  0.0000000E+00
         950  0.0000000E+00
         951  0.0000000E+00
         952  0.0000000E+00
         953  0.0000000E+00
         954  0.0000000E+00
         955  0.0000000E+00
         956  0.0000000E+00
         957  0.0000000E+00
         958  0.0000000E+00
         959  0.0000000E+00
         960  0.0000000E+00
         961  0.0000000E+00
         962  0.0000000E+00
         963  0.0000000E+00
         964  0.0000000E+00
         965  0.0000000E+00
         966  0.0000000E+00
         967  0.0000000E+00
         968  0.0000000E+00
         969  0.0000000E+00
         970  0.0000000E+00
         971  0.0000000E+00
         972  0.0000000E+00
         973  0.0000000E+00
         974  0.0000000E+00
         975  0.0000000E+00
         976  0.0000000E+00
         977  0.0000000E+00
         978  0.0000000E+00
         979  0.0000000E+00
         980  0.0000000E+00
         981  0.0000000E+00
         982  0.0000000E+00
         983  0.0000000E+00
         984  0.0000000E+00
         985  0.0000000E+00
         986  0.0000000E+00
         987  0.0000000E+00
         988  0.0000000E+00
         989  0.0000000E+00
         990  0.0000000E+00
         991  0.0000000E+00
         992  0.0000000E+00
         993  0.0000000E+00
         994  0.0000000E+00
         995  0.0000000E+00
         996  0.0000000E+00
         997  0.0000000E+00
         998  0.0000000E+00
         999  0.0000000E+00
        1000  0.0000000E+00
        1001  0.0000000E+00
        1002  0.0000000E+00
        1003  0.0000000E+00
        1004  0.0000000E+00
        1005  0.0000000E+00
        1006  0.0000000E+00
        1007  0.0000000E+00
        1008  0.0000000E+00
        1009  0.0000000E+00
        1010  0.0000000E+00
        1011  0.0000000E+00
        1012  0.0000000E+00
        1013  0.0000000E+00
        1014  0.0000000E+00
        1015  0.0000000E+00
        1016  0.0000000E+00
        1017  0.0000000E+00
        1018  0.0000000E+00
        1019  0.0000000E+00
        1020  0.0000000E+00
        1021  0.0000000E+00
        1022  0.0000000E+00
        1023  0.0000000E+00
        1024  0.0000000E+00
