 #   Y    A
           1   10423.29    
           2  0.0000000E+00
           3  0.0000000E+00
           4  0.0000000E+00
           5  0.0000000E+00
           6  0.0000000E+00
           7  0.0000000E+00
           8  0.0000000E+00
           9  0.0000000E+00
          10  0.0000000E+00
          11  0.0000000E+00
          12  0.0000000E+00
          13  0.0000000E+00
          14  0.0000000E+00
          15  0.0000000E+00
          16  0.0000000E+00
          17  0.0000000E+00
          18  0.0000000E+00
          19  0.0000000E+00
          20  0.0000000E+00
          21  0.0000000E+00
          22  0.0000000E+00
          23  0.0000000E+00
          24  0.0000000E+00
          25  0.0000000E+00
          26  0.0000000E+00
          27  0.0000000E+00
          28  0.0000000E+00
          29  0.0000000E+00
          30  0.0000000E+00
          31  0.0000000E+00
          32  0.0000000E+00
          33  0.0000000E+00
          34  0.0000000E+00
          35  0.0000000E+00
          36  0.0000000E+00
          37  0.0000000E+00
          38  0.0000000E+00
          39  0.0000000E+00
          40  0.0000000E+00
          41  0.0000000E+00
          42  0.0000000E+00
          43  0.0000000E+00
          44  0.0000000E+00
          45  0.0000000E+00
          46  0.0000000E+00
          47  0.0000000E+00
          48  0.0000000E+00
          49  0.0000000E+00
          50  0.0000000E+00
          51  0.0000000E+00
          52  0.0000000E+00
          53  0.0000000E+00
          54  0.0000000E+00
          55  0.0000000E+00
          56  0.0000000E+00
          57  0.0000000E+00
          58  0.0000000E+00
          59  0.0000000E+00
          60  0.0000000E+00
          61  0.0000000E+00
          62  0.0000000E+00
          63  0.0000000E+00
          64  0.0000000E+00
          65  0.0000000E+00
          66  0.0000000E+00
          67  0.0000000E+00
          68  0.0000000E+00
          69  0.0000000E+00
          70  0.0000000E+00
          71  0.0000000E+00
          72  0.0000000E+00
          73  0.0000000E+00
          74  0.0000000E+00
          75  0.0000000E+00
          76  0.0000000E+00
          77  0.0000000E+00
          78  0.0000000E+00
          79  0.0000000E+00
          80  0.0000000E+00
          81  0.0000000E+00
          82  0.0000000E+00
          83  0.0000000E+00
          84  0.0000000E+00
          85  0.0000000E+00
          86  0.0000000E+00
          87  0.0000000E+00
          88  0.0000000E+00
          89  0.0000000E+00
          90   2.118124    
          91   2.118124    
          92   7.413432    
          93   11.64968    
          94   13.76780    
          95   12.70874    
          96   14.29733    
          97   14.82686    
          98   14.82686    
          99   17.47452    
         100   17.47452    
         101   14.29733    
         102   14.82686    
         103   19.06311    
         104   13.76780    
         105   15.88593    
         106   15.88593    
         107   13.23827    
         108   14.29733    
         109   17.47452    
         110   12.17921    
         111   13.76780    
         112   15.35640    
         113   24.88795    
         114   24.35842    
         115   13.76780    
         116   16.94499    
         117   13.76780    
         118   16.94499    
         119   19.59264    
         120   10.59062    
         121   17.47452    
         122   20.12217    
         123   16.94499    
         124   17.47452    
         125   20.65170    
         126   20.12217    
         127   20.12217    
         128   19.59264    
         129   14.82686    
         130   23.29936    
         131   20.12217    
         132   18.53358    
         133   18.00405    
         134   19.06311    
         135   20.65170    
         136   20.12217    
         137   27.53561    
         138   20.12217    
         139   20.65170    
         140   18.53358    
         141   21.18124    
         142   21.18124    
         143   17.47452    
         144   20.12217    
         145   25.41748    
         146   29.65373    
         147   21.18124    
         148   23.82889    
         149   20.65170    
         150   22.24030    
         151   25.41748    
         152   28.59467    
         153   23.82889    
         154   21.18124    
         155   22.76983    
         156   25.41748    
         157   25.94701    
         158   28.59467    
         159   29.65373    
         160   29.12420    
         161   24.88795    
         162   25.94701    
         163   30.18326    
         164   31.77185    
         165   29.65373    
         166   31.77185    
         167   31.24232    
         168   30.18326    
         169   45.53966    
         170   28.06514    
         171   29.65373    
         172   34.94904    
         173   37.59669    
         174   40.77388    
         175   34.94904    
         176   34.41951    
         177   32.30138    
         178   42.89200    
         179   40.24435    
         180   33.88998    
         181   47.65778    
         182   34.94904    
         183   47.65778    
         184   53.48262    
         185   56.13028    
         186   51.89403    
         187   51.36449    
         188   55.60074    
         189   59.30746    
         190   62.48465    
         191   70.95714    
         192   74.66386    
         193   72.54573    
         194   77.31151    
         195   97.43369    
         196   91.07932    
         197   92.66791    
         198   109.6129    
         199   113.8491    
         200   110.6720    
         201   126.0284    
         202   138.7371    
         203   136.6190    
         204   136.0894    
         205   135.0304    
         206   126.5579    
         207   133.4418    
         208   127.0874    
         209   137.1485    
         210   124.4398    
         211   133.4418    
         212   111.2015    
         213   113.8491    
         214   114.9082    
         215   119.6740    
         216   111.2015    
         217   105.3766    
         218   116.4968    
         219   108.0243    
         220   89.49072    
         221   117.5559    
         222   100.6109    
         223   103.2585    
         224   95.31556    
         225   109.6129    
         226   105.3766    
         227   94.25650    
         228   100.6109    
         229   102.1995    
         230   93.19743    
         231   101.6699    
         232   99.55180    
         233   106.9652    
         234   93.72697    
         235   98.49274    
         236   112.2606    
         237   93.72697    
         238   109.6129    
         239   99.02228    
         240   109.0834    
         241   100.6109    
         242   108.5538    
         243   105.3766    
         244   115.9673    
         245   102.7290    
         246   114.3787    
         247   107.4948    
         248   109.6129    
         249   106.9652    
         250   112.7901    
         251   119.6740    
         252   119.6740    
         253   108.0243    
         254   115.4377    
         255   114.3787    
         256   128.6760    
         257   107.4948    
         258   116.4968    
         259   123.3807    
         260   132.9122    
         261   122.3216    
         262   128.6760    
         263   131.3237    
         264   128.6760    
         265   133.9713    
         266   132.3827    
         267   125.4988    
         268   144.0324    
         269   142.9733    
         270   133.9713    
         271   149.3277    
         272   147.7391    
         273   129.7351    
         274   142.4438    
         275   144.0324    
         276   133.4418    
         277   153.5639    
         278   138.7371    
         279   139.2666    
         280   139.7962    
         281   128.6760    
         282   147.2096    
         283   133.9713    
         284   139.7962    
         285   140.3257    
         286   139.2666    
         287   136.0894    
         288   137.6780    
         289   140.8552    
         290   134.5008    
         291   127.6169    
         292   129.7351    
         293   124.4398    
         294   133.4418    
         295   132.3827    
         296   128.1465    
         297   115.9673    
         298   122.8512    
         299   122.8512    
         300   111.7310    
         301   126.0284    
         302   128.6760    
         303   124.9693    
         304   119.1444    
         305   132.3827    
         306   119.6740    
         307   112.7901    
         308   115.4377    
         309   133.4418    
         310   121.7921    
         311   123.3807    
         312   132.9122    
         313   121.2626    
         314   122.8512    
         315   122.3216    
         316   125.4988    
         317   127.0874    
         318   128.1465    
         319   128.1465    
         320   132.3827    
         321   129.7351    
         322   131.3237    
         323   131.8532    
         324   130.7941    
         325   119.6740    
         326   135.0304    
         327   137.1485    
         328   124.4398    
         329   137.6780    
         330   135.0304    
         331   136.6190    
         332   124.9693    
         333   142.9733    
         334   140.8552    
         335   140.3257    
         336   129.7351    
         337   145.6210    
         338   126.5579    
         339   146.1505    
         340   135.5599    
         341   137.1485    
         342   139.2666    
         343   141.3848    
         344   141.3848    
         345   138.2076    
         346   141.9143    
         347   137.1485    
         348   138.2076    
         349   143.5029    
         350   139.7962    
         351   136.0894    
         352   147.2096    
         353   131.3237    
         354   147.2096    
         355   121.2626    
         356   142.9733    
         357   147.2096    
         358   137.1485    
         359   142.4438    
         360   151.9754    
         361   135.0304    
         362   150.3868    
         363   140.3257    
         364   149.8572    
         365   156.7411    
         366   146.6801    
         367   150.9163    
         368   156.2116    
         369   152.5049    
         370   159.9183    
         371   159.9183    
         372   165.7432    
         373   163.0955    
         374   162.5660    
         375   163.0955    
         376   169.4499    
         377   183.7472    
         378   164.6841    
         379   172.6271    
         380   178.9814    
         381   186.9244    
         382   191.6902    
         383   190.1016    
         384   186.9244    
         385   202.2808    
         386   187.4539    
         387   211.8123    
         388   198.0446    
         389   213.4009    
         390   209.6942    
         391   214.4600    
         392   216.5781    
         393   219.7553    
         394   217.6372    
         395   226.1097    
         396   230.3459    
         397   245.1728    
         398   233.5231    
         399   232.9936    
         400   236.7003    
         401   232.4641    
         402   245.1728    
         403   256.8225    
         404   255.2339    
         405   267.9426    
         406   253.6453    
         407   272.1789    
         408   269.0017    
         409   269.0017    
         410   263.1768    
         411   266.8836    
         412   276.9446    
         413   284.8876    
         414   275.3560    
         415   292.3011    
         416   265.2950    
         417   278.5332    
         418   287.5353    
         419   274.8265    
         420   297.0668    
         421   282.7695    
         422   290.1829    
         423   279.0628    
         424   279.0628    
         425   290.7125    
         426   285.4171    
         427   274.2970    
         428   308.7165    
         429   284.8876    
         430   285.4171    
         431   296.5373    
         432   297.0668    
         433   309.7756    
         434   319.3071    
         435   313.4823    
         436   307.1279    
         437   314.0118    
         438   331.4863    
         439   308.1870    
         440   328.3091    
         441   334.1340    
         442   332.5454    
         443   361.1401    
         444   337.8407    
         445   335.7226    
         446   347.3723    
         447   384.9690    
         448   362.7286    
         449   374.9079    
         450   374.3783    
         451   392.3824    
         452   380.2032    
         453   378.6146    
         454   377.5555    
         455   382.3213    
         456   395.5596    
         457   407.7388    
         458   391.3233    
         459   425.7428    
         460   419.3885    
         461   407.2093    
         462   446.3945    
         463   432.6267    
         464   416.7408    
         465   433.1562    
         466   426.8019    
         467   455.9261    
         468   435.2744    
         469   451.6898    
         470   453.2784    
         471   434.7448    
         472   452.2194    
         473   444.8059    
         474   443.7469    
         475   455.3965    
         476   454.8670    
         477   449.5717    
         478   458.0442    
         479   438.4516    
         480   467.5758    
         481   452.2194    
         482   460.6919    
         483   452.2194    
         484   489.8161    
         485   454.8670    
         486   479.7550    
         487   487.1684    
         488   469.1644    
         489   507.2906    
         490   502.5248    
         491   467.5758    
         492   491.4047    
         493   504.6429    
         494   520.5289    
         495   500.4067    
         496   499.8772    
         497   473.4006    
         498   499.3476    
         499   523.1765    
         500   483.4617    
         501   476.5778    
         502   526.8832    
         503   494.5818    
         504   500.9362    
         505   516.2926    
         506   477.1073    
         507   527.9423    
         508   503.5839    
         509   499.8772    
         510   505.1725    
         511   505.7020    
         512   507.2906    
         513   510.9973    
         514   490.3456    
         515   485.5798    
         516   505.1725    
         517   509.9382    
         518   546.4759    
         519   530.5900    
         520   504.1134    
         521   528.4718    
         522   540.1215    
         523   544.8873    
         524   508.3496    
         525   512.5859    
         526   539.0624    
         527   509.4087    
         528   521.5879    
         529   562.3618    
         530   541.1805    
         531   567.1276    
         532   535.3557    
         533   545.9464    
         534   581.9545    
         535   544.8873    
         536   596.2518    
         537   564.4799    
         538   585.6611    
         539   570.8343    
         540   599.9585    
         541   565.0095    
         542   654.5002    
         543   590.4269    
         544   612.1377    
         545   575.0706    
         546   622.1988    
         547   657.6774    
         548   576.6591    
         549   607.9014    
         550   626.9645    
         551   624.3169    
         552   669.3270    
         553   660.3250    
         554   627.4941    
         555   660.3250    
         556   624.8464    
         557   650.2639    
         558   619.0216    
         559   613.7263    
         560   606.3129    
         561   644.4391    
         562   617.9625    
         563   636.4961    
         564   603.1357    
         565   629.6122    
         566   607.9014    
         567   634.3780    
         568   618.4921    
         569   621.1397    
         570   629.6122    
         571   611.6082    
         572   626.9645    
         573   623.7874    
         574   612.1377    
         575   617.9625    
         576   633.8484    
         577   596.7813    
         578   627.4941    
         579   597.8404    
         580   626.9645    
         581   638.6143    
         582   604.1948    
         583   616.3740    
         584   612.6672    
         585   631.2008    
         586   619.0216    
         587   619.0216    
         588   639.1438    
         589   632.7894    
         590   631.2008    
         591   608.4310    
         592   646.5572    
         593   625.3760    
         594   624.3169    
         595   624.8464    
         596   618.4921    
         597   625.3760    
         598   630.1417    
         599   631.2008    
         600   625.9055    
         601   643.9095    
         602   630.1417    
         603   620.0807    
         604   628.0236    
         605   628.5532    
         606   638.6143    
         607   639.1438    
         608   641.7914    
         609   631.7303    
         610   634.3780    
         611   643.9095    
         612   657.1478    
         613   619.5511    
         614   639.6733    
         615   626.9645    
         616   657.1478    
         617   647.0867    
         618   626.4351    
         619   641.7914    
         620   653.9706    
         621   631.7303    
         622   651.8525    
         623   630.6713    
         624   658.2069    
         625   647.6163    
         626   648.6754    
         627   625.3760    
         628   659.7955    
         629   646.0277    
         630   648.6754    
         631   667.7385    
         632   652.3820    
         633   676.7405    
         634   646.0276    
         635   652.9116    
         636   675.6814    
         637   673.5633    
         638   658.2069    
         639   673.0338    
         640   660.8546    
         641   677.7996    
         642   655.0297    
         643   686.2720    
         644   675.6814    
         645   667.7385    
         646   683.0948    
         647   673.0338    
         648   683.6244    
         649   666.6794    
         650   673.5633    
         651   701.6284    
         652   673.5633    
         653   679.9177    
         654   671.4452    
         655   689.9788    
         656   672.5042    
         657   688.3901    
         658   678.8586    
         659   677.7996    
         660   695.2740    
         661   684.6834    
         662   684.6834    
         663   670.3861    
         664   692.0969    
         665   670.3861    
         666   677.2700    
         667   675.1519    
         668   670.9156    
         669   685.7425    
         670   667.2089    
         671   665.0908    
         672   679.3881    
         673   655.0297    
         674   677.7995    
         675   673.5633    
         676   656.0887    
         677   678.8586    
         678   655.5592    
         679   641.7914    
         680   655.0297    
         681   680.4472    
         682   635.9666    
         683   666.1498    
         684   656.6183    
         685   653.4411    
         686   647.6163    
         687   650.2639    
         688   635.9666    
         689   644.4391    
         690   617.9625    
         691   668.7975    
         692   612.6672    
         693   643.9095    
         694   620.0807    
         695   619.5511    
         696   637.0256    
         697   614.2558    
         698   620.6102    
         699   601.0176    
         700   634.9075    
         701   588.3088    
         702   610.0196    
         703   604.7242    
         704   594.6631    
         705   605.7833    
         706   608.4310    
         707   570.3047    
         708   613.7263    
         709   587.2498    
         710   614.7853    
         711   567.1276    
         712   588.8383    
         713   579.3068    
         714   598.8994    
         715   557.0665    
         716   590.4269    
         717   589.3679    
         718   556.5370    
         719   593.6041    
         720   561.8323    
         721   575.6000    
         722   559.7142    
         723   565.5390    
         724   582.4839    
         725   560.2437    
         726   573.4819    
         727   571.3638    
         728   551.2416    
         729   591.4860    
         730   549.1235    
         731   589.8974    
         732   552.8303    
         733   566.0685    
         734   562.3618    
         735   568.7162    
         736   590.4269    
         737   562.3618    
         738   578.7772    
         739   569.2457    
         740   572.9524    
         741   579.8363    
         742   545.4168    
         743   576.6591    
         744   565.5390    
         745   555.4779    
         746   575.6001    
         747   566.5980    
         748   582.4839    
         749   562.3618    
         750   575.0706    
         751   577.1887    
         752   581.4249    
         753   560.2437    
         754   581.4249    
         755   581.4249    
         756   566.0685    
         757   578.2477    
         758   562.8913    
         759   590.4269    
         760   568.1866    
         761   576.6591    
         762   578.7773    
         763   570.8343    
         764   598.8994    
         765   577.1887    
         766   594.1337    
         767   580.3658    
         768   594.1337    
         769   604.7242    
         770   588.3088    
         771   593.0746    
         772   617.9625    
         773   620.6102    
         774   592.5450    
         775   611.6082    
         776   620.6102    
         777   630.1417    
         778   623.7874    
         779   614.2558    
         780   652.9116    
         781   634.9075    
         782   658.7364    
         783   651.3230    
         784   676.2109    
         785   665.6203    
         786   683.0948    
         787   692.0969    
         788   711.1600    
         789   709.0419    
         790   743.9909    
         791   710.6304    
         792   775.2332    
         793   772.5856    
         794   810.1823    
         795   820.7729    
         796   904.9683    
         797   918.2065    
         798   960.0395    
         799   1044.764    
         800   1167.616    
         801   1274.051    
         802   1391.078    
         803   1642.605    
         804   1830.059    
         805   2056.698    
         806   2160.486    
         807   1876.657    
         808   1372.544    
         809   1118.369    
         810   910.2636    
         811   803.8279    
         812   697.9217    
         813   617.9625    
         814   569.2457    
         815   547.0054    
         816   477.1073    
         817   455.3965    
         818   428.9200    
         819   415.6817    
         820   380.2032    
         821   386.0280    
         822   347.3723    
         823   340.4883    
         824   327.2501    
         825   321.4252    
         826   297.0668    
         827   300.2440    
         828   273.7675    
         829   281.7104    
         830   271.6494    
         831   259.9997    
         832   264.7654    
         833   243.0547    
         834   251.5272    
         835   257.8815    
         836   225.0506    
         837   244.6433    
         838   231.9345    
         839   223.4620    
         840   228.7573    
         841   213.9305    
         842   231.4050    
         843   210.2238    
         844   214.4600    
         845   191.6902    
         846   217.1077    
         847   202.2808    
         848   203.3399    
         849   200.1627    
         850   190.6311    
         851   201.7513    
         852   193.8083    
         853   198.5741    
         854   194.3378    
         855   185.3358    
         856   195.9264    
         857   190.6311    
         858   195.3969    
         859   179.5110    
         860   191.1606    
         861   189.0425    
         862   187.9835    
         863   174.7452    
         864   184.8063    
         865   183.7472    
         866   181.6291    
         867   181.6291    
         868   184.8063    
         869   184.8063    
         870   185.3358    
         871   175.2747    
         872   175.8043    
         873   184.8063    
         874   167.8613    
         875   184.2767    
         876   181.6291    
         877   178.9814    
         878   178.9814    
         879   183.2177    
         880   171.5680    
         881   177.3929    
         882   179.5110    
         883   171.5680    
         884   183.2177    
         885   157.8002    
         886   168.3908    
         887   162.5660    
         888   175.2747    
         889   161.5069    
         890   171.5680    
         891   148.2686    
         892   164.1546    
         893   150.3868    
         894   157.8002    
         895   144.0324    
         896   156.7411    
         897   145.0915    
         898   153.0344    
         899   137.6780    
         900   148.2686    
         901   136.0894    
         902   140.3257    
         903   129.7351    
         904   143.5029    
         905   133.4418    
         906   136.0894    
         907   127.0874    
         908   141.3848    
         909   130.2646    
         910   129.2055    
         911   119.1444    
         912   122.8512    
         913   122.3216    
         914   115.9673    
         915   131.3237    
         916   114.9082    
         917   125.4988    
         918   113.3196    
         919   121.2626    
         920   113.8491    
         921   116.4968    
         922   112.7901    
         923   121.2626    
         924   108.0243    
         925   114.9082    
         926   108.5538    
         927   100.0813    
         928   111.7310    
         929   108.0243    
         930   97.96321    
         931   106.4357    
         932   88.43166    
         933   105.3766    
         934   93.19743    
         935   92.13837    
         936   99.55180    
         937   85.78400    
         938   86.84306    
         939   88.96119    
         940   85.25447    
         941   82.60682    
         942   92.13837    
         943   79.42963    
         944   79.95917    
         945   76.25245    
         946   92.66791    
         947   72.01620    
         948   76.25245    
         949   82.60682    
         950   72.54573    
         951   74.66386    
         952   73.60480    
         953   65.66183    
         954   76.78197    
         955   60.89605    
         956   72.54573    
         957   68.83901    
         958   64.07323    
         959   61.42558    
         960   68.83901    
         961   60.89605    
         962   59.30746    
         963   64.60277    
         964   61.95511    
         965   55.07121    
         966   60.89605    
         967   54.54168    
         968   56.13028    
         969   54.01215    
         970   55.07121    
         971   58.24840    
         972   51.89403    
         973   50.83496    
         974   57.71887    
         975   51.36449    
         976   49.77590    
         977   51.89403    
         978   52.42356    
         979   50.83496    
         980   48.71684    
         981   59.83699    
         982   50.83496    
         983   49.24637    
         984   50.83496    
         985   52.95309    
         986   50.30544    
         987   47.65778    
         988   52.95309    
         989   54.54168    
         990   47.65778    
         991   51.89403    
         992   47.65778    
         993   55.60074    
         994   52.95309    
         995   49.24637    
         996   53.48262    
         997   48.71684    
         998   50.83496    
         999   48.18731    
        1000   58.77793    
        1001   43.95107    
        1002   60.36652    
        1003   45.53966    
        1004   54.54168    
        1005   49.24637    
        1006   45.01012    
        1007   52.95309    
        1008   43.95107    
        1009   51.36449    
        1010   49.24637    
        1011   46.59872    
        1012   51.36449    
        1013   46.06919    
        1014   42.36247    
        1015   43.95107    
        1016   45.01012    
        1017   50.30544    
        1018   38.65575    
        1019   47.65778    
        1020   41.83294    
        1021   46.06919    
        1022   49.24637    
        1023   46.06919    
        1024   42.89200    
