 #   Y    A
           1  0.0000000E+00
           2  0.0000000E+00
           3  0.0000000E+00
           4  0.0000000E+00
           5  0.0000000E+00
           6  0.0000000E+00
           7  0.0000000E+00
           8  0.0000000E+00
           9  0.0000000E+00
          10  0.0000000E+00
          11  0.0000000E+00
          12  0.0000000E+00
          13  0.0000000E+00
          14  0.0000000E+00
          15  0.0000000E+00
          16  0.0000000E+00
          17  0.0000000E+00
          18  0.0000000E+00
          19  0.0000000E+00
          20  0.0000000E+00
          21  0.0000000E+00
          22  0.0000000E+00
          23  0.0000000E+00
          24  0.0000000E+00
          25  0.0000000E+00
          26  0.0000000E+00
          27  0.0000000E+00
          28  0.0000000E+00
          29  0.0000000E+00
          30  0.0000000E+00
          31  0.0000000E+00
          32  0.0000000E+00
          33  0.0000000E+00
          34  0.0000000E+00
          35  0.0000000E+00
          36  0.0000000E+00
          37  0.0000000E+00
          38  0.0000000E+00
          39  0.0000000E+00
          40  0.0000000E+00
          41  0.0000000E+00
          42  0.0000000E+00
          43  0.0000000E+00
          44  0.0000000E+00
          45  0.0000000E+00
          46  0.0000000E+00
          47  0.0000000E+00
          48  0.0000000E+00
          49  0.0000000E+00
          50  0.0000000E+00
          51  0.0000000E+00
          52  0.0000000E+00
          53  0.0000000E+00
          54  0.0000000E+00
          55  0.0000000E+00
          56  0.0000000E+00
          57  0.0000000E+00
          58  0.0000000E+00
          59  0.0000000E+00
          60  0.0000000E+00
          61  0.0000000E+00
          62  0.0000000E+00
          63  0.0000000E+00
          64  0.0000000E+00
          65  0.0000000E+00
          66  0.0000000E+00
          67  0.0000000E+00
          68  0.0000000E+00
          69  0.0000000E+00
          70  0.0000000E+00
          71  0.0000000E+00
          72  0.0000000E+00
          73  0.0000000E+00
          74  0.0000000E+00
          75  0.0000000E+00
          76  0.0000000E+00
          77  0.0000000E+00
          78  0.0000000E+00
          79  0.0000000E+00
          80  0.0000000E+00
          81  0.0000000E+00
          82  0.0000000E+00
          83  0.0000000E+00
          84  0.0000000E+00
          85  0.0000000E+00
          86  0.0000000E+00
          87  0.0000000E+00
          88  0.0000000E+00
          89  0.0000000E+00
          90  0.0000000E+00
          91  0.0000000E+00
          92  0.0000000E+00
          93  0.0000000E+00
          94  0.0000000E+00
          95  0.0000000E+00
          96  0.0000000E+00
          97  0.0000000E+00
          98  0.0000000E+00
          99  0.0000000E+00
         100  0.0000000E+00
         101  0.0000000E+00
         102  0.0000000E+00
         103  0.0000000E+00
         104  0.0000000E+00
         105  0.0000000E+00
         106  0.0000000E+00
         107  0.0000000E+00
         108  0.0000000E+00
         109  0.0000000E+00
         110  0.0000000E+00
         111  0.0000000E+00
         112  0.0000000E+00
         113  0.0000000E+00
         114  0.0000000E+00
         115  0.0000000E+00
         116  0.0000000E+00
         117  0.0000000E+00
         118  0.0000000E+00
         119  0.0000000E+00
         120  0.0000000E+00
         121  0.0000000E+00
         122  0.0000000E+00
         123  0.0000000E+00
         124  0.0000000E+00
         125  0.0000000E+00
         126  0.0000000E+00
         127  0.0000000E+00
         128  0.0000000E+00
         129  0.0000000E+00
         130  0.0000000E+00
         131  0.0000000E+00
         132  0.0000000E+00
         133  0.0000000E+00
         134  0.0000000E+00
         135  0.0000000E+00
         136  0.0000000E+00
         137  0.0000000E+00
         138  0.0000000E+00
         139  0.0000000E+00
         140  0.0000000E+00
         141  0.0000000E+00
         142  0.0000000E+00
         143  0.0000000E+00
         144  0.0000000E+00
         145  0.0000000E+00
         146  0.0000000E+00
         147  0.0000000E+00
         148  0.0000000E+00
         149  0.0000000E+00
         150  0.0000000E+00
         151  0.0000000E+00
         152  0.0000000E+00
         153  0.0000000E+00
         154  0.0000000E+00
         155  0.0000000E+00
         156  0.0000000E+00
         157  0.0000000E+00
         158  0.0000000E+00
         159  0.0000000E+00
         160  0.0000000E+00
         161  0.0000000E+00
         162  0.0000000E+00
         163  0.0000000E+00
         164  0.0000000E+00
         165  0.0000000E+00
         166  0.0000000E+00
         167  0.0000000E+00
         168  0.0000000E+00
         169  0.0000000E+00
         170  0.0000000E+00
         171  0.0000000E+00
         172  0.0000000E+00
         173  0.0000000E+00
         174  0.0000000E+00
         175  0.0000000E+00
         176  0.0000000E+00
         177  0.0000000E+00
         178  0.0000000E+00
         179  0.0000000E+00
         180  0.0000000E+00
         181  0.0000000E+00
         182  0.0000000E+00
         183  0.0000000E+00
         184  0.0000000E+00
         185  0.0000000E+00
         186  0.0000000E+00
         187  0.0000000E+00
         188  0.0000000E+00
         189  0.0000000E+00
         190  0.0000000E+00
         191  0.0000000E+00
         192  0.0000000E+00
         193  0.0000000E+00
         194  0.0000000E+00
         195  0.0000000E+00
         196  0.0000000E+00
         197  0.0000000E+00
         198  0.0000000E+00
         199  0.0000000E+00
         200  0.0000000E+00
         201  0.0000000E+00
         202  0.0000000E+00
         203  0.0000000E+00
         204  0.0000000E+00
         205  0.0000000E+00
         206  0.0000000E+00
         207  0.0000000E+00
         208  0.0000000E+00
         209  0.0000000E+00
         210  0.0000000E+00
         211  0.0000000E+00
         212  0.0000000E+00
         213  0.0000000E+00
         214  0.0000000E+00
         215  0.0000000E+00
         216  0.0000000E+00
         217  0.0000000E+00
         218  0.0000000E+00
         219  0.0000000E+00
         220  0.0000000E+00
         221  0.0000000E+00
         222  0.0000000E+00
         223  0.0000000E+00
         224  0.0000000E+00
         225  0.0000000E+00
         226  0.0000000E+00
         227  0.0000000E+00
         228  0.0000000E+00
         229  0.0000000E+00
         230  0.0000000E+00
         231  0.0000000E+00
         232  0.0000000E+00
         233  0.0000000E+00
         234  0.0000000E+00
         235  0.0000000E+00
         236  0.0000000E+00
         237  0.0000000E+00
         238  0.0000000E+00
         239  0.0000000E+00
         240  0.0000000E+00
         241  0.0000000E+00
         242  0.0000000E+00
         243  0.0000000E+00
         244  0.0000000E+00
         245  0.0000000E+00
         246  0.0000000E+00
         247  0.0000000E+00
         248  0.0000000E+00
         249  0.0000000E+00
         250  0.0000000E+00
         251  0.0000000E+00
         252  0.0000000E+00
         253  0.0000000E+00
         254  0.0000000E+00
         255  0.0000000E+00
         256  0.0000000E+00
         257  0.0000000E+00
         258  0.0000000E+00
         259  0.0000000E+00
         260  0.0000000E+00
         261  0.0000000E+00
         262  0.0000000E+00
         263  0.0000000E+00
         264  0.0000000E+00
         265  0.0000000E+00
         266  0.0000000E+00
         267  0.0000000E+00
         268  0.0000000E+00
         269  0.0000000E+00
         270  0.0000000E+00
         271  0.0000000E+00
         272  0.0000000E+00
         273  0.0000000E+00
         274  0.0000000E+00
         275  0.0000000E+00
         276  0.0000000E+00
         277  0.0000000E+00
         278  0.0000000E+00
         279  0.0000000E+00
         280  0.0000000E+00
         281  0.0000000E+00
         282  0.0000000E+00
         283  0.0000000E+00
         284  0.0000000E+00
         285  0.0000000E+00
         286  0.0000000E+00
         287  0.0000000E+00
         288  0.0000000E+00
         289  0.0000000E+00
         290  0.0000000E+00
         291  0.0000000E+00
         292  0.0000000E+00
         293  0.0000000E+00
         294  0.0000000E+00
         295  0.0000000E+00
         296  0.0000000E+00
         297  0.0000000E+00
         298  0.0000000E+00
         299  0.0000000E+00
         300  0.0000000E+00
         301  0.0000000E+00
         302  0.0000000E+00
         303  0.0000000E+00
         304  0.0000000E+00
         305  0.0000000E+00
         306  0.0000000E+00
         307  0.0000000E+00
         308  0.0000000E+00
         309  0.0000000E+00
         310  0.0000000E+00
         311  0.0000000E+00
         312  0.0000000E+00
         313  0.0000000E+00
         314  0.0000000E+00
         315  0.0000000E+00
         316  0.0000000E+00
         317  0.0000000E+00
         318  0.0000000E+00
         319  0.0000000E+00
         320  0.0000000E+00
         321  0.0000000E+00
         322  0.0000000E+00
         323  0.0000000E+00
         324  0.0000000E+00
         325  0.0000000E+00
         326  0.0000000E+00
         327  0.0000000E+00
         328  0.0000000E+00
         329  0.0000000E+00
         330  0.0000000E+00
         331  0.0000000E+00
         332  0.0000000E+00
         333  0.0000000E+00
         334  0.0000000E+00
         335  0.0000000E+00
         336   3.706716    
         337   10.06109    
         338   20.12217    
         339   22.24030    
         340   28.59467    
         341   30.71279    
         342   32.83091    
         343   33.36045    
         344   25.41748    
         345   34.41951    
         346   28.59467    
         347   56.65981    
         348   29.12420    
         349   38.65575    
         350   31.24232    
         351   34.94904    
         352   34.94904    
         353   41.30341    
         354   34.94904    
         355   35.47857    
         356   51.89403    
         357   39.18529    
         358   47.12825    
         359   40.77388    
         360   42.89200    
         361   51.89403    
         362   54.54168    
         363   55.07121    
         364   39.18529    
         365   41.83294    
         366   52.42356    
         367   41.30341    
         368   45.53966    
         369   57.18933    
         370   47.12825    
         371   50.83496    
         372   38.12622    
         373   49.77590    
         374   60.36652    
         375   49.77590    
         376   52.42356    
         377   59.30746    
         378   55.07121    
         379   57.18933    
         380   67.25042    
         381   66.72089    
         382   56.65981    
         383   57.71886    
         384   65.66183    
         385   74.66386    
         386   68.30949    
         387   60.89605    
         388   79.42963    
         389   64.07323    
         390   76.25245    
         391   87.90213    
         392   74.66386    
         393   82.07729    
         394   70.42760    
         395   100.0813    
         396   92.66791    
         397   90.54978    
         398   94.78603    
         399   102.7290    
         400   90.54978    
         401   104.3176    
         402   126.0284    
         403   114.3787    
         404   119.1444    
         405   118.0854    
         406   144.5619    
         407   139.2666    
         408   164.1546    
         409   145.6210    
         410   183.2177    
         411   192.7492    
         412   178.4519    
         413   218.6963    
         414   235.1117    
         415   243.5842    
         416   283.8286    
         417   295.4782    
         418   338.8997    
         419   354.2562    
         420   396.0891    
         421   434.2153    
         422   477.1073    
         423   549.6531    
         424   671.9747    
         425   710.6304    
         426   756.1701    
         427   775.7628    
         428   764.1130    
         429   764.1130    
         430   804.8870    
         431   763.0540    
         432   746.1090    
         433   737.6365    
         434   731.8117    
         435   755.1110    
         436   725.9868    
         437   743.9909    
         438   727.0459    
         439   711.6895    
         440   729.6935    
         441   720.1620    
         442   722.2802    
         443   758.8177    
         444   754.5815    
         445   765.7017    
         446   781.0580    
         447   808.0641    
         448   791.6487    
         449   819.1843    
         450   826.0682    
         451   844.6017    
         452   896.4958    
         453   898.0844    
         454   944.6831    
         455   989.1637    
         456   1010.874    
         457   1072.300    
         458   1095.070    
         459   1189.856    
         460   1209.448    
         461   1246.516    
         462   1338.125    
         463   1395.843    
         464   1357.717    
         465   1472.096    
         466   1441.383    
         467   1467.860    
         468   1471.566    
         469   1522.931    
         470   1526.108    
         471   1587.004    
         472   1638.898    
         473   1697.676    
         474   1816.291    
         475   1965.089    
         476   2130.832    
         477   2330.465    
         478   2523.744    
         479   2606.351    
         480   2875.353    
         481   3489.609    
         482   4525.900    
         483   5648.506    
         484   5672.335    
         485   4525.371    
         486   4597.387    
         487   4275.432    
         488   3304.802    
         489   2831.931    
         490   2580.934    
         491   2455.964    
         492   2318.816    
         493   2148.836    
         494   2093.765    
         495   1952.910    
         496   1878.246    
         497   1717.798    
         498   1702.971    
         499   1598.654    
         500   1634.662    
         501   1591.770    
         502   1598.124    
         503   1608.185    
         504   1561.057    
         505   1473.155    
         506   1437.147    
         507   1447.737    
         508   1399.550    
         509   1382.605    
         510   1372.544    
         511   1384.194    
         512   1395.843    
         513   1327.534    
         514   1325.416    
         515   1300.528    
         516   1283.583    
         517   1243.868    
         518   1265.049    
         519   1241.750    
         520   1275.110    
         521   1237.514    
         522   1200.976    
         523   1217.391    
         524   1160.202    
         525   1217.391    
         526   1145.375    
         527   1143.787    
         528   1131.608    
         529   1151.730    
         530   1123.135    
         531   1132.137    
         532   1149.612    
         533   1086.068    
         534   1114.662    
         535   1103.542    
         536   1082.891    
         537   1089.775    
         538   1145.905    
         539   1090.834    
         540   1071.241    
         541   1112.015    
         542   1061.180    
         543   1053.766    
         544   1103.013    
         545   1092.422    
         546   1119.428    
         547   1043.705    
         548   1128.960    
         549   1070.182    
         550   1007.168    
         551   1077.595    
         552   1027.819    
         553   1035.233    
         554   1096.658    
         555   1011.404    
         556   1123.135    
         557   1044.235    
         558   1041.058    
         559   1065.416    
         560   1021.465    
         561   1083.420    
         562   996.5771    
         563   1050.060    
         564   1023.583    
         565   1041.587    
         566   1076.536    
         567   1034.703    
         568   1018.288    
         569   1082.361    
         570   1044.764    
         571   1000.813    
         572   1080.243    
         573   1034.174    
         574   1080.773    
         575   1080.773    
         576   1063.298    
         577   1063.298    
         578   1088.186    
         579   1055.355    
         580   1115.722    
         581   1058.532    
         582   1044.235    
         583   1062.768    
         584   1017.758    
         585   1069.652    
         586   1027.819    
         587   1080.243    
         588   1071.241    
         589   1042.646    
         590   1064.357    
         591   1081.832    
         592   1053.766    
         593   1114.662    
         594   1054.296    
         595   1071.241    
         596   993.9294    
         597   1141.669    
         598   1018.817    
         599   1052.178    
         600   1063.298    
         601   964.2758    
         602   1058.003    
         603   990.2228    
         604   1036.292    
         605   1055.355    
         606   1074.948    
         607   1078.654    
         608   1039.999    
         609   1090.834    
         610   1088.186    
         611   1127.901    
         612   1095.070    
         613   1074.418    
         614   1089.245    
         615   1136.903    
         616   1093.481    
         617   1096.129    
         618   1073.359    
         619   1147.493    
         620   1028.879    
         621   1065.946    
         622   1133.726    
         623   1086.597    
         624   1080.243    
         625   1091.893    
         626   1054.826    
         627   1126.842    
         628   1045.823    
         629   1058.532    
         630   1082.361    
         631   1042.117    
         632   1035.762    
         633   1045.294    
         634   1041.058    
         635   1038.940    
         636   1081.302    
         637   1005.050    
         638   1070.182    
         639   1055.885    
         640   1064.887    
         641   1017.758    
         642   1028.349    
         643   998.1657    
         644   997.6362    
         645   954.2147    
         646   982.8093    
         647   919.2656    
         648   921.9133    
         649   934.0925    
         650   872.1374    
         651   867.3716    
         652   819.7138    
         653   802.2393    
         654   732.8707    
         655   750.3453    
         656   695.8036    
         657   668.7975    
         658   666.1498    
         659   619.5511    
         660   634.9075    
         661   582.4839    
         662   575.6000    
         663   546.4759    
         664   537.4738    
         665   502.5248    
         666   496.7000    
         667   481.8731    
         668   445.8650    
         669   469.1644    
         670   447.4536    
         671   430.5086    
         672   434.7448    
         673   411.9750    
         674   424.1542    
         675   390.7938    
         676   362.7287    
         677   395.0300    
         678   360.0810    
         679   343.6656    
         680   339.4293    
         681   326.1910    
         682   339.4293    
         683   312.9528    
         684   296.0078    
         685   317.1890    
         686   306.0688    
         687   306.0688    
         688   282.7695    
         689   301.3031    
         690   270.0608    
         691   281.7104    
         692   271.6494    
         693   281.1809    
         694   247.8204    
         695   264.2359    
         696   270.5903    
         697   242.5251    
         698   245.1728    
         699   234.0526    
         700   209.1647    
         701   243.5842    
         702   231.4050    
         703   212.3419    
         704   186.9244    
         705   199.1036    
         706   203.3399    
         707   199.6331    
         708   186.9244    
         709   182.1586    
         710   175.8043    
         711   173.1566    
         712   185.3358    
         713   172.6271    
         714   167.3318    
         715   140.8552    
         716   151.4458    
         717   152.5049    
         718   147.2096    
         719   135.5599    
         720   137.6780    
         721   130.2646    
         722   122.8512    
         723   113.8491    
         724   101.6699    
         725   68.30949    
         726   1.588593    
         727  0.0000000E+00
         728  0.0000000E+00
         729  0.0000000E+00
         730  0.0000000E+00
         731  0.0000000E+00
         732  0.0000000E+00
         733  0.0000000E+00
         734  0.0000000E+00
         735  0.0000000E+00
         736  0.0000000E+00
         737  0.0000000E+00
         738  0.0000000E+00
         739  0.0000000E+00
         740  0.0000000E+00
         741  0.0000000E+00
         742  0.0000000E+00
         743  0.0000000E+00
         744  0.0000000E+00
         745  0.0000000E+00
         746  0.0000000E+00
         747  0.0000000E+00
         748  0.0000000E+00
         749  0.0000000E+00
         750  0.0000000E+00
         751  0.0000000E+00
         752  0.0000000E+00
         753  0.0000000E+00
         754  0.0000000E+00
         755  0.0000000E+00
         756  0.0000000E+00
         757  0.0000000E+00
         758  0.0000000E+00
         759  0.0000000E+00
         760  0.0000000E+00
         761  0.0000000E+00
         762  0.0000000E+00
         763  0.0000000E+00
         764  0.0000000E+00
         765  0.0000000E+00
         766  0.0000000E+00
         767  0.0000000E+00
         768  0.0000000E+00
         769  0.0000000E+00
         770  0.0000000E+00
         771  0.0000000E+00
         772  0.0000000E+00
         773  0.0000000E+00
         774  0.0000000E+00
         775  0.0000000E+00
         776  0.0000000E+00
         777  0.0000000E+00
         778  0.0000000E+00
         779  0.0000000E+00
         780  0.0000000E+00
         781  0.0000000E+00
         782  0.0000000E+00
         783  0.0000000E+00
         784  0.0000000E+00
         785  0.0000000E+00
         786  0.0000000E+00
         787  0.0000000E+00
         788  0.0000000E+00
         789  0.0000000E+00
         790  0.0000000E+00
         791  0.0000000E+00
         792  0.0000000E+00
         793  0.0000000E+00
         794  0.0000000E+00
         795  0.0000000E+00
         796  0.0000000E+00
         797  0.0000000E+00
         798  0.0000000E+00
         799  0.0000000E+00
         800  0.0000000E+00
         801  0.0000000E+00
         802  0.0000000E+00
         803  0.0000000E+00
         804  0.0000000E+00
         805  0.0000000E+00
         806  0.0000000E+00
         807  0.0000000E+00
         808  0.0000000E+00
         809  0.0000000E+00
         810  0.0000000E+00
         811  0.0000000E+00
         812  0.0000000E+00
         813  0.0000000E+00
         814  0.0000000E+00
         815  0.0000000E+00
         816  0.0000000E+00
         817  0.0000000E+00
         818  0.0000000E+00
         819  0.0000000E+00
         820  0.0000000E+00
         821  0.0000000E+00
         822  0.0000000E+00
         823  0.0000000E+00
         824  0.0000000E+00
         825  0.0000000E+00
         826  0.0000000E+00
         827  0.0000000E+00
         828  0.0000000E+00
         829  0.0000000E+00
         830  0.0000000E+00
         831  0.0000000E+00
         832  0.0000000E+00
         833  0.0000000E+00
         834  0.0000000E+00
         835  0.0000000E+00
         836  0.0000000E+00
         837  0.0000000E+00
         838  0.0000000E+00
         839  0.0000000E+00
         840  0.0000000E+00
         841  0.0000000E+00
         842  0.0000000E+00
         843  0.0000000E+00
         844  0.0000000E+00
         845  0.0000000E+00
         846  0.0000000E+00
         847  0.0000000E+00
         848  0.0000000E+00
         849  0.0000000E+00
         850  0.0000000E+00
         851  0.0000000E+00
         852  0.0000000E+00
         853  0.0000000E+00
         854  0.0000000E+00
         855  0.0000000E+00
         856  0.0000000E+00
         857  0.0000000E+00
         858  0.0000000E+00
         859  0.0000000E+00
         860  0.0000000E+00
         861  0.0000000E+00
         862  0.0000000E+00
         863  0.0000000E+00
         864  0.0000000E+00
         865  0.0000000E+00
         866  0.0000000E+00
         867  0.0000000E+00
         868  0.0000000E+00
         869  0.0000000E+00
         870  0.0000000E+00
         871  0.0000000E+00
         872  0.0000000E+00
         873  0.0000000E+00
         874  0.0000000E+00
         875  0.0000000E+00
         876  0.0000000E+00
         877  0.0000000E+00
         878  0.0000000E+00
         879  0.0000000E+00
         880  0.0000000E+00
         881  0.0000000E+00
         882  0.0000000E+00
         883  0.0000000E+00
         884  0.0000000E+00
         885  0.0000000E+00
         886  0.0000000E+00
         887  0.0000000E+00
         888  0.0000000E+00
         889  0.0000000E+00
         890  0.0000000E+00
         891  0.0000000E+00
         892  0.0000000E+00
         893  0.0000000E+00
         894  0.0000000E+00
         895  0.0000000E+00
         896  0.0000000E+00
         897  0.0000000E+00
         898  0.0000000E+00
         899  0.0000000E+00
         900  0.0000000E+00
         901  0.0000000E+00
         902  0.0000000E+00
         903  0.0000000E+00
         904  0.0000000E+00
         905  0.0000000E+00
         906  0.0000000E+00
         907  0.0000000E+00
         908  0.0000000E+00
         909  0.0000000E+00
         910  0.0000000E+00
         911  0.0000000E+00
         912  0.0000000E+00
         913  0.0000000E+00
         914  0.0000000E+00
         915  0.0000000E+00
         916  0.0000000E+00
         917  0.0000000E+00
         918  0.0000000E+00
         919  0.0000000E+00
         920  0.0000000E+00
         921  0.0000000E+00
         922  0.0000000E+00
         923  0.0000000E+00
         924  0.0000000E+00
         925  0.0000000E+00
         926  0.0000000E+00
         927  0.0000000E+00
         928  0.0000000E+00
         929  0.0000000E+00
         930  0.0000000E+00
         931  0.0000000E+00
         932  0.0000000E+00
         933  0.0000000E+00
         934  0.0000000E+00
         935  0.0000000E+00
         936  0.0000000E+00
         937  0.0000000E+00
         938  0.0000000E+00
         939  0.0000000E+00
         940  0.0000000E+00
         941  0.0000000E+00
         942  0.0000000E+00
         943  0.0000000E+00
         944  0.0000000E+00
         945  0.0000000E+00
         946  0.0000000E+00
         947  0.0000000E+00
         948  0.0000000E+00
         949  0.0000000E+00
         950  0.0000000E+00
         951  0.0000000E+00
         952  0.0000000E+00
         953  0.0000000E+00
         954  0.0000000E+00
         955  0.0000000E+00
         956  0.0000000E+00
         957  0.0000000E+00
         958  0.0000000E+00
         959  0.0000000E+00
         960  0.0000000E+00
         961  0.0000000E+00
         962  0.0000000E+00
         963  0.0000000E+00
         964  0.0000000E+00
         965  0.0000000E+00
         966  0.0000000E+00
         967  0.0000000E+00
         968  0.0000000E+00
         969  0.0000000E+00
         970  0.0000000E+00
         971  0.0000000E+00
         972  0.0000000E+00
         973  0.0000000E+00
         974  0.0000000E+00
         975  0.0000000E+00
         976  0.0000000E+00
         977  0.0000000E+00
         978  0.0000000E+00
         979  0.0000000E+00
         980  0.0000000E+00
         981  0.0000000E+00
         982  0.0000000E+00
         983  0.0000000E+00
         984  0.0000000E+00
         985  0.0000000E+00
         986  0.0000000E+00
         987  0.0000000E+00
         988  0.0000000E+00
         989  0.0000000E+00
         990  0.0000000E+00
         991  0.0000000E+00
         992  0.0000000E+00
         993  0.0000000E+00
         994  0.0000000E+00
         995  0.0000000E+00
         996  0.0000000E+00
         997  0.0000000E+00
         998  0.0000000E+00
         999  0.0000000E+00
        1000  0.0000000E+00
        1001  0.0000000E+00
        1002  0.0000000E+00
        1003  0.0000000E+00
        1004  0.0000000E+00
        1005  0.0000000E+00
        1006  0.0000000E+00
        1007  0.0000000E+00
        1008  0.0000000E+00
        1009  0.0000000E+00
        1010  0.0000000E+00
        1011  0.0000000E+00
        1012  0.0000000E+00
        1013  0.0000000E+00
        1014  0.0000000E+00
        1015  0.0000000E+00
        1016  0.0000000E+00
        1017  0.0000000E+00
        1018  0.0000000E+00
        1019  0.0000000E+00
        1020  0.0000000E+00
        1021  0.0000000E+00
        1022  0.0000000E+00
        1023  0.0000000E+00
        1024  0.0000000E+00
