 #   Y    A
           1  0.0000000E+00
           2  0.0000000E+00
           3  0.0000000E+00
           4  0.0000000E+00
           5  0.0000000E+00
           6  0.0000000E+00
           7  0.0000000E+00
           8  0.0000000E+00
           9  0.0000000E+00
          10  0.0000000E+00
          11  0.0000000E+00
          12  0.0000000E+00
          13  0.0000000E+00
          14  0.0000000E+00
          15  0.0000000E+00
          16  0.0000000E+00
          17  0.0000000E+00
          18  0.0000000E+00
          19  0.0000000E+00
          20  0.0000000E+00
          21  0.0000000E+00
          22  0.0000000E+00
          23  0.0000000E+00
          24  0.0000000E+00
          25  0.0000000E+00
          26  0.0000000E+00
          27  0.0000000E+00
          28  0.0000000E+00
          29  0.0000000E+00
          30  0.0000000E+00
          31  0.0000000E+00
          32  0.0000000E+00
          33  0.0000000E+00
          34  0.0000000E+00
          35  0.0000000E+00
          36  0.0000000E+00
          37  0.0000000E+00
          38  0.0000000E+00
          39  0.0000000E+00
          40  0.0000000E+00
          41  0.0000000E+00
          42  0.0000000E+00
          43  0.0000000E+00
          44  0.0000000E+00
          45  0.0000000E+00
          46  0.0000000E+00
          47  0.0000000E+00
          48  0.0000000E+00
          49  0.0000000E+00
          50  0.0000000E+00
          51  0.0000000E+00
          52  0.0000000E+00
          53  0.0000000E+00
          54  0.0000000E+00
          55  0.0000000E+00
          56  0.0000000E+00
          57  0.0000000E+00
          58  0.0000000E+00
          59  0.0000000E+00
          60  0.0000000E+00
          61  0.0000000E+00
          62  0.0000000E+00
          63  0.0000000E+00
          64  0.0000000E+00
          65  0.0000000E+00
          66  0.0000000E+00
          67  0.0000000E+00
          68  0.0000000E+00
          69  0.0000000E+00
          70  0.0000000E+00
          71  0.0000000E+00
          72  0.0000000E+00
          73  0.0000000E+00
          74  0.0000000E+00
          75  0.0000000E+00
          76  0.0000000E+00
          77  0.0000000E+00
          78  0.0000000E+00
          79  0.0000000E+00
          80  0.0000000E+00
          81  0.0000000E+00
          82  0.0000000E+00
          83  0.0000000E+00
          84  0.0000000E+00
          85  0.0000000E+00
          86  0.0000000E+00
          87  0.0000000E+00
          88  0.0000000E+00
          89  0.0000000E+00
          90  0.0000000E+00
          91  0.0000000E+00
          92  0.0000000E+00
          93  0.0000000E+00
          94  0.0000000E+00
          95  0.0000000E+00
          96  0.0000000E+00
          97  0.0000000E+00
          98  0.0000000E+00
          99  0.0000000E+00
         100  0.0000000E+00
         101  0.0000000E+00
         102  0.0000000E+00
         103  0.0000000E+00
         104  0.0000000E+00
         105  0.0000000E+00
         106  0.0000000E+00
         107  0.0000000E+00
         108  0.0000000E+00
         109  0.0000000E+00
         110  0.0000000E+00
         111  0.0000000E+00
         112  0.0000000E+00
         113  0.0000000E+00
         114  0.0000000E+00
         115  0.0000000E+00
         116  0.0000000E+00
         117  0.0000000E+00
         118  0.0000000E+00
         119  0.0000000E+00
         120  0.0000000E+00
         121  0.0000000E+00
         122  0.0000000E+00
         123  0.0000000E+00
         124  0.0000000E+00
         125  0.0000000E+00
         126  0.0000000E+00
         127  0.0000000E+00
         128  0.0000000E+00
         129  0.0000000E+00
         130  0.0000000E+00
         131  0.0000000E+00
         132  0.0000000E+00
         133  0.0000000E+00
         134  0.0000000E+00
         135  0.0000000E+00
         136  0.0000000E+00
         137  0.0000000E+00
         138  0.0000000E+00
         139  0.0000000E+00
         140  0.0000000E+00
         141  0.0000000E+00
         142  0.0000000E+00
         143  0.0000000E+00
         144  0.0000000E+00
         145  0.0000000E+00
         146  0.0000000E+00
         147  0.0000000E+00
         148  0.0000000E+00
         149  0.0000000E+00
         150  0.0000000E+00
         151  0.0000000E+00
         152  0.0000000E+00
         153  0.0000000E+00
         154  0.0000000E+00
         155  0.0000000E+00
         156  0.0000000E+00
         157  0.0000000E+00
         158  0.0000000E+00
         159  0.0000000E+00
         160  0.0000000E+00
         161  0.0000000E+00
         162  0.0000000E+00
         163  0.0000000E+00
         164  0.0000000E+00
         165  0.0000000E+00
         166  0.0000000E+00
         167  0.0000000E+00
         168  0.0000000E+00
         169  0.0000000E+00
         170  0.0000000E+00
         171  0.0000000E+00
         172  0.0000000E+00
         173  0.0000000E+00
         174  0.0000000E+00
         175  0.0000000E+00
         176  0.0000000E+00
         177  0.0000000E+00
         178  0.0000000E+00
         179  0.0000000E+00
         180  0.0000000E+00
         181  0.0000000E+00
         182  0.0000000E+00
         183  0.0000000E+00
         184  0.0000000E+00
         185  0.0000000E+00
         186  0.0000000E+00
         187  0.0000000E+00
         188  0.0000000E+00
         189  0.0000000E+00
         190  0.0000000E+00
         191  0.0000000E+00
         192  0.0000000E+00
         193  0.0000000E+00
         194  0.0000000E+00
         195  0.0000000E+00
         196  0.0000000E+00
         197  0.0000000E+00
         198  0.0000000E+00
         199  0.0000000E+00
         200  0.0000000E+00
         201  0.0000000E+00
         202  0.0000000E+00
         203  0.0000000E+00
         204  0.0000000E+00
         205  0.0000000E+00
         206  0.0000000E+00
         207  0.0000000E+00
         208  0.0000000E+00
         209  0.0000000E+00
         210  0.0000000E+00
         211  0.0000000E+00
         212  0.0000000E+00
         213  0.0000000E+00
         214  0.0000000E+00
         215  0.0000000E+00
         216  0.0000000E+00
         217  0.0000000E+00
         218  0.0000000E+00
         219  0.0000000E+00
         220  0.0000000E+00
         221  0.0000000E+00
         222  0.0000000E+00
         223  0.0000000E+00
         224  0.0000000E+00
         225  0.0000000E+00
         226  0.0000000E+00
         227  0.0000000E+00
         228  0.0000000E+00
         229  0.0000000E+00
         230  0.0000000E+00
         231  0.0000000E+00
         232  0.0000000E+00
         233  0.0000000E+00
         234  0.0000000E+00
         235  0.0000000E+00
         236  0.0000000E+00
         237  0.0000000E+00
         238  0.0000000E+00
         239  0.0000000E+00
         240  0.0000000E+00
         241  0.0000000E+00
         242  0.0000000E+00
         243  0.0000000E+00
         244  0.0000000E+00
         245  0.0000000E+00
         246  0.0000000E+00
         247  0.0000000E+00
         248  0.0000000E+00
         249  0.0000000E+00
         250  0.0000000E+00
         251  0.0000000E+00
         252  0.0000000E+00
         253  0.0000000E+00
         254  0.0000000E+00
         255  0.0000000E+00
         256  0.0000000E+00
         257  0.0000000E+00
         258  0.0000000E+00
         259  0.0000000E+00
         260  0.0000000E+00
         261  0.0000000E+00
         262  0.0000000E+00
         263  0.0000000E+00
         264  0.0000000E+00
         265  0.0000000E+00
         266  0.0000000E+00
         267  0.0000000E+00
         268  0.0000000E+00
         269  0.0000000E+00
         270  0.0000000E+00
         271  0.0000000E+00
         272  0.0000000E+00
         273  0.0000000E+00
         274  0.0000000E+00
         275  0.0000000E+00
         276  0.0000000E+00
         277  0.0000000E+00
         278  0.0000000E+00
         279  0.0000000E+00
         280  0.0000000E+00
         281  0.0000000E+00
         282  0.0000000E+00
         283  0.0000000E+00
         284  0.0000000E+00
         285  0.0000000E+00
         286  0.0000000E+00
         287  0.0000000E+00
         288  0.0000000E+00
         289  0.0000000E+00
         290  0.0000000E+00
         291  0.0000000E+00
         292  0.0000000E+00
         293  0.0000000E+00
         294  0.0000000E+00
         295  0.0000000E+00
         296  0.0000000E+00
         297  0.0000000E+00
         298  0.0000000E+00
         299  0.0000000E+00
         300  0.0000000E+00
         301  0.0000000E+00
         302  0.0000000E+00
         303  0.0000000E+00
         304  0.0000000E+00
         305  0.0000000E+00
         306  0.0000000E+00
         307  0.0000000E+00
         308  0.0000000E+00
         309  0.0000000E+00
         310  0.0000000E+00
         311  0.0000000E+00
         312  0.0000000E+00
         313  0.0000000E+00
         314  0.0000000E+00
         315  0.0000000E+00
         316  0.0000000E+00
         317  0.0000000E+00
         318  0.0000000E+00
         319  0.0000000E+00
         320  0.0000000E+00
         321  0.0000000E+00
         322  0.0000000E+00
         323  0.0000000E+00
         324  0.0000000E+00
         325  0.0000000E+00
         326  0.0000000E+00
         327  0.0000000E+00
         328  0.0000000E+00
         329  0.0000000E+00
         330  0.0000000E+00
         331  0.0000000E+00
         332  0.0000000E+00
         333  0.0000000E+00
         334  0.0000000E+00
         335  0.0000000E+00
         336  0.0000000E+00
         337  0.0000000E+00
         338  0.0000000E+00
         339  0.0000000E+00
         340  0.0000000E+00
         341  0.0000000E+00
         342  0.0000000E+00
         343  0.0000000E+00
         344  0.0000000E+00
         345  0.0000000E+00
         346  0.0000000E+00
         347  0.0000000E+00
         348  0.0000000E+00
         349  0.0000000E+00
         350  0.0000000E+00
         351  0.5295309    
         352   464.3986    
         353   1029.408    
         354   1077.066    
         355   1055.355    
         356   1076.536    
         357   1060.121    
         358   1067.534    
         359   1042.646    
         360   1067.005    
         361   1088.715    
         362   1047.412    
         363   1067.534    
         364   1062.768    
         365   1052.178    
         366   1071.771    
         367   1063.298    
         368   1063.298    
         369   1067.005    
         370   1049.001    
         371   1069.652    
         372   1062.239    
         373   1051.119    
         374   1071.241    
         375   1071.241    
         376   1059.062    
         377   1058.003    
         378   1066.475    
         379   1077.066    
         380   1043.705    
         381   1068.064    
         382   1061.709    
         383   1065.416    
         384   1051.648    
         385   1070.182    
         386   1060.650    
         387   1067.005    
         388   1047.412    
         389   1068.064    
         390   1086.597    
         391   1044.764    
         392   1079.714    
         393   1038.940    
         394   1078.654    
         395   1038.410    
         396   1086.597    
         397   1087.127    
         398   1035.762    
         399   1066.475    
         400   1063.298    
         401   1059.062    
         402   1075.477    
         403   1076.536    
         404   1038.410    
         405   1079.184    
         406   1037.351    
         407   1065.946    
         408   1076.536    
         409   1053.237    
         410   1079.184    
         411   1067.534    
         412   1047.942    
         413   1069.123    
         414   1070.711    
         415   1062.239    
         416   1065.416    
         417   1062.768    
         418   1053.766    
         419   1061.180    
         420   1071.771    
         421   1065.946    
         422   1058.532    
         423   1058.532    
         424   1077.066    
         425   1066.475    
         426   1047.942    
         427   1061.180    
         428   1066.475    
         429   1069.652    
         430   1061.180    
         431   1081.832    
         432   1041.587    
         433   1080.773    
         434   1068.064    
         435   1078.654    
         436   1041.058    
         437   1058.003    
         438   1071.771    
         439   1069.123    
         440   1050.060    
         441   1070.711    
         442   1075.477    
         443   1053.237    
         444   1072.300    
         445   1067.534    
         446   1060.650    
         447   1065.416    
         448   1071.771    
         449   1045.294    
         450   1071.241    
         451   1060.121    
         452   1074.418    
         453   1058.532    
         454   1049.001    
         455   1064.887    
         456   1064.357    
         457   1073.359    
         458   1081.302    
         459   1057.473    
         460   1059.062    
         461   1039.999    
         462   1076.007    
         463   1061.709    
         464   1073.889    
         465   1046.883    
         466   1090.834    
         467   1044.764    
         468   1077.595    
         469   1062.239    
         470   1049.530    
         471   1079.714    
         472   1047.412    
         473   1085.538    
         474   1045.823    
         475   1062.239    
         476   1073.359    
         477   1061.709    
         478   1063.298    
         479   1077.066    
         480   1065.946    
         481   1046.883    
         482   1053.237    
         483   1080.772    
         484   1045.823    
         485   1073.359    
         486   1071.771    
         487   1056.414    
         488   1052.178    
         489   1079.714    
         490   1052.707    
         491   1055.355    
         492   1080.243    
         493   1064.887    
         494   1077.595    
         495   1050.589    
         496   1051.648    
         497   1071.771    
         498   1071.771    
         499   1060.650    
         500   1061.180    
         501   1069.652    
         502   1053.237    
         503   1068.593    
         504   1085.009    
         505   1038.940    
         506   1057.473    
         507   1064.887    
         508   1072.830    
         509   1056.414    
         510   1074.948    
         511   1054.826    
         512   1065.416    
         513   1054.826    
         514   1071.771    
         515   1057.473    
         516   1053.237    
         517   1085.009    
         518   1041.058    
         519   1058.003    
         520   1074.948    
         521   1076.536    
         522   1065.416    
         523   1062.768    
         524   1051.648    
         525   1061.180    
         526   1074.948    
         527   1056.944    
         528   1051.119    
         529   1069.652    
         530   1079.184    
         531   1062.239    
         532   1062.768    
         533   1048.471    
         534   1087.127    
         535   1058.003    
         536   1052.178    
         537   1064.357    
         538   1079.184    
         539   1059.591    
         540   1062.768    
         541   1061.180    
         542   1056.414    
         543   1087.127    
         544   1062.239    
         545   1056.944    
         546   1065.416    
         547   1070.711    
         548   1070.182    
         549   1062.768    
         550   1051.119    
         551   1081.832    
         552   1053.766    
         553   1071.771    
         554   1062.239    
         555   1053.237    
         556   1059.591    
         557   1067.005    
         558   1063.298    
         559   1071.771    
         560   1043.176    
         561   1098.247    
         562   1056.944    
         563   1065.946    
         564   1059.062    
         565   1072.300    
         566   1058.532    
         567   1069.652    
         568   1074.948    
         569   1062.239    
         570   1060.121    
         571   1069.652    
         572   1047.942    
         573   1086.597    
         574   1044.235    
         575   1077.595    
         576   1062.239    
         577   1055.885    
         578   1070.182    
         579   1076.007    
         580   1071.771    
         581   1047.412    
         582   1058.532    
         583   1077.066    
         584   1047.412    
         585   1073.359    
         586   1067.534    
         587   1068.064    
         588   1066.475    
         589   1064.357    
         590   1041.587    
         591   1076.007    
         592   1073.359    
         593   1062.768    
         594   1063.298    
         595   1062.239    
         596   1050.589    
         597   1070.182    
         598   1068.064    
         599   1062.768    
         600   1081.832    
         601   1057.473    
         602   1073.359    
         603   1052.707    
         604   1076.536    
         605   1049.530    
         606   1068.064    
         607   1070.182    
         608   1051.648    
         609   1074.418    
         610   1073.359    
         611   1054.826    
         612   1057.473    
         613   1059.062    
         614   1061.709    
         615   1069.652    
         616   1062.768    
         617   1070.711    
         618   1059.591    
         619   1075.477    
         620   1063.828    
         621   1076.536    
         622   1054.296    
         623   1062.239    
         624   1064.357    
         625   1065.946    
         626   1060.121    
         627   1074.948    
         628   1055.355    
         629   1073.889    
         630   1058.003    
         631   1069.123    
         632   1073.359    
         633   1049.530    
         634   1052.707    
         635   1083.420    
         636   1066.475    
         637   1049.001    
         638   1076.536    
         639   1059.591    
         640   1063.298    
         641   1058.003    
         642   1064.357    
         643   1062.239    
         644   1091.893    
         645   1053.766    
         646   1052.178    
         647   1062.768    
         648   1068.064    
         649   1071.771    
         650   1067.534    
         651   1073.359    
         652   1054.296    
         653   1063.298    
         654   1051.119    
         655   1072.830    
         656   1071.241    
         657   1040.528    
         658   1080.772    
         659   1058.003    
         660   1055.885    
         661   1078.654    
         662   1079.714    
         663   1042.117    
         664   1065.946    
         665   1063.828    
         666   1061.180    
         667   1070.711    
         668   1061.709    
         669   1056.944    
         670   1065.946    
         671   1074.418    
         672   1026.231    
         673   471.2825    
         674  0.5295309    
         675  0.0000000E+00
         676  0.0000000E+00
         677  0.0000000E+00
         678  0.0000000E+00
         679  0.0000000E+00
         680  0.0000000E+00
         681  0.0000000E+00
         682  0.0000000E+00
         683  0.0000000E+00
         684  0.0000000E+00
         685  0.0000000E+00
         686  0.0000000E+00
         687  0.0000000E+00
         688  0.0000000E+00
         689  0.0000000E+00
         690  0.0000000E+00
         691  0.0000000E+00
         692  0.0000000E+00
         693  0.0000000E+00
         694  0.0000000E+00
         695  0.0000000E+00
         696  0.0000000E+00
         697  0.0000000E+00
         698  0.0000000E+00
         699  0.0000000E+00
         700  0.0000000E+00
         701  0.0000000E+00
         702  0.0000000E+00
         703  0.0000000E+00
         704  0.0000000E+00
         705  0.0000000E+00
         706  0.0000000E+00
         707  0.0000000E+00
         708  0.0000000E+00
         709  0.0000000E+00
         710  0.0000000E+00
         711  0.0000000E+00
         712  0.0000000E+00
         713  0.0000000E+00
         714  0.0000000E+00
         715  0.0000000E+00
         716  0.0000000E+00
         717  0.0000000E+00
         718  0.0000000E+00
         719  0.0000000E+00
         720  0.0000000E+00
         721  0.0000000E+00
         722  0.0000000E+00
         723  0.0000000E+00
         724  0.0000000E+00
         725  0.0000000E+00
         726  0.0000000E+00
         727  0.0000000E+00
         728  0.0000000E+00
         729  0.0000000E+00
         730  0.0000000E+00
         731  0.0000000E+00
         732  0.0000000E+00
         733  0.0000000E+00
         734  0.0000000E+00
         735  0.0000000E+00
         736  0.0000000E+00
         737  0.0000000E+00
         738  0.0000000E+00
         739  0.0000000E+00
         740  0.0000000E+00
         741  0.0000000E+00
         742  0.0000000E+00
         743  0.0000000E+00
         744  0.0000000E+00
         745  0.0000000E+00
         746  0.0000000E+00
         747  0.0000000E+00
         748  0.0000000E+00
         749  0.0000000E+00
         750  0.0000000E+00
         751  0.0000000E+00
         752  0.0000000E+00
         753  0.0000000E+00
         754  0.0000000E+00
         755  0.0000000E+00
         756  0.0000000E+00
         757  0.0000000E+00
         758  0.0000000E+00
         759  0.0000000E+00
         760  0.0000000E+00
         761  0.0000000E+00
         762  0.0000000E+00
         763  0.0000000E+00
         764  0.0000000E+00
         765  0.0000000E+00
         766  0.0000000E+00
         767  0.0000000E+00
         768  0.0000000E+00
         769  0.0000000E+00
         770  0.0000000E+00
         771  0.0000000E+00
         772  0.0000000E+00
         773  0.0000000E+00
         774  0.0000000E+00
         775  0.0000000E+00
         776  0.0000000E+00
         777  0.0000000E+00
         778  0.0000000E+00
         779  0.0000000E+00
         780  0.0000000E+00
         781  0.0000000E+00
         782  0.0000000E+00
         783  0.0000000E+00
         784  0.0000000E+00
         785  0.0000000E+00
         786  0.0000000E+00
         787  0.0000000E+00
         788  0.0000000E+00
         789  0.0000000E+00
         790  0.0000000E+00
         791  0.0000000E+00
         792  0.0000000E+00
         793  0.0000000E+00
         794  0.0000000E+00
         795  0.0000000E+00
         796  0.0000000E+00
         797  0.0000000E+00
         798  0.0000000E+00
         799  0.0000000E+00
         800  0.0000000E+00
         801  0.0000000E+00
         802  0.0000000E+00
         803  0.0000000E+00
         804  0.0000000E+00
         805  0.0000000E+00
         806  0.0000000E+00
         807  0.0000000E+00
         808  0.0000000E+00
         809  0.0000000E+00
         810  0.0000000E+00
         811  0.0000000E+00
         812  0.0000000E+00
         813  0.0000000E+00
         814  0.0000000E+00
         815  0.0000000E+00
         816  0.0000000E+00
         817  0.0000000E+00
         818  0.0000000E+00
         819  0.0000000E+00
         820  0.0000000E+00
         821  0.0000000E+00
         822  0.0000000E+00
         823  0.0000000E+00
         824  0.0000000E+00
         825  0.0000000E+00
         826  0.0000000E+00
         827  0.0000000E+00
         828  0.0000000E+00
         829  0.0000000E+00
         830  0.0000000E+00
         831  0.0000000E+00
         832  0.0000000E+00
         833  0.0000000E+00
         834  0.0000000E+00
         835  0.0000000E+00
         836  0.0000000E+00
         837  0.0000000E+00
         838  0.0000000E+00
         839  0.0000000E+00
         840  0.0000000E+00
         841  0.0000000E+00
         842  0.0000000E+00
         843  0.0000000E+00
         844  0.0000000E+00
         845  0.0000000E+00
         846  0.0000000E+00
         847  0.0000000E+00
         848  0.0000000E+00
         849  0.0000000E+00
         850  0.0000000E+00
         851  0.0000000E+00
         852  0.0000000E+00
         853  0.0000000E+00
         854  0.0000000E+00
         855  0.0000000E+00
         856  0.0000000E+00
         857  0.0000000E+00
         858  0.0000000E+00
         859  0.0000000E+00
         860  0.0000000E+00
         861  0.0000000E+00
         862  0.0000000E+00
         863  0.0000000E+00
         864  0.0000000E+00
         865  0.0000000E+00
         866  0.0000000E+00
         867  0.0000000E+00
         868  0.0000000E+00
         869  0.0000000E+00
         870  0.0000000E+00
         871  0.0000000E+00
         872  0.0000000E+00
         873  0.0000000E+00
         874  0.0000000E+00
         875  0.0000000E+00
         876  0.0000000E+00
         877  0.0000000E+00
         878  0.0000000E+00
         879  0.0000000E+00
         880  0.0000000E+00
         881  0.0000000E+00
         882  0.0000000E+00
         883  0.0000000E+00
         884  0.0000000E+00
         885  0.0000000E+00
         886  0.0000000E+00
         887  0.0000000E+00
         888  0.0000000E+00
         889  0.0000000E+00
         890  0.0000000E+00
         891  0.0000000E+00
         892  0.0000000E+00
         893  0.0000000E+00
         894  0.0000000E+00
         895  0.0000000E+00
         896  0.0000000E+00
         897  0.0000000E+00
         898  0.0000000E+00
         899  0.0000000E+00
         900  0.0000000E+00
         901  0.0000000E+00
         902  0.0000000E+00
         903  0.0000000E+00
         904  0.0000000E+00
         905  0.0000000E+00
         906  0.0000000E+00
         907  0.0000000E+00
         908  0.0000000E+00
         909  0.0000000E+00
         910  0.0000000E+00
         911  0.0000000E+00
         912  0.0000000E+00
         913  0.0000000E+00
         914  0.0000000E+00
         915  0.0000000E+00
         916  0.0000000E+00
         917  0.0000000E+00
         918  0.0000000E+00
         919  0.0000000E+00
         920  0.0000000E+00
         921  0.0000000E+00
         922  0.0000000E+00
         923  0.0000000E+00
         924  0.0000000E+00
         925  0.0000000E+00
         926  0.0000000E+00
         927  0.0000000E+00
         928  0.0000000E+00
         929  0.0000000E+00
         930  0.0000000E+00
         931  0.0000000E+00
         932  0.0000000E+00
         933  0.0000000E+00
         934  0.0000000E+00
         935  0.0000000E+00
         936  0.0000000E+00
         937  0.0000000E+00
         938  0.0000000E+00
         939  0.0000000E+00
         940  0.0000000E+00
         941  0.0000000E+00
         942  0.0000000E+00
         943  0.0000000E+00
         944  0.0000000E+00
         945  0.0000000E+00
         946  0.0000000E+00
         947  0.0000000E+00
         948  0.0000000E+00
         949  0.0000000E+00
         950  0.0000000E+00
         951  0.0000000E+00
         952  0.0000000E+00
         953  0.0000000E+00
         954  0.0000000E+00
         955  0.0000000E+00
         956  0.0000000E+00
         957  0.0000000E+00
         958  0.0000000E+00
         959  0.0000000E+00
         960  0.0000000E+00
         961  0.0000000E+00
         962  0.0000000E+00
         963  0.0000000E+00
         964  0.0000000E+00
         965  0.0000000E+00
         966  0.0000000E+00
         967  0.0000000E+00
         968  0.0000000E+00
         969  0.0000000E+00
         970  0.0000000E+00
         971  0.0000000E+00
         972  0.0000000E+00
         973  0.0000000E+00
         974  0.0000000E+00
         975  0.0000000E+00
         976  0.0000000E+00
         977  0.0000000E+00
         978  0.0000000E+00
         979  0.0000000E+00
         980  0.0000000E+00
         981  0.0000000E+00
         982  0.0000000E+00
         983  0.0000000E+00
         984  0.0000000E+00
         985  0.0000000E+00
         986  0.0000000E+00
         987  0.0000000E+00
         988  0.0000000E+00
         989  0.0000000E+00
         990  0.0000000E+00
         991  0.0000000E+00
         992  0.0000000E+00
         993  0.0000000E+00
         994  0.0000000E+00
         995  0.0000000E+00
         996  0.0000000E+00
         997  0.0000000E+00
         998  0.0000000E+00
         999  0.0000000E+00
        1000  0.0000000E+00
        1001  0.0000000E+00
        1002  0.0000000E+00
        1003  0.0000000E+00
        1004  0.0000000E+00
        1005  0.0000000E+00
        1006  0.0000000E+00
        1007  0.0000000E+00
        1008  0.0000000E+00
        1009  0.0000000E+00
        1010  0.0000000E+00
        1011  0.0000000E+00
        1012  0.0000000E+00
        1013  0.0000000E+00
        1014  0.0000000E+00
        1015  0.0000000E+00
        1016  0.0000000E+00
        1017  0.0000000E+00
        1018  0.0000000E+00
        1019  0.0000000E+00
        1020  0.0000000E+00
        1021  0.0000000E+00
        1022  0.0000000E+00
        1023  0.0000000E+00
        1024  0.0000000E+00
