 #   Y    A
           1  0.0000000E+00
           2  0.0000000E+00
           3  0.0000000E+00
           4  0.0000000E+00
           5  0.0000000E+00
           6  0.0000000E+00
           7  0.0000000E+00
           8  0.0000000E+00
           9  0.0000000E+00
          10  0.0000000E+00
          11  0.0000000E+00
          12  0.0000000E+00
          13  0.0000000E+00
          14  0.0000000E+00
          15  0.0000000E+00
          16  0.0000000E+00
          17  0.0000000E+00
          18  0.0000000E+00
          19  0.0000000E+00
          20  0.0000000E+00
          21  0.0000000E+00
          22  0.0000000E+00
          23  0.0000000E+00
          24  0.0000000E+00
          25  0.0000000E+00
          26  0.0000000E+00
          27  0.0000000E+00
          28  0.0000000E+00
          29  0.0000000E+00
          30  0.0000000E+00
          31  0.0000000E+00
          32  0.0000000E+00
          33  0.0000000E+00
          34  0.0000000E+00
          35  0.0000000E+00
          36  0.0000000E+00
          37  0.0000000E+00
          38  0.0000000E+00
          39  0.0000000E+00
          40  0.0000000E+00
          41  0.0000000E+00
          42  0.0000000E+00
          43  0.0000000E+00
          44  0.0000000E+00
          45  0.0000000E+00
          46  0.0000000E+00
          47  0.0000000E+00
          48  0.0000000E+00
          49  0.0000000E+00
          50  0.0000000E+00
          51  0.0000000E+00
          52  0.0000000E+00
          53  0.0000000E+00
          54  0.0000000E+00
          55  0.0000000E+00
          56  0.0000000E+00
          57  0.0000000E+00
          58  0.0000000E+00
          59  0.0000000E+00
          60  0.0000000E+00
          61  0.0000000E+00
          62  0.0000000E+00
          63  0.0000000E+00
          64  0.0000000E+00
          65  0.0000000E+00
          66  0.0000000E+00
          67  0.0000000E+00
          68  0.0000000E+00
          69  0.0000000E+00
          70  0.0000000E+00
          71  0.0000000E+00
          72  0.0000000E+00
          73  0.0000000E+00
          74  0.0000000E+00
          75  0.0000000E+00
          76  0.0000000E+00
          77  0.0000000E+00
          78  0.0000000E+00
          79  0.0000000E+00
          80  0.0000000E+00
          81  0.0000000E+00
          82  0.0000000E+00
          83  0.0000000E+00
          84  0.0000000E+00
          85  0.0000000E+00
          86  0.0000000E+00
          87  0.0000000E+00
          88  0.0000000E+00
          89  0.0000000E+00
          90  0.0000000E+00
          91  0.0000000E+00
          92  0.0000000E+00
          93  0.0000000E+00
          94  0.0000000E+00
          95  0.0000000E+00
          96  0.0000000E+00
          97  0.0000000E+00
          98  0.0000000E+00
          99  0.0000000E+00
         100  0.0000000E+00
         101  0.0000000E+00
         102  0.0000000E+00
         103  0.0000000E+00
         104  0.0000000E+00
         105  0.0000000E+00
         106  0.0000000E+00
         107  0.0000000E+00
         108  0.0000000E+00
         109  0.0000000E+00
         110  0.0000000E+00
         111  0.0000000E+00
         112  0.0000000E+00
         113  0.0000000E+00
         114  0.0000000E+00
         115  0.0000000E+00
         116  0.0000000E+00
         117  0.0000000E+00
         118  0.0000000E+00
         119  0.0000000E+00
         120  0.0000000E+00
         121  0.0000000E+00
         122  0.0000000E+00
         123  0.0000000E+00
         124  0.0000000E+00
         125  0.0000000E+00
         126  0.0000000E+00
         127  0.0000000E+00
         128  0.0000000E+00
         129  0.0000000E+00
         130  0.0000000E+00
         131  0.0000000E+00
         132  0.0000000E+00
         133  0.0000000E+00
         134  0.0000000E+00
         135  0.0000000E+00
         136  0.0000000E+00
         137  0.0000000E+00
         138  0.0000000E+00
         139  0.0000000E+00
         140  0.0000000E+00
         141  0.0000000E+00
         142  0.0000000E+00
         143  0.0000000E+00
         144  0.0000000E+00
         145  0.0000000E+00
         146  0.0000000E+00
         147  0.0000000E+00
         148  0.0000000E+00
         149  0.0000000E+00
         150  0.0000000E+00
         151  0.0000000E+00
         152  0.0000000E+00
         153  0.0000000E+00
         154  0.0000000E+00
         155  0.0000000E+00
         156  0.0000000E+00
         157  0.0000000E+00
         158  0.0000000E+00
         159  0.0000000E+00
         160  0.0000000E+00
         161  0.0000000E+00
         162  0.0000000E+00
         163  0.0000000E+00
         164  0.0000000E+00
         165  0.0000000E+00
         166  0.0000000E+00
         167  0.0000000E+00
         168  0.0000000E+00
         169  0.0000000E+00
         170  0.0000000E+00
         171  0.0000000E+00
         172  0.0000000E+00
         173  0.0000000E+00
         174  0.0000000E+00
         175  0.0000000E+00
         176  0.0000000E+00
         177  0.0000000E+00
         178  0.0000000E+00
         179  0.0000000E+00
         180  0.0000000E+00
         181  0.0000000E+00
         182  0.0000000E+00
         183  0.0000000E+00
         184  0.0000000E+00
         185  0.0000000E+00
         186  0.0000000E+00
         187  0.0000000E+00
         188  0.0000000E+00
         189  0.0000000E+00
         190  0.0000000E+00
         191  0.0000000E+00
         192  0.0000000E+00
         193  0.0000000E+00
         194  0.0000000E+00
         195  0.0000000E+00
         196  0.0000000E+00
         197  0.0000000E+00
         198  0.0000000E+00
         199  0.0000000E+00
         200  0.0000000E+00
         201  0.0000000E+00
         202  0.0000000E+00
         203  0.0000000E+00
         204  0.0000000E+00
         205  0.0000000E+00
         206  0.0000000E+00
         207  0.0000000E+00
         208  0.0000000E+00
         209  0.0000000E+00
         210  0.0000000E+00
         211  0.0000000E+00
         212  0.0000000E+00
         213  0.0000000E+00
         214  0.0000000E+00
         215  0.0000000E+00
         216  0.0000000E+00
         217  0.0000000E+00
         218  0.0000000E+00
         219  0.0000000E+00
         220  0.0000000E+00
         221  0.0000000E+00
         222  0.0000000E+00
         223  0.0000000E+00
         224  0.0000000E+00
         225  0.0000000E+00
         226  0.0000000E+00
         227  0.0000000E+00
         228  0.0000000E+00
         229  0.0000000E+00
         230  0.0000000E+00
         231  0.0000000E+00
         232  0.0000000E+00
         233  0.0000000E+00
         234  0.0000000E+00
         235  0.0000000E+00
         236  0.0000000E+00
         237  0.0000000E+00
         238  0.0000000E+00
         239  0.0000000E+00
         240  0.0000000E+00
         241  0.0000000E+00
         242  0.0000000E+00
         243  0.0000000E+00
         244  0.0000000E+00
         245  0.0000000E+00
         246  0.0000000E+00
         247  0.0000000E+00
         248  0.0000000E+00
         249  0.0000000E+00
         250  0.0000000E+00
         251  0.0000000E+00
         252  0.0000000E+00
         253  0.0000000E+00
         254  0.0000000E+00
         255  0.0000000E+00
         256  0.0000000E+00
         257  0.0000000E+00
         258   2.647655    
         259   6.883902    
         260   12.70874    
         261   16.94499    
         262   21.18124    
         263   17.47452    
         264   21.18124    
         265   23.82889    
         266   19.59264    
         267   24.88795    
         268   22.24030    
         269   20.12217    
         270   16.94499    
         271   27.00607    
         272   12.70874    
         273   28.06514    
         274   34.41951    
         275   27.00607    
         276   21.18124    
         277   23.29936    
         278   20.12217    
         279   20.65170    
         280   27.53561    
         281   23.82889    
         282   22.76983    
         283   27.53561    
         284   29.12420    
         285   21.18124    
         286   25.41748    
         287   25.41748    
         288   25.41748    
         289   24.35842    
         290   27.00607    
         291   31.77185    
         292   27.53561    
         293   20.65170    
         294   29.12420    
         295   24.35842    
         296   35.47857    
         297   32.83091    
         298   27.53561    
         299   29.12420    
         300   35.47857    
         301   27.00607    
         302   32.30138    
         303   22.24030    
         304   28.59467    
         305   24.88795    
         306   27.00607    
         307   36.00810    
         308   28.59467    
         309   34.41951    
         310   33.36045    
         311   34.41951    
         312   32.30138    
         313   30.18326    
         314   31.77185    
         315   36.00810    
         316   29.65373    
         317   42.89200    
         318   34.94904    
         319   40.24435    
         320   41.30341    
         321   31.77185    
         322   39.71482    
         323   37.06716    
         324   28.59467    
         325   36.53763    
         326   31.77185    
         327   46.59872    
         328   48.18731    
         329   39.18529    
         330   33.88998    
         331   34.41951    
         332   40.24435    
         333   56.65981    
         334   48.71684    
         335   47.12825    
         336   57.18933    
         337   43.95107    
         338   40.77388    
         339   36.53763    
         340   56.13028    
         341   46.06919    
         342   51.36449    
         343   55.07121    
         344   63.54371    
         345   52.42356    
         346   48.71684    
         347   58.24840    
         348   58.77793    
         349   70.95714    
         350   58.24840    
         351   82.60682    
         352   68.83901    
         353   63.54370    
         354   79.42963    
         355   91.60884    
         356   85.78400    
         357   92.66791    
         358   91.60884    
         359   116.4968    
         360   96.37462    
         361   111.2015    
         362   114.9082    
         363   122.3216    
         364   131.8532    
         365   136.0894    
         366   146.6801    
         367   146.1505    
         368   163.6250    
         369   190.6311    
         370   194.8674    
         371   178.4519    
         372   204.3989    
         373   206.5170    
         374   201.2217    
         375   215.5191    
         376   230.8755    
         377   229.8164    
         378   243.0547    
         379   247.8204    
         380   233.5231    
         381   223.4620    
         382   247.8204    
         383   246.7614    
         384   236.1708    
         385   255.7634    
         386   237.7594    
         387   248.8795    
         388   241.4661    
         389   252.5862    
         390   256.8225    
         391   237.2298    
         392   246.7614    
         393   253.1158    
         394   259.9997    
         395   256.8225    
         396   280.6514    
         397   267.9426    
         398   278.0037    
         399   297.0668    
         400   295.4782    
         401   326.1910    
         402   327.2501    
         403   342.6065    
         404   351.6085    
         405   346.8427    
         406   381.2622    
         407   386.0280    
         408   399.2663    
         409   415.6817    
         410   434.7449    
         411   425.7428    
         412   495.1114    
         413   470.2234    
         414   443.7469    
         415   466.5167    
         416   506.7610    
         417   483.4617    
         418   466.5167    
         419   495.1114    
         420   498.2886    
         421   525.8242    
         422   509.9382    
         423   532.7081    
         424   567.6571    
         425   557.0665    
         426   554.4188    
         427   584.6021    
         428   581.4249    
         429   605.2538    
         430   617.4330    
         431   612.1377    
         432   670.9156    
         433   666.1498    
         434   666.6794    
         435   695.2740    
         436   686.8016    
         437   696.8627    
         438   704.2761    
         439   700.0399    
         440   715.3962    
         441   696.8627    
         442   702.6875    
         443   726.5164    
         444   707.4532    
         445   696.3331    
         446   674.6223    
         447   750.3453    
         448   720.6915    
         449   708.5123    
         450   698.4512    
         451   712.7485    
         452   725.9868    
         453   715.9258    
         454   728.1050    
         455   718.5734    
         456   742.4023    
         457   715.9258    
         458   764.6426    
         459   733.9298    
         460   736.5775    
         461   756.1701    
         462   771.5265    
         463   794.8259    
         464   773.6447    
         465   804.3574    
         466   825.5386    
         467   815.4775    
         468   828.7158    
         469   881.1394    
         470   866.8420    
         471   921.3837    
         472   910.7931    
         473   969.5710    
         474   906.0273    
         475   967.9824    
         476   884.3166    
         477   958.9804    
         478   980.1617    
         479   937.7992    
         480   997.1066    
         481   969.0415    
         482   963.2167    
         483   984.3979    
         484   957.3918    
         485   962.1576    
         486   1016.699    
         487   1001.343    
         488   935.1516    
         489   1023.054    
         490   1006.638    
         491   1002.932    
         492   979.6321    
         493   998.1657    
         494   1000.284    
         495   1021.995    
         496   1004.520    
         497   1040.528    
         498   1042.117    
         499   1071.241    
         500   1069.652    
         501   1043.705    
         502   1047.412    
         503   1073.359    
         504   1085.538    
         505   1081.302    
         506   1127.901    
         507   1099.306    
         508   1089.245    
         509   1100.895    
         510   1111.485    
         511   1124.194    
         512   1090.304    
         513   1118.899    
         514   1116.781    
         515   1159.673    
         516   1162.320    
         517   1183.501    
         518   1180.324    
         519   1197.269    
         520   1208.390    
         521   1209.978    
         522   1213.155    
         523   1207.330    
         524   1213.685    
         525   1227.982    
         526   1231.689    
         527   1261.343    
         528   1244.927    
         529   1269.286    
         530   1251.811    
         531   1257.636    
         532   1274.581    
         533   1278.817    
         534   1286.230    
         535   1292.055    
         536   1270.345    
         537   1281.994    
         538   1264.520    
         539   1263.990    
         540   1319.591    
         541   1242.809    
         542   1307.412    
         543   1232.218    
         544   1261.343    
         545   1236.455    
         546   1228.512    
         547   1190.385    
         548   1154.377    
         549   1214.744    
         550   1151.730    
         551   1188.267    
         552   1199.917    
         553   1229.571    
         554   1199.387    
         555   1228.512    
         556   1259.754    
         557   1245.457    
         558   1251.811    
         559   1306.353    
         560   1280.935    
         561   1299.469    
         562   1305.823    
         563   1328.063    
         564   1316.414    
         565   1318.532    
         566   1311.648    
         567   1365.660    
         568   1377.839    
         569   1375.192    
         570   1428.145    
         571   1402.727    
         572   1450.385    
         573   1430.263    
         574   1483.745    
         575   1441.913    
         576   1468.389    
         577   1453.033    
         578   1419.672    
         579   1469.978    
         580   1422.849    
         581   1436.088    
         582   1438.735    
         583   1434.499    
         584   1473.684    
         585   1450.385    
         586   1473.155    
         587   1502.279    
         588   1466.801    
         589   1496.454    
         590   1492.218    
         591   1491.159    
         592   1554.173    
         593   1514.458    
         594   1558.409    
         595   1587.534    
         596   1601.831    
         597   1601.301    
         598   1688.674    
         599   1688.674    
         600   1709.326    
         601   1803.053    
         602   1869.774    
         603   1920.079    
         604   2004.274    
         605   2144.600    
         606   2273.276    
         607   2399.304    
         608   2725.495    
         609   2917.186    
         610   3376.818    
         611   3881.461    
         612   4460.239    
         613   5032.662    
         614   5385.858    
         615   4942.112    
         616   4312.500    
         617   3959.302    
         618   3221.136    
         619   2827.165    
         620   2597.349    
         621   2365.415    
         622   2112.828    
         623   1901.545    
         624   1746.393    
         625   1781.871    
         626   1664.845    
         627   1559.998    
         628   1453.562    
         629   1385.782    
         630   1367.778    
         631   1295.762    
         632   1298.410    
         633   1268.226    
         634   1215.803    
         635   1150.671    
         636   1135.844    
         637   1112.015    
         638   1059.591    
         639   1076.536    
         640   1001.343    
         641   975.9254    
         642   958.4509    
         643   954.7442    
         644   895.9662    
         645   894.9072    
         646   879.5508    
         647   830.3044    
         648   873.7260    
         649   854.1333    
         650   805.9460    
         651   775.7628    
         652   825.5386    
         653   749.8157    
         654   758.2882    
         655   734.4594    
         656   745.5795    
         657   716.9848    
         658   702.1580    
         659   675.1519    
         660   666.6794    
         661   650.7935    
         662   649.7344    
         663   620.0807    
         664   607.3719    
         665   592.0155    
         666   585.1317    
         667   563.9504    
         668   538.0034    
         669   555.4779    
         670   533.2376    
         671   512.5859    
         672   508.3496    
         673   518.4107    
         674   492.9933    
         675   493.5228    
         676   504.6429    
         677   463.3395    
         678   463.8690    
         679   470.7530    
         680   466.5167    
         681   437.9220    
         682   430.5086    
         683   428.9200    
         684   444.8059    
         685   411.9750    
         686   418.8589    
         687   414.0931    
         688   408.2683    
         689   414.0931    
         690   414.6227    
         691   379.1441    
         692   387.0871    
         693   391.3233    
         694   358.4924    
         695   390.2643    
         696   364.8468    
         697   371.7307    
         698   386.0280    
         699   361.1401    
         700   355.8448    
         701   343.6655    
         702   341.0179    
         703   339.9588    
         704   335.1931    
         705   351.6085    
         706   321.4252    
         707   328.8387    
         708   318.7776    
         709   329.3682    
         710   317.7185    
         711   337.8407    
         712   312.9528    
         713   317.7185    
         714   307.1279    
         715   323.5434    
         716   314.0118    
         717   301.3031    
         718   306.0688    
         719   312.4232    
         720   300.2440    
         721   306.5984    
         722   296.5373    
         723   288.0648    
         724   303.9507    
         725   301.3031    
         726   296.5373    
         727   299.7145    
         728   293.8896    
         729   296.0078    
         730   282.2400    
         731   304.4803    
         732   285.9467    
         733   283.8286    
         734   286.4762    
         735   289.6534    
         736   274.8265    
         737   279.5923    
         738   282.2400    
         739   274.8265    
         740   298.6554    
         741   260.5292    
         742   269.0017    
         743   273.7675    
         744   277.4742    
         745   281.7104    
         746   276.9446    
         747   272.1789    
         748   267.4131    
         749   280.6514    
         750   262.6473    
         751   264.2359    
         752   271.6494    
         753   284.3581    
         754   279.5923    
         755   269.0017    
         756   269.5312    
         757   271.1198    
         758   258.9406    
         759   271.6494    
         760   269.5312    
         761   269.0017    
         762   254.1748    
         763   263.1768    
         764   266.8836    
         765   266.8836    
         766   260.5292    
         767   251.5272    
         768   264.2359    
         769   265.2950    
         770   246.7614    
         771   273.2379    
         772   259.9997    
         773   239.3480    
         774   255.7634    
         775   260.5292    
         776   245.7023    
         777   248.8795    
         778   254.7044    
         779   237.7594    
         780   232.4641    
         781   238.8184    
         782   245.7023    
         783   232.9936    
         784   242.5251    
         785   232.4641    
         786   234.0526    
         787   229.2869    
         788   213.9305    
         789   232.9936    
         790   214.4600    
         791   225.5802    
         792   220.8144    
         793   198.0446    
         794   209.6942    
         795   207.0466    
         796   200.6922    
         797   205.4580    
         798   195.3969    
         799   189.5721    
         800   189.5721    
         801   196.4560    
         802   175.2747    
         803   191.6902    
         804   171.0385    
         805   187.4539    
         806   177.9224    
         807   176.8633    
         808   160.9774    
         809   169.4499    
         810   162.5660    
         811   154.6230    
         812   159.3888    
         813   171.5680    
         814   138.7371    
         815   154.6230    
         816   155.6821    
         817   144.5619    
         818   132.9122    
         819   135.5599    
         820   147.7391    
         821   127.6169    
         822   114.3787    
         823   141.9143    
         824   116.4968    
         825   106.9652    
         826   84.19541    
         827   90.54978    
         828   81.54776    
         829   92.13837    
         830   91.60884    
         831   84.19541    
         832   85.78400    
         833   89.49072    
         834   76.78197    
         835   82.60682    
         836   84.19541    
         837   81.01823    
         838   82.07729    
         839   78.37057    
         840   81.54776    
         841   83.66588    
         842   78.90010    
         843   76.25245    
         844   76.78198    
         845   74.66386    
         846   79.95917    
         847   78.37057    
         848   69.36855    
         849   73.60480    
         850   76.25245    
         851   74.13432    
         852   69.36855    
         853   75.72292    
         854   70.42760    
         855   66.19136    
         856   70.42760    
         857   71.48667    
         858   66.19136    
         859   66.72089    
         860   67.25042    
         861   67.25042    
         862   69.36855    
         863   59.83699    
         864   68.83901    
         865   60.36652    
         866   67.77995    
         867   58.77793    
         868   63.01418    
         869   59.83699    
         870   59.30746    
         871   67.77995    
         872   57.71887    
         873   59.30746    
         874   59.83699    
         875   55.07121    
         876   60.36652    
         877   63.01418    
         878   58.77793    
         879   53.48262    
         880   67.77995    
         881   55.07121    
         882   52.95309    
         883   58.24840    
         884   59.83699    
         885   60.89605    
         886   55.07121    
         887   60.89605    
         888   58.77793    
         889   60.89605    
         890   67.25042    
         891   71.48667    
         892   125.4988    
         893   22.76983    
         894  0.0000000E+00
         895  0.0000000E+00
         896  0.0000000E+00
         897  0.0000000E+00
         898  0.0000000E+00
         899  0.0000000E+00
         900  0.0000000E+00
         901  0.0000000E+00
         902  0.0000000E+00
         903  0.0000000E+00
         904  0.0000000E+00
         905  0.0000000E+00
         906  0.0000000E+00
         907  0.0000000E+00
         908  0.0000000E+00
         909  0.0000000E+00
         910  0.0000000E+00
         911  0.0000000E+00
         912  0.0000000E+00
         913  0.0000000E+00
         914  0.0000000E+00
         915  0.0000000E+00
         916  0.0000000E+00
         917  0.0000000E+00
         918  0.0000000E+00
         919  0.0000000E+00
         920  0.0000000E+00
         921  0.0000000E+00
         922  0.0000000E+00
         923  0.0000000E+00
         924  0.0000000E+00
         925  0.0000000E+00
         926  0.0000000E+00
         927  0.0000000E+00
         928  0.0000000E+00
         929  0.0000000E+00
         930  0.0000000E+00
         931  0.0000000E+00
         932  0.0000000E+00
         933  0.0000000E+00
         934  0.0000000E+00
         935  0.0000000E+00
         936  0.0000000E+00
         937  0.0000000E+00
         938  0.0000000E+00
         939  0.0000000E+00
         940  0.0000000E+00
         941  0.0000000E+00
         942  0.0000000E+00
         943  0.0000000E+00
         944  0.0000000E+00
         945  0.0000000E+00
         946  0.0000000E+00
         947  0.0000000E+00
         948  0.0000000E+00
         949  0.0000000E+00
         950  0.0000000E+00
         951  0.0000000E+00
         952  0.0000000E+00
         953  0.0000000E+00
         954  0.0000000E+00
         955  0.0000000E+00
         956  0.0000000E+00
         957  0.0000000E+00
         958  0.0000000E+00
         959  0.0000000E+00
         960  0.0000000E+00
         961  0.0000000E+00
         962  0.0000000E+00
         963  0.0000000E+00
         964  0.0000000E+00
         965  0.0000000E+00
         966  0.0000000E+00
         967  0.0000000E+00
         968  0.0000000E+00
         969  0.0000000E+00
         970  0.0000000E+00
         971  0.0000000E+00
         972  0.0000000E+00
         973  0.0000000E+00
         974  0.0000000E+00
         975  0.0000000E+00
         976  0.0000000E+00
         977  0.0000000E+00
         978  0.0000000E+00
         979  0.0000000E+00
         980  0.0000000E+00
         981  0.0000000E+00
         982  0.0000000E+00
         983  0.0000000E+00
         984  0.0000000E+00
         985  0.0000000E+00
         986  0.0000000E+00
         987  0.0000000E+00
         988  0.0000000E+00
         989  0.0000000E+00
         990  0.0000000E+00
         991  0.0000000E+00
         992  0.0000000E+00
         993  0.0000000E+00
         994  0.0000000E+00
         995  0.0000000E+00
         996  0.0000000E+00
         997  0.0000000E+00
         998  0.0000000E+00
         999  0.0000000E+00
        1000  0.0000000E+00
        1001  0.0000000E+00
        1002  0.0000000E+00
        1003  0.0000000E+00
        1004  0.0000000E+00
        1005  0.0000000E+00
        1006  0.0000000E+00
        1007  0.0000000E+00
        1008  0.0000000E+00
        1009  0.0000000E+00
        1010  0.0000000E+00
        1011  0.0000000E+00
        1012  0.0000000E+00
        1013  0.0000000E+00
        1014  0.0000000E+00
        1015  0.0000000E+00
        1016  0.0000000E+00
        1017  0.0000000E+00
        1018  0.0000000E+00
        1019  0.0000000E+00
        1020  0.0000000E+00
        1021  0.0000000E+00
        1022  0.0000000E+00
        1023  0.0000000E+00
        1024  0.0000000E+00
