 #   Y    A
           1   14893.59    
           2  0.0000000E+00
           3  0.0000000E+00
           4  0.0000000E+00
           5  0.0000000E+00
           6  0.0000000E+00
           7  0.0000000E+00
           8  0.0000000E+00
           9   2.118124    
          10   4.236247    
          11   7.942963    
          12   10.59062    
          13   13.23827    
          14   11.64968    
          15   14.29733    
          16   13.23827    
          17   14.29733    
          18   10.06109    
          19   14.82686    
          20   14.82686    
          21   12.17921    
          22   13.23827    
          23   14.82686    
          24   13.76780    
          25   16.94499    
          26   11.12015    
          27   13.76780    
          28   10.06109    
          29   12.17921    
          30   16.41546    
          31   14.29733    
          32   7.942963    
          33   13.76780    
          34   13.76780    
          35   20.12217    
          36   19.59264    
          37   14.29733    
          38   14.82686    
          39   11.12015    
          40   13.76780    
          41   16.94499    
          42   15.88593    
          43   10.59062    
          44   17.47452    
          45   15.35640    
          46   16.94499    
          47   17.47452    
          48   12.17921    
          49   20.12217    
          50   17.47452    
          51   18.53358    
          52   18.00405    
          53   13.76780    
          54   18.00405    
          55   18.53358    
          56   17.47452    
          57   17.47452    
          58   16.94499    
          59   18.00405    
          60   15.88593    
          61   18.00405    
          62   21.71077    
          63   20.65170    
          64   19.59264    
          65   16.41546    
          66   15.35640    
          67   20.65170    
          68   19.59264    
          69   16.41546    
          70   17.47452    
          71   21.71077    
          72   22.76983    
          73   21.18124    
          74   20.12217    
          75   20.65170    
          76   21.18124    
          77   20.12217    
          78   22.76983    
          79   25.41748    
          80   20.65170    
          81   22.24030    
          82   23.29936    
          83   21.18124    
          84   27.53561    
          85   23.29936    
          86   28.59467    
          87   29.65373    
          88   21.18124    
          89   27.00607    
          90   27.53561    
          91   34.94904    
          92   25.41748    
          93   33.36045    
          94   33.36045    
          95   30.18326    
          96   34.41951    
          97   38.12622    
          98   27.00607    
          99   31.77185    
         100   34.41951    
         101   42.89200    
         102   38.12622    
         103   32.83091    
         104   37.06716    
         105   40.77388    
         106   42.89200    
         107   42.36247    
         108   38.12622    
         109   48.18731    
         110   51.36449    
         111   60.36652    
         112   57.71887    
         113   56.65981    
         114   52.95309    
         115   58.77793    
         116   78.37057    
         117   78.37057    
         118   79.95916    
         119   93.19743    
         120   92.66791    
         121   94.25650    
         122   94.78603    
         123   105.9062    
         124   111.7310    
         125   87.37260    
         126   100.0813    
         127   121.2626    
         128   111.7310    
         129   103.7881    
         130   103.7881    
         131   94.25650    
         132   103.7881    
         133   99.55180    
         134   86.31354    
         135   87.90213    
         136   92.13837    
         137   87.37260    
         138   83.13635    
         139   88.43166    
         140   76.25245    
         141   75.72292    
         142   75.19338    
         143   75.19338    
         144   77.84104    
         145   78.90010    
         146   69.36855    
         147   69.89808    
         148   74.66386    
         149   73.07526    
         150   74.13432    
         151   68.30949    
         152   67.25042    
         153   69.89808    
         154   82.60682    
         155   69.89808    
         156   72.54573    
         157   73.07526    
         158   78.90010    
         159   73.60479    
         160   68.83901    
         161   72.01620    
         162   68.30949    
         163   79.95916    
         164   69.89808    
         165   63.01418    
         166   78.37057    
         167   68.30949    
         168   72.54573    
         169   75.19338    
         170   71.48667    
         171   74.13432    
         172   75.72292    
         173   75.72292    
         174   68.83901    
         175   77.31151    
         176   76.25245    
         177   77.31151    
         178   68.83901    
         179   78.90010    
         180   75.72292    
         181   84.72495    
         182   82.60682    
         183   78.37057    
         184   74.13432    
         185   79.42963    
         186   78.37057    
         187   73.07526    
         188   85.78400    
         189   83.66588    
         190   75.72292    
         191   79.42963    
         192   84.72495    
         193   79.95916    
         194   82.60682    
         195   91.07931    
         196   83.66588    
         197   85.25447    
         198   89.49072    
         199   79.95917    
         200   92.13837    
         201   78.90010    
         202   95.31556    
         203   85.25447    
         204   94.25650    
         205   95.84509    
         206   84.19541    
         207   96.37462    
         208   85.25447    
         209   94.25650    
         210   77.31151    
         211   94.78603    
         212   90.54978    
         213   90.54978    
         214   95.84509    
         215   94.78603    
         216   87.37260    
         217   85.78400    
         218   99.02228    
         219   84.19541    
         220   94.78603    
         221   88.96119    
         222   84.72494    
         223   88.96119    
         224   90.54978    
         225   84.19541    
         226   94.78603    
         227   86.84306    
         228   85.25447    
         229   82.07729    
         230   98.49274    
         231   90.02025    
         232   79.95917    
         233   94.78603    
         234   96.37462    
         235   83.13635    
         236   79.42963    
         237   89.49072    
         238   90.54978    
         239   81.01823    
         240   90.02025    
         241   71.48667    
         242   95.31556    
         243   83.13635    
         244   88.43166    
         245   83.13635    
         246   82.60682    
         247   90.54978    
         248   80.48869    
         249   92.66791    
         250   71.48667    
         251   86.31354    
         252   86.31354    
         253   87.37260    
         254   85.25447    
         255   102.7290    
         256   83.66588    
         257   90.54978    
         258   92.13837    
         259   83.66588    
         260   83.66588    
         261   87.90213    
         262   90.54978    
         263   91.07932    
         264   94.78603    
         265   85.78400    
         266   92.66791    
         267   88.43166    
         268   96.37462    
         269   85.25447    
         270   93.72697    
         271   100.0813    
         272   92.13837    
         273   91.60884    
         274   95.31556    
         275   96.37462    
         276   99.55180    
         277   90.02025    
         278   89.49072    
         279   104.3176    
         280   93.19743    
         281   90.02025    
         282   88.96119    
         283   95.84509    
         284   97.96321    
         285   90.54978    
         286   92.13837    
         287   99.02228    
         288   86.84306    
         289   102.7290    
         290   95.31556    
         291   93.72697    
         292   98.49274    
         293   92.13837    
         294   96.90415    
         295   90.54978    
         296   96.37462    
         297   91.60884    
         298   91.07932    
         299   102.7290    
         300   92.13837    
         301   91.60884    
         302   106.9652    
         303   88.43166    
         304   94.25650    
         305   101.1404    
         306   102.1995    
         307   90.54978    
         308   103.7881    
         309   92.66791    
         310   102.7290    
         311   109.6129    
         312   99.55180    
         313   107.4948    
         314   106.9652    
         315   110.6720    
         316   102.1995    
         317   108.5538    
         318   108.5538    
         319   110.6720    
         320   108.0243    
         321   119.6740    
         322   112.2605    
         323   113.3196    
         324   115.4377    
         325   101.1404    
         326   133.4418    
         327   116.4968    
         328   121.2626    
         329   119.6740    
         330   122.8512    
         331   130.7941    
         332   131.3237    
         333   135.5599    
         334   126.5579    
         335   133.9713    
         336   132.9122    
         337   143.5029    
         338   132.3827    
         339   138.2076    
         340   139.7962    
         341   147.7391    
         342   149.3277    
         343   154.6230    
         344   148.7982    
         345   154.6230    
         346   148.7982    
         347   165.2136    
         348   165.7432    
         349   157.2707    
         350   174.2157    
         351   154.0935    
         352   175.8043    
         353   169.9794    
         354   178.4519    
         355   185.3358    
         356   176.8633    
         357   182.1586    
         358   184.8063    
         359   186.3949    
         360   187.9835    
         361   194.8674    
         362   173.6861    
         363   192.7492    
         364   197.5150    
         365   204.9285    
         366   204.3989    
         367   204.9285    
         368   191.1606    
         369   208.6352    
         370   218.1667    
         371   200.6922    
         372   209.1647    
         373   213.4009    
         374   216.0486    
         375   228.7573    
         376   213.4009    
         377   220.2849    
         378   223.4620    
         379   219.2258    
         380   223.9916    
         381   224.5211    
         382   216.5781    
         383   232.4641    
         384   221.3439    
         385   221.8734    
         386   231.4050    
         387   234.5822    
         388   229.2869    
         389   227.6983    
         390   230.8755    
         391   227.1687    
         392   239.3480    
         393   231.9345    
         394   231.9345    
         395   236.1708    
         396   238.8184    
         397   224.5211    
         398   248.8795    
         399   243.5842    
         400   233.5231    
         401   245.7023    
         402   240.4070    
         403   256.8225    
         404   258.9406    
         405   256.8225    
         406   252.5862    
         407   261.5883    
         408   266.8836    
         409   270.0608    
         410   249.4090    
         411   260.5292    
         412   271.6494    
         413   264.2359    
         414   278.0037    
         415   276.9446    
         416   268.4722    
         417   256.2929    
         418   295.4782    
         419   280.6514    
         420   306.5984    
         421   284.8876    
         422   272.7084    
         423   298.6554    
         424   292.3011    
         425   294.9487    
         426   315.0709    
         427   305.0098    
         428   300.2440    
         429   293.8896    
         430   319.8366    
         431   302.3621    
         432   313.4823    
         433   317.7185    
         434   320.3662    
         435   306.5984    
         436   324.0729    
         437   298.6554    
         438   319.8366    
         439   324.0729    
         440   332.5454    
         441   319.8366    
         442   321.4252    
         443   328.3091    
         444   330.4273    
         445   327.2501    
         446   319.3071    
         447   328.3091    
         448   342.0770    
         449   329.3682    
         450   349.4904    
         451   314.0118    
         452   345.7837    
         453   341.0179    
         454   326.1910    
         455   339.4293    
         456   345.7837    
         457   360.0810    
         458   361.6696    
         459   363.2582    
         460   361.1401    
         461   347.3723    
         462   368.0240    
         463   357.4333    
         464   356.3743    
         465   353.1971    
         466   374.9079    
         467   375.9669    
         468   375.4374    
         469   355.3152    
         470   370.1421    
         471   391.3233    
         472   353.1971    
         473   373.3193    
         474   347.3723    
         475   376.4965    
         476   396.0891    
         477   374.9079    
         478   374.9079    
         479   375.9669    
         480   381.2622    
         481   390.7938    
         482   377.5555    
         483   388.6757    
         484   378.0851    
         485   411.4455    
         486   382.8508    
         487   408.2683    
         488   391.3233    
         489   400.3253    
         490   380.2032    
         491   397.6777    
         492   387.6166    
         493   420.4475    
         494   418.3294    
         495   400.3253    
         496   399.7958    
         497   413.5636    
         498   428.9200    
         499   416.7408    
         500   417.7999    
         501   402.4435    
         502   396.6186    
         503   420.9771    
         504   434.7449    
         505   406.6797    
         506   422.5656    
         507   420.9771    
         508   434.2153    
         509   411.9750    
         510   422.0361    
         511   451.6898    
         512   452.7489    
         513   449.5717    
         514   431.5677    
         515   446.9241    
         516   420.9771    
         517   506.2315    
         518   454.3375    
         519   441.0992    
         520   450.6308    
         521   463.3395    
         522   476.0482    
         523   460.6919    
         524   444.8059    
         525   469.6939    
         526   477.1073    
         527   496.1704    
         528   453.8080    
         529   515.7631    
         530   480.8140    
         531   474.9892    
         532   545.4168    
         533   449.5717    
         534   503.0543    
         535   514.7040    
         536   470.7530    
         537   510.9973    
         538   490.3456    
         539   503.5839    
         540   536.9443    
         541   479.2254    
         542   509.9382    
         543   479.2254    
         544   530.5900    
         545   491.4047    
         546   531.6490    
         547   489.8161    
         548   496.7000    
         549   495.1114    
         550   568.7162    
         551   551.7712    
         552   497.2295    
         553   447.9831    
         554   583.0135    
         555   488.2275    
         556   456.4556    
         557   501.4657    
         558   498.2886    
         559   493.5228    
         560   429.4496    
         561   538.0034    
         562   500.9362    
         563   492.9933    
         564   488.7570    
         565   477.6368    
         566   483.9912    
         567   495.6409    
         568   514.1745    
         569   496.1704    
         570   479.7550    
         571   520.5289    
         572   491.9342    
         573   509.9382    
         574   507.2906    
         575   521.5879    
         576   524.2356    
         577   507.8201    
         578   523.1765    
         579   520.5289    
         580   486.1093    
         581   529.0013    
         582   524.2356    
         583   509.9382    
         584   529.0013    
         585   517.8812    
         586   538.0034    
         587   517.3517    
         588   515.2335    
         589   527.4128    
         590   527.9423    
         591   539.5920    
         592   524.2356    
         593   547.0054    
         594   505.1725    
         595   545.4168    
         596   510.9973    
         597   546.4759    
         598   523.1765    
         599   525.2946    
         600   521.0584    
         601   546.4759    
         602   518.9402    
         603   538.0034    
         604   528.4718    
         605   539.5920    
         606   543.2987    
         607   523.1765    
         608   562.8913    
         609   547.0054    
         610   557.5960    
         611   538.5329    
         612   543.2987    
         613   532.1785    
         614   572.9524    
         615   543.8282    
         616   534.2966    
         617   557.5960    
         618   536.4148    
         619   541.7101    
         620   539.0624    
         621   529.5309    
         622   525.8242    
         623   529.0013    
         624   535.3557    
         625   531.6490    
         626   529.0013    
         627   539.5920    
         628   516.2926    
         629   526.8832    
         630   517.8812    
         631   545.9464    
         632   534.2966    
         633   529.0013    
         634   524.7651    
         635   529.0013    
         636   540.1215    
         637   507.8201    
         638   534.2966    
         639   529.5309    
         640   539.5920    
         641   535.3557    
         642   535.8853    
         643   540.6511    
         644   527.4128    
         645   538.5329    
         646   528.4718    
         647   526.3537    
         648   535.8853    
         649   518.4108    
         650   557.0665    
         651   534.2966    
         652   533.7672    
         653   538.5329    
         654   543.2987    
         655   539.0624    
         656   536.4148    
         657   546.4759    
         658   543.2987    
         659   543.8282    
         660   548.5940    
         661   534.8262    
         662   547.0054    
         663   563.9504    
         664   553.3597    
         665   559.7141    
         666   557.0665    
         667   560.7732    
         668   556.0074    
         669   558.6551    
         670   557.0665    
         671   585.1317    
         672   552.3007    
         673   575.0706    
         674   549.6531    
         675   574.0115    
         676   563.4208    
         677   590.4269    
         678   559.1846    
         679   582.4839    
         680   561.3027    
         681   574.0115    
         682   572.9524    
         683   585.6611    
         684   579.8363    
         685   587.2498    
         686   572.9524    
         687   577.1887    
         688   587.7793    
         689   563.9504    
         690   605.2538    
         691   556.5369    
         692   580.8954    
         693   576.6591    
         694   563.4208    
         695   569.7752    
         696   583.0135    
         697   575.6001    
         698   584.6021    
         699   593.0746    
         700   583.5430    
         701   566.0685    
         702   578.2477    
         703   584.6021    
         704   589.3679    
         705   560.7732    
         706   577.7182    
         707   585.1317    
         708   586.1907    
         709   572.4229    
         710   607.9014    
         711   549.6531    
         712   587.2498    
         713   583.5430    
         714   579.8363    
         715   575.6000    
         716   577.1887    
         717   579.3068    
         718   571.3638    
         719   578.7773    
         720   560.2437    
         721   571.3638    
         722   580.3658    
         723   545.9464    
         724   551.7712    
         725   563.9504    
         726   558.1255    
         727   557.0665    
         728   536.4148    
         729   552.3007    
         730   565.5390    
         731   552.8303    
         732   542.7692    
         733   526.3537    
         734   554.4188    
         735   545.4168    
         736   562.3618    
         737   511.5268    
         738   549.6531    
         739   538.0034    
         740   520.5289    
         741   526.8832    
         742   510.4678    
         743   521.0584    
         744   529.5309    
         745   532.7081    
         746   511.5268    
         747   513.1154    
         748   510.4678    
         749   527.4128    
         750   525.8242    
         751   493.5228    
         752   514.7040    
         753   520.5289    
         754   521.5879    
         755   523.7061    
         756   497.2295    
         757   506.2315    
         758   516.2926    
         759   508.8792    
         760   515.2335    
         761   517.3517    
         762   487.1684    
         763   515.2335    
         764   508.3496    
         765   511.5268    
         766   503.0543    
         767   501.4657    
         768   511.5268    
         769   515.7631    
         770   500.4067    
         771   506.2315    
         772   489.8161    
         773   521.0584    
         774   486.6389    
         775   485.0503    
         776   514.7040    
         777   486.6389    
         778   494.5818    
         779   494.0523    
         780   489.8161    
         781   487.6979    
         782   509.9382    
         783   472.3416    
         784   497.7590    
         785   493.5228    
         786   468.6348    
         787   482.4026    
         788   499.3476    
         789   480.2845    
         790   486.1093    
         791   482.4026    
         792   485.5798    
         793   483.4617    
         794   470.2234    
         795   477.1073    
         796   486.1093    
         797   479.7550    
         798   475.5187    
         799   467.0462    
         800   482.4026    
         801   467.0462    
         802   479.2254    
         803   465.9872    
         804   460.1623    
         805   473.9301    
         806   472.3416    
         807   475.5187    
         808   478.1664    
         809   458.0442    
         810   462.8100    
         811   458.5737    
         812   476.0482    
         813   460.6919    
         814   469.1644    
         815   460.6919    
         816   468.1053    
         817   445.8650    
         818   456.4556    
         819   458.5737    
         820   444.2764    
         821   451.6898    
         822   459.6328    
         823   450.6308    
         824   449.0422    
         825   440.5697    
         826   469.1644    
         827   447.4536    
         828   427.8610    
         829   466.5167    
         830   452.2194    
         831   445.3355    
         832   453.2784    
         833   453.2784    
         834   449.5717    
         835   460.1623    
         836   435.2744    
         837   447.9831    
         838   471.2825    
         839   443.2173    
         840   485.0503    
         841   441.0992    
         842   459.1033    
         843   467.5758    
         844   462.8100    
         845   427.8610    
         846   474.4597    
         847   450.1013    
         848   455.3965    
         849   478.6959    
         850   446.3945    
         851   455.3965    
         852   449.5717    
         853   451.1603    
         854   451.1603    
         855   447.9831    
         856   447.9831    
         857   449.0422    
         858   459.6328    
         859   449.0422    
         860   455.9261    
         861   461.2214    
         862   434.7448    
         863   460.6919    
         864   451.1603    
         865   452.7489    
         866   452.7489    
         867   485.5798    
         868   477.6368    
         869   471.2825    
         870   479.2254    
         871   509.9382    
         872   479.2254    
         873   503.5839    
         874   502.5248    
         875   519.9993    
         876   512.0563    
         877   547.0054    
         878   565.5390    
         879   515.7631    
         880   586.1907    
         881   607.9014    
         882   614.2558    
         883   615.3149    
         884   665.0908    
         885   715.9258    
         886   741.3433    
         887   790.0601    
         888   831.8930    
         889   857.8400    
         890   1008.756    
         891   1069.652    
         892   1178.206    
         893   1329.123    
         894   1527.167    
         895   1621.953    
         896   1771.281    
         897   1550.466    
         898   1089.775    
         899   765.1721    
         900   609.4901    
         901   562.3618    
         902   485.0503    
         903   443.2173    
         904   386.0280    
         905   369.0830    
         906   326.1910    
         907   317.7185    
         908   296.0078    
         909   274.2970    
         910   264.7654    
         911   263.7064    
         912   246.2319    
         913   222.9325    
         914   224.5211    
         915   214.4600    
         916   212.3419    
         917   200.1627    
         918   193.2788    
         919   191.6902    
         920   184.2767    
         921   173.1566    
         922   183.7472    
         923   166.8022    
         924   168.3908    
         925   158.3297    
         926   171.5680    
         927   159.3888    
         928   160.9774    
         929   145.0915    
         930   153.5640    
         931   141.9143    
         932   156.2116    
         933   141.9143    
         934   148.2686    
         935   137.6780    
         936   139.7962    
         937   135.5599    
         938   131.3237    
         939   136.6190    
         940   129.7351    
         941   141.9143    
         942   120.7330    
         943   132.9122    
         944   125.4988    
         945   123.3807    
         946   130.2646    
         947   129.2055    
         948   126.0284    
         949   127.0874    
         950   115.9673    
         951   120.7330    
         952   127.0874    
         953   112.2606    
         954   125.4988    
         955   123.9102    
         956   118.0854    
         957   113.8491    
         958   115.4377    
         959   112.2605    
         960   122.8512    
         961   111.2015    
         962   114.3787    
         963   102.1995    
         964   115.4377    
         965   120.2035    
         966   115.4377    
         967   113.8491    
         968   115.4377    
         969   118.6149    
         970   112.7901    
         971   113.8491    
         972   119.1444    
         973   110.6720    
         974   120.7330    
         975   112.2605    
         976   111.7310    
         977   113.8491    
         978   108.5538    
         979   114.9082    
         980   106.4357    
         981   102.7290    
         982   104.8471    
         983   102.1995    
         984   109.6129    
         985   106.9652    
         986   108.5538    
         987   93.19743    
         988   104.3176    
         989   92.66791    
         990   103.2585    
         991   95.84509    
         992   98.49274    
         993   99.02228    
         994   95.84509    
         995   96.90415    
         996   93.72697    
         997   86.84306    
         998   96.90415    
         999   85.78400    
        1000   94.25650    
        1001   87.37260    
        1002   96.37462    
        1003   76.78197    
        1004   93.19743    
        1005   77.84104    
        1006   90.54978    
        1007   78.90010    
        1008   81.01823    
        1009   73.60479    
        1010   81.01823    
        1011   78.90010    
        1012   77.84104    
        1013   79.95917    
        1014   81.01823    
        1015   67.77995    
        1016   72.54573    
        1017   77.84104    
        1018   64.07323    
        1019   82.07729    
        1020   63.54370    
        1021   76.78197    
        1022   72.01620    
        1023   65.13230    
        1024   72.54573    
