 #   Y    A
           1   12413.79    
           2  0.0000000E+00
           3  0.0000000E+00
           4  0.0000000E+00
           5  0.0000000E+00
           6  0.0000000E+00
           7  0.0000000E+00
           8  0.0000000E+00
           9  0.0000000E+00
          10  0.0000000E+00
          11  0.0000000E+00
          12  0.0000000E+00
          13  0.0000000E+00
          14  0.0000000E+00
          15  0.0000000E+00
          16  0.0000000E+00
          17  0.0000000E+00
          18  0.0000000E+00
          19  0.0000000E+00
          20  0.0000000E+00
          21  0.0000000E+00
          22  0.0000000E+00
          23  0.0000000E+00
          24  0.0000000E+00
          25  0.0000000E+00
          26  0.0000000E+00
          27  0.0000000E+00
          28  0.0000000E+00
          29  0.0000000E+00
          30  0.0000000E+00
          31  0.0000000E+00
          32  0.0000000E+00
          33  0.0000000E+00
          34  0.0000000E+00
          35  0.0000000E+00
          36  0.0000000E+00
          37  0.0000000E+00
          38  0.0000000E+00
          39  0.0000000E+00
          40  0.0000000E+00
          41  0.0000000E+00
          42  0.0000000E+00
          43  0.0000000E+00
          44  0.0000000E+00
          45  0.0000000E+00
          46  0.0000000E+00
          47  0.0000000E+00
          48  0.0000000E+00
          49   2.118124    
          50   2.647655    
          51   6.883902    
          52   9.002025    
          53   13.76780    
          54   13.23827    
          55   14.29733    
          56   13.76780    
          57   14.29733    
          58   14.29733    
          59   13.23827    
          60   18.00405    
          61   12.17921    
          62   15.35640    
          63   18.00405    
          64   11.64968    
          65   15.88593    
          66   16.41546    
          67   11.64968    
          68   13.76780    
          69   16.41546    
          70   14.29733    
          71   10.59062    
          72   16.94499    
          73   14.29733    
          74   24.35842    
          75   16.41546    
          76   19.06311    
          77   12.17921    
          78   14.82686    
          79   15.35640    
          80   18.53358    
          81   11.12015    
          82   17.47452    
          83   17.47452    
          84   17.47452    
          85   18.53358    
          86   14.82686    
          87   20.12217    
          88   14.82686    
          89   23.82889    
          90   16.41546    
          91   15.88593    
          92   20.65170    
          93   21.18124    
          94   17.47452    
          95   16.94499    
          96   19.59264    
          97   16.94499    
          98   18.00405    
          99   22.24030    
         100   23.29936    
         101   18.53358    
         102   17.47452    
         103   19.06311    
         104   19.06311    
         105   20.65170    
         106   14.29733    
         107   24.35842    
         108   23.82889    
         109   24.88795    
         110   19.06311    
         111   24.88795    
         112   18.00405    
         113   22.76983    
         114   23.82889    
         115   25.94701    
         116   22.76983    
         117   24.35842    
         118   22.76983    
         119   22.76983    
         120   26.47654    
         121   24.35842    
         122   29.65373    
         123   29.12420    
         124   24.35842    
         125   24.88795    
         126   25.94701    
         127   38.65575    
         128   25.94701    
         129   31.24232    
         130   33.36045    
         131   29.65373    
         132   37.59669    
         133   34.94904    
         134   25.94701    
         135   34.41951    
         136   36.00810    
         137   41.83294    
         138   43.42153    
         139   27.53561    
         140   36.00810    
         141   42.89200    
         142   39.71482    
         143   38.12622    
         144   39.18529    
         145   47.12825    
         146   43.95107    
         147   65.66183    
         148   53.48262    
         149   52.95309    
         150   50.83496    
         151   56.65981    
         152   64.07323    
         153   73.07526    
         154   83.13635    
         155   77.31151    
         156   89.49072    
         157   90.54978    
         158   95.84509    
         159   92.13837    
         160   115.9673    
         161   108.5538    
         162   100.0813    
         163   128.6760    
         164   117.0263    
         165   136.0894    
         166   107.4948    
         167   117.0263    
         168   115.4377    
         169   118.6149    
         170   106.9652    
         171   105.3766    
         172   113.3196    
         173   104.8471    
         174   112.7901    
         175   91.07932    
         176   96.90415    
         177   91.60884    
         178   93.72697    
         179   94.78603    
         180   91.07932    
         181   78.37057    
         182   95.31556    
         183   85.78400    
         184   90.54978    
         185   74.66386    
         186   89.49072    
         187   91.60884    
         188   82.07729    
         189   85.78400    
         190   87.90213    
         191   92.66791    
         192   79.42963    
         193   79.95917    
         194   83.66588    
         195   92.66791    
         196   78.90010    
         197   82.60682    
         198   78.90010    
         199   84.72495    
         200   85.78400    
         201   82.07729    
         202   88.43166    
         203   85.78400    
         204   84.72495    
         205   87.90213    
         206   91.60884    
         207   83.13635    
         208   92.13837    
         209   84.19541    
         210   89.49072    
         211   93.72697    
         212   96.90415    
         213   89.49072    
         214   84.19541    
         215   98.49274    
         216   90.54978    
         217   94.78603    
         218   90.02025    
         219   95.84509    
         220   96.90415    
         221   95.31556    
         222   97.96321    
         223   99.55180    
         224   101.1404    
         225   91.60884    
         226   105.3766    
         227   95.84509    
         228   100.0813    
         229   100.6109    
         230   112.2606    
         231   102.7290    
         232   111.7310    
         233   109.0834    
         234   99.02228    
         235   112.7901    
         236   110.1424    
         237   106.4357    
         238   103.7881    
         239   111.7310    
         240   121.2626    
         241   117.0263    
         242   112.7901    
         243   108.0243    
         244   129.7351    
         245   97.43369    
         246   111.2015    
         247   108.5538    
         248   105.9062    
         249   113.8491    
         250   103.2585    
         251   103.7881    
         252   115.9673    
         253   112.2606    
         254   94.78603    
         255   113.3196    
         256   108.0243    
         257   110.1424    
         258   108.5538    
         259   104.3176    
         260   105.9062    
         261   108.0243    
         262   100.6109    
         263   109.6129    
         264   102.1995    
         265   89.49072    
         266   103.2585    
         267   106.4357    
         268   102.1995    
         269   96.90415    
         270   103.7881    
         271   105.9062    
         272   103.2585    
         273   94.25650    
         274   86.84306    
         275   98.49274    
         276   105.3766    
         277   92.66791    
         278   114.9082    
         279   96.90415    
         280   105.3766    
         281   110.6720    
         282   87.37260    
         283   100.6109    
         284   103.7881    
         285   103.2585    
         286   101.1404    
         287   97.43369    
         288   106.4357    
         289   109.6129    
         290   103.2585    
         291   94.78603    
         292   109.0834    
         293   106.9652    
         294   102.1995    
         295   114.3787    
         296   101.6699    
         297   114.9082    
         298   101.1404    
         299   108.0243    
         300   118.6149    
         301   111.2015    
         302   108.5538    
         303   108.0243    
         304   103.2585    
         305   113.8491    
         306   106.9652    
         307   109.6129    
         308   110.1424    
         309   106.4357    
         310   117.5559    
         311   103.7881    
         312   120.2035    
         313   113.8491    
         314   112.2605    
         315   109.0834    
         316   116.4968    
         317   110.6720    
         318   109.6129    
         319   119.1444    
         320   104.8471    
         321   104.8471    
         322   108.5538    
         323   110.1424    
         324   114.9082    
         325   110.1424    
         326   106.9652    
         327   117.0263    
         328   112.2605    
         329   114.3787    
         330   116.4968    
         331   113.8491    
         332   116.4968    
         333   117.0263    
         334   113.3196    
         335   122.8512    
         336   117.0263    
         337   116.4968    
         338   118.6149    
         339   121.2626    
         340   126.0284    
         341   125.4988    
         342   127.0874    
         343   114.9082    
         344   135.5599    
         345   122.8512    
         346   128.6760    
         347   129.2055    
         348   137.1485    
         349   131.8532    
         350   139.7962    
         351   132.3827    
         352   137.6780    
         353   141.3848    
         354   150.3868    
         355   134.5008    
         356   145.0915    
         357   153.0344    
         358   148.7982    
         359   156.2116    
         360   148.2686    
         361   157.2707    
         362   160.4479    
         363   168.9203    
         364   173.1566    
         365   160.4479    
         366   180.0405    
         367   157.2707    
         368   182.1586    
         369   169.9794    
         370   184.8063    
         371   190.1016    
         372   190.1016    
         373   189.0425    
         374   195.9264    
         375   196.4560    
         376   191.1606    
         377   194.8674    
         378   194.3378    
         379   200.6922    
         380   209.1647    
         381   217.1077    
         382   221.3439    
         383   206.5170    
         384   210.7533    
         385   220.2849    
         386   214.4600    
         387   227.1687    
         388   225.0506    
         389   229.8164    
         390   237.7594    
         391   232.4641    
         392   234.5822    
         393   241.4661    
         394   241.9956    
         395   245.1728    
         396   222.9325    
         397   246.2319    
         398   242.5251    
         399   250.9976    
         400   250.4681    
         401   249.9386    
         402   246.7614    
         403   253.6453    
         404   245.1728    
         405   245.7023    
         406   258.4111    
         407   253.6453    
         408   257.3520    
         409   254.1748    
         410   244.6433    
         411   245.7023    
         412   270.5903    
         413   245.7023    
         414   264.2359    
         415   252.0567    
         416   279.0628    
         417   267.9426    
         418   262.6473    
         419   274.2970    
         420   276.4151    
         421   288.5943    
         422   267.9426    
         423   277.4742    
         424   284.8876    
         425   282.2400    
         426   287.0057    
         427   290.1829    
         428   289.1239    
         429   296.0078    
         430   302.8917    
         431   314.0118    
         432   324.0729    
         433   300.2440    
         434   305.0098    
         435   321.4252    
         436   330.9568    
         437   343.6655    
         438   324.0729    
         439   327.7796    
         440   332.5454    
         441   346.3132    
         442   338.8997    
         443   335.7226    
         444   354.2562    
         445   337.8407    
         446   346.3132    
         447   343.6655    
         448   345.2542    
         449   365.3763    
         450   375.4374    
         451   356.9038    
         452   360.0810    
         453   374.3783    
         454   380.7327    
         455   354.7857    
         456   370.6716    
         457   378.0851    
         458   379.6736    
         459   389.2052    
         460   373.8488    
         461   395.0300    
         462   367.4944    
         463   390.7938    
         464   380.7327    
         465   399.2663    
         466   395.5596    
         467   401.3844    
         468   391.3233    
         469   396.0891    
         470   387.6166    
         471   404.0321    
         472   388.6757    
         473   410.3864    
         474   408.7979    
         475   402.9730    
         476   390.2643    
         477   405.0911    
         478   402.4435    
         479   396.6186    
         480   418.3294    
         481   397.6777    
         482   401.9139    
         483   432.0972    
         484   435.2744    
         485   402.4435    
         486   413.5636    
         487   434.7448    
         488   438.4516    
         489   434.2153    
         490   428.3905    
         491   432.0972    
         492   415.6817    
         493   448.5127    
         494   453.2784    
         495   408.2683    
         496   433.6858    
         497   427.8610    
         498   462.8100    
         499   447.9831    
         500   437.9220    
         501   447.9831    
         502   446.9241    
         503   459.1033    
         504   455.9261    
         505   426.8019    
         506   445.3355    
         507   450.6308    
         508   462.2805    
         509   442.1583    
         510   449.5717    
         511   440.5697    
         512   441.0992    
         513   466.5167    
         514   457.5147    
         515   501.9953    
         516   476.5778    
         517   450.1013    
         518   465.4576    
         519   472.3416    
         520   528.4718    
         521   458.5737    
         522   461.7509    
         523   457.5147    
         524   509.9382    
         525   485.5798    
         526   494.5818    
         527   495.1114    
         528   475.5187    
         529   512.0563    
         530   499.8772    
         531   524.2356    
         532   507.2906    
         533   505.7020    
         534   565.0095    
         535   503.0544    
         536   504.6429    
         537   540.1215    
         538   538.5329    
         539   552.3007    
         540   497.2295    
         541   606.8424    
         542   532.7081    
         543   552.3007    
         544   517.8812    
         545   577.1887    
         546   583.0135    
         547   495.6409    
         548   543.2987    
         549   549.1235    
         550   540.6510    
         551   652.9116    
         552   564.4799    
         553   563.9504    
         554   551.7712    
         555   560.7732    
         556   536.9443    
         557   547.5349    
         558   550.1826    
         559   540.6510    
         560   527.9423    
         561   541.7101    
         562   561.8323    
         563   529.0013    
         564   545.9464    
         565   517.8812    
         566   550.1826    
         567   546.4759    
         568   538.0034    
         569   547.5349    
         570   529.5309    
         571   565.5390    
         572   539.0624    
         573   545.9464    
         574   583.0135    
         575   544.8873    
         576   558.6551    
         577   539.5920    
         578   529.0013    
         579   577.1887    
         580   530.0604    
         581   563.9504    
         582   544.3577    
         583   563.9504    
         584   543.8282    
         585   553.3597    
         586   557.0665    
         587   556.5370    
         588   573.4819    
         589   559.7142    
         590   543.2987    
         591   553.8893    
         592   569.7752    
         593   570.8343    
         594   554.4188    
         595   564.4799    
         596   564.4799    
         597   558.1255    
         598   562.3618    
         599   551.2416    
         600   567.6571    
         601   566.5980    
         602   560.2437    
         603   566.5980    
         604   577.7182    
         605   562.8914    
         606   586.7202    
         607   573.4819    
         608   580.3658    
         609   578.2477    
         610   574.0115    
         611   575.0706    
         612   579.8363    
         613   549.6531    
         614   581.9545    
         615   552.3007    
         616   559.1846    
         617   565.5390    
         618   555.4779    
         619   579.3068    
         620   562.3618    
         621   553.8893    
         622   571.3638    
         623   566.0685    
         624   558.6551    
         625   548.5940    
         626   582.4839    
         627   552.3007    
         628   579.3068    
         629   575.6001    
         630   581.9545    
         631   554.4188    
         632   580.3658    
         633   566.0685    
         634   574.0115    
         635   563.4208    
         636   593.0746    
         637   572.9524    
         638   566.0685    
         639   567.1276    
         640   588.8383    
         641   561.8323    
         642   579.8363    
         643   571.3638    
         644   588.3088    
         645   587.7793    
         646   590.4269    
         647   597.3109    
         648   587.7793    
         649   607.3719    
         650   586.1907    
         651   596.2518    
         652   604.1948    
         653   610.5491    
         654   605.7833    
         655   606.8424    
         656   619.5511    
         657   621.6693    
         658   603.1357    
         659   627.4941    
         660   608.4310    
         661   593.0746    
         662   652.3821    
         663   608.9605    
         664   637.5552    
         665   608.4310    
         666   615.3149    
         667   619.0216    
         668   630.6713    
         669   616.3740    
         670   627.4941    
         671   605.7833    
         672   629.0827    
         673   637.0256    
         674   627.4941    
         675   629.6122    
         676   636.4961    
         677   610.0196    
         678   647.6163    
         679   619.0216    
         680   616.3740    
         681   631.2008    
         682   629.0827    
         683   598.3699    
         684   634.3780    
         685   631.2008    
         686   632.7894    
         687   611.6082    
         688   624.3169    
         689   614.7853    
         690   623.2579    
         691   618.4921    
         692   620.6102    
         693   639.6733    
         694   602.0766    
         695   635.4371    
         696   612.1377    
         697   597.8404    
         698   634.3780    
         699   621.1397    
         700   611.6082    
         701   612.1377    
         702   601.0176    
         703   632.2599    
         704   597.8404    
         705   591.4860    
         706   606.8424    
         707   617.9625    
         708   577.7182    
         709   599.4290    
         710   589.3679    
         711   589.3679    
         712   588.8383    
         713   589.8974    
         714   575.6000    
         715   592.5450    
         716   581.9544    
         717   562.8913    
         718   572.9524    
         719   574.5410    
         720   570.3047    
         721   560.2437    
         722   559.1846    
         723   578.2477    
         724   532.1785    
         725   565.0095    
         726   540.6510    
         727   549.6531    
         728   561.8323    
         729   545.9464    
         730   549.6531    
         731   548.0645    
         732   550.7121    
         733   537.4738    
         734   536.4148    
         735   542.7692    
         736   561.8323    
         737   532.7081    
         738   540.6511    
         739   536.9443    
         740   551.2416    
         741   518.9402    
         742   542.7692    
         743   539.0624    
         744   531.1194    
         745   555.4779    
         746   514.1745    
         747   547.5349    
         748   526.8832    
         749   543.2987    
         750   540.1215    
         751   543.8282    
         752   516.8221    
         753   523.7061    
         754   554.4188    
         755   508.8792    
         756   509.4087    
         757   544.8873    
         758   533.7672    
         759   541.1805    
         760   506.2315    
         761   535.3557    
         762   527.9423    
         763   517.3517    
         764   529.0013    
         765   513.1154    
         766   526.8832    
         767   527.4128    
         768   525.8242    
         769   521.5879    
         770   529.5309    
         771   515.7631    
         772   520.5289    
         773   525.2946    
         774   517.8812    
         775   523.1765    
         776   512.5859    
         777   531.1194    
         778   516.2926    
         779   503.0543    
         780   514.1745    
         781   502.5248    
         782   521.5879    
         783   510.9973    
         784   505.7020    
         785   515.2335    
         786   513.6450    
         787   492.9933    
         788   509.9382    
         789   516.8221    
         790   508.3496    
         791   525.2946    
         792   500.4067    
         793   497.2295    
         794   515.2335    
         795   524.7651    
         796   495.6409    
         797   487.6979    
         798   523.7061    
         799   509.4087    
         800   501.4657    
         801   512.5859    
         802   508.3496    
         803   496.7000    
         804   518.9402    
         805   511.5268    
         806   519.9993    
         807   494.0523    
         808   519.4698    
         809   519.9993    
         810   511.5268    
         811   515.7631    
         812   532.7081    
         813   535.8853    
         814   513.6450    
         815   534.8262    
         816   533.7672    
         817   510.4678    
         818   555.4779    
         819   537.4738    
         820   532.1785    
         821   565.5390    
         822   522.6470    
         823   540.1215    
         824   554.9484    
         825   538.0034    
         826   547.5349    
         827   559.7142    
         828   558.1255    
         829   556.0074    
         830   584.6021    
         831   578.2477    
         832   585.1317    
         833   610.0196    
         834   596.7813    
         835   640.2028    
         836   662.4431    
         837   657.6774    
         838   719.1030    
         839   697.3922    
         840   742.9318    
         841   776.8218    
         842   814.4185    
         843   909.2045    
         844   931.9744    
         845   1016.170    
         846   1100.895    
         847   1258.695    
         848   1416.495    
         849   1565.823    
         850   1903.663    
         851   1939.142    
         852   1769.163    
         853   1336.536    
         854   987.0455    
         855   804.3574    
         856   676.2109    
         857   598.8994    
         858   552.8303    
         859   465.4576    
         860   447.4536    
         861   414.0931    
         862   378.0851    
         863   362.1991    
         864   339.9588    
         865   328.3091    
         866   316.6595    
         867   312.4232    
         868   277.4742    
         869   274.8265    
         870   270.5903    
         871   246.7614    
         872   256.2929    
         873   237.7594    
         874   238.2889    
         875   233.5231    
         876   217.1077    
         877   217.1077    
         878   196.9855    
         879   212.3419    
         880   202.2808    
         881   196.4560    
         882   190.1016    
         883   183.2177    
         884   186.3949    
         885   185.3358    
         886   174.7452    
         887   185.3358    
         888   162.0365    
         889   170.5089    
         890   172.0975    
         891   161.5069    
         892   165.7432    
         893   165.7432    
         894   164.1546    
         895   159.3888    
         896   156.7411    
         897   147.2096    
         898   157.2707    
         899   160.4479    
         900   148.7982    
         901   158.8593    
         902   153.0344    
         903   142.9733    
         904   150.3868    
         905   141.9143    
         906   149.3277    
         907   148.7982    
         908   146.6801    
         909   141.3848    
         910   149.3277    
         911   151.4458    
         912   133.9713    
         913   162.0365    
         914   141.9143    
         915   142.9733    
         916   156.2116    
         917   149.3277    
         918   146.1505    
         919   152.5049    
         920   125.4988    
         921   144.0324    
         922   143.5029    
         923   152.5049    
         924   132.9122    
         925   137.6780    
         926   142.9733    
         927   142.9733    
         928   127.0874    
         929   144.5619    
         930   134.5008    
         931   135.5599    
         932   142.4438    
         933   127.6169    
         934   138.7371    
         935   129.2055    
         936   140.8552    
         937   124.9693    
         938   130.2646    
         939   124.9693    
         940   123.3807    
         941   119.1444    
         942   124.9693    
         943   118.0854    
         944   114.3787    
         945   125.4988    
         946   107.4948    
         947   124.4398    
         948   111.2015    
         949   108.0243    
         950   113.8491    
         951   117.0263    
         952   108.0243    
         953   105.9062    
         954   105.9062    
         955   96.37462    
         956   119.1444    
         957   102.7290    
         958   104.3176    
         959   98.49274    
         960   93.72697    
         961   105.3766    
         962   99.02228    
         963   90.54978    
         964   103.2585    
         965   98.49274    
         966   91.60884    
         967   100.6109    
         968   84.19541    
         969   96.90415    
         970   83.66588    
         971   93.19743    
         972   85.78400    
         973   88.43166    
         974   85.25447    
         975   96.90415    
         976   75.19339    
         977   86.84306    
         978   87.37260    
         979   81.01823    
         980   83.13635    
         981   80.48869    
         982   70.42760    
         983   90.02025    
         984   77.84104    
         985   75.19338    
         986   85.78400    
         987   73.07526    
         988   79.95917    
         989   73.60480    
         990   73.60480    
         991   72.01620    
         992   78.90010    
         993   72.54573    
         994   69.89808    
         995   73.07526    
         996   67.25042    
         997   65.13230    
         998   74.13432    
         999   63.54370    
        1000   65.66183    
        1001   62.48465    
        1002   63.01418    
        1003   60.36652    
        1004   57.71886    
        1005   62.48465    
        1006   60.89605    
        1007   55.60074    
        1008   54.54168    
        1009   54.01215    
        1010   66.19136    
        1011   57.71887    
        1012   50.30544    
        1013   57.18933    
        1014   51.36449    
        1015   46.06919    
        1016   50.30544    
        1017   57.71887    
        1018   49.77590    
        1019   42.89200    
        1020   49.77590    
        1021   49.24637    
        1022   43.42153    
        1023   46.06919    
        1024   44.48059    
