 #   Y    A
           1  0.0000000E+00
           2  0.0000000E+00
           3  0.0000000E+00
           4  0.0000000E+00
           5  0.0000000E+00
           6  0.0000000E+00
           7  0.0000000E+00
           8  0.0000000E+00
           9  0.0000000E+00
          10  0.0000000E+00
          11  0.0000000E+00
          12  0.0000000E+00
          13  0.0000000E+00
          14  0.0000000E+00
          15  0.0000000E+00
          16  0.0000000E+00
          17  0.0000000E+00
          18  0.0000000E+00
          19  0.0000000E+00
          20  0.0000000E+00
          21  0.0000000E+00
          22  0.0000000E+00
          23  0.0000000E+00
          24  0.0000000E+00
          25  0.0000000E+00
          26  0.0000000E+00
          27  0.0000000E+00
          28  0.0000000E+00
          29  0.0000000E+00
          30  0.0000000E+00
          31  0.0000000E+00
          32  0.0000000E+00
          33  0.0000000E+00
          34  0.0000000E+00
          35  0.0000000E+00
          36  0.0000000E+00
          37  0.0000000E+00
          38  0.0000000E+00
          39  0.0000000E+00
          40  0.0000000E+00
          41  0.0000000E+00
          42  0.0000000E+00
          43  0.0000000E+00
          44  0.0000000E+00
          45  0.0000000E+00
          46  0.0000000E+00
          47  0.0000000E+00
          48  0.0000000E+00
          49  0.0000000E+00
          50  0.0000000E+00
          51  0.0000000E+00
          52  0.0000000E+00
          53  0.0000000E+00
          54  0.0000000E+00
          55  0.0000000E+00
          56  0.0000000E+00
          57  0.0000000E+00
          58  0.0000000E+00
          59  0.0000000E+00
          60  0.0000000E+00
          61  0.0000000E+00
          62  0.0000000E+00
          63  0.0000000E+00
          64  0.0000000E+00
          65  0.0000000E+00
          66  0.0000000E+00
          67  0.0000000E+00
          68  0.0000000E+00
          69  0.0000000E+00
          70  0.0000000E+00
          71  0.0000000E+00
          72  0.0000000E+00
          73  0.0000000E+00
          74  0.0000000E+00
          75  0.0000000E+00
          76  0.0000000E+00
          77  0.0000000E+00
          78  0.0000000E+00
          79  0.0000000E+00
          80  0.0000000E+00
          81  0.0000000E+00
          82  0.0000000E+00
          83  0.0000000E+00
          84  0.0000000E+00
          85  0.0000000E+00
          86  0.0000000E+00
          87  0.0000000E+00
          88  0.0000000E+00
          89  0.0000000E+00
          90  0.0000000E+00
          91  0.0000000E+00
          92  0.0000000E+00
          93  0.0000000E+00
          94  0.0000000E+00
          95  0.0000000E+00
          96  0.0000000E+00
          97  0.0000000E+00
          98  0.0000000E+00
          99  0.0000000E+00
         100  0.0000000E+00
         101  0.0000000E+00
         102  0.0000000E+00
         103  0.0000000E+00
         104  0.0000000E+00
         105  0.0000000E+00
         106  0.0000000E+00
         107  0.0000000E+00
         108  0.0000000E+00
         109  0.0000000E+00
         110  0.0000000E+00
         111  0.0000000E+00
         112  0.0000000E+00
         113  0.0000000E+00
         114  0.0000000E+00
         115  0.0000000E+00
         116  0.0000000E+00
         117  0.0000000E+00
         118  0.0000000E+00
         119  0.0000000E+00
         120  0.0000000E+00
         121  0.0000000E+00
         122  0.0000000E+00
         123  0.0000000E+00
         124  0.0000000E+00
         125  0.0000000E+00
         126  0.0000000E+00
         127  0.0000000E+00
         128  0.0000000E+00
         129  0.0000000E+00
         130  0.0000000E+00
         131  0.0000000E+00
         132  0.0000000E+00
         133  0.0000000E+00
         134  0.0000000E+00
         135  0.0000000E+00
         136  0.0000000E+00
         137  0.0000000E+00
         138  0.0000000E+00
         139  0.0000000E+00
         140  0.0000000E+00
         141  0.0000000E+00
         142  0.0000000E+00
         143  0.0000000E+00
         144  0.0000000E+00
         145  0.0000000E+00
         146  0.0000000E+00
         147  0.0000000E+00
         148  0.0000000E+00
         149  0.0000000E+00
         150  0.0000000E+00
         151  0.0000000E+00
         152  0.0000000E+00
         153  0.0000000E+00
         154  0.0000000E+00
         155  0.0000000E+00
         156  0.0000000E+00
         157  0.0000000E+00
         158  0.0000000E+00
         159  0.0000000E+00
         160  0.0000000E+00
         161  0.0000000E+00
         162  0.0000000E+00
         163  0.0000000E+00
         164  0.0000000E+00
         165  0.0000000E+00
         166  0.0000000E+00
         167  0.0000000E+00
         168  0.0000000E+00
         169  0.0000000E+00
         170  0.0000000E+00
         171  0.0000000E+00
         172  0.0000000E+00
         173  0.0000000E+00
         174  0.0000000E+00
         175  0.0000000E+00
         176  0.0000000E+00
         177  0.0000000E+00
         178  0.0000000E+00
         179  0.0000000E+00
         180  0.0000000E+00
         181  0.0000000E+00
         182  0.0000000E+00
         183  0.0000000E+00
         184  0.0000000E+00
         185  0.0000000E+00
         186  0.0000000E+00
         187  0.0000000E+00
         188  0.0000000E+00
         189  0.0000000E+00
         190  0.0000000E+00
         191  0.0000000E+00
         192  0.0000000E+00
         193  0.0000000E+00
         194  0.0000000E+00
         195  0.0000000E+00
         196  0.0000000E+00
         197  0.0000000E+00
         198  0.0000000E+00
         199  0.0000000E+00
         200  0.0000000E+00
         201  0.0000000E+00
         202  0.0000000E+00
         203  0.0000000E+00
         204  0.0000000E+00
         205  0.0000000E+00
         206  0.0000000E+00
         207  0.0000000E+00
         208  0.0000000E+00
         209  0.0000000E+00
         210  0.0000000E+00
         211  0.0000000E+00
         212  0.0000000E+00
         213  0.0000000E+00
         214  0.0000000E+00
         215  0.0000000E+00
         216  0.0000000E+00
         217  0.0000000E+00
         218  0.0000000E+00
         219  0.0000000E+00
         220  0.0000000E+00
         221  0.0000000E+00
         222  0.0000000E+00
         223  0.0000000E+00
         224  0.0000000E+00
         225  0.0000000E+00
         226  0.0000000E+00
         227  0.0000000E+00
         228  0.0000000E+00
         229  0.0000000E+00
         230  0.0000000E+00
         231  0.0000000E+00
         232  0.0000000E+00
         233  0.0000000E+00
         234  0.0000000E+00
         235  0.0000000E+00
         236  0.0000000E+00
         237  0.0000000E+00
         238  0.0000000E+00
         239  0.0000000E+00
         240  0.0000000E+00
         241  0.0000000E+00
         242  0.0000000E+00
         243  0.0000000E+00
         244  0.0000000E+00
         245  0.0000000E+00
         246  0.0000000E+00
         247  0.0000000E+00
         248  0.0000000E+00
         249  0.0000000E+00
         250  0.0000000E+00
         251  0.0000000E+00
         252  0.0000000E+00
         253  0.0000000E+00
         254  0.0000000E+00
         255  0.0000000E+00
         256  0.0000000E+00
         257  0.0000000E+00
         258  0.0000000E+00
         259  0.0000000E+00
         260  0.0000000E+00
         261  0.0000000E+00
         262  0.0000000E+00
         263  0.0000000E+00
         264  0.0000000E+00
         265  0.0000000E+00
         266  0.0000000E+00
         267  0.0000000E+00
         268  0.0000000E+00
         269  0.0000000E+00
         270  0.0000000E+00
         271  0.0000000E+00
         272  0.0000000E+00
         273  0.0000000E+00
         274  0.0000000E+00
         275  0.0000000E+00
         276  0.0000000E+00
         277  0.0000000E+00
         278  0.0000000E+00
         279  0.0000000E+00
         280  0.0000000E+00
         281  0.0000000E+00
         282  0.0000000E+00
         283  0.0000000E+00
         284  0.0000000E+00
         285  0.0000000E+00
         286  0.0000000E+00
         287  0.0000000E+00
         288  0.0000000E+00
         289  0.0000000E+00
         290  0.0000000E+00
         291  0.0000000E+00
         292  0.0000000E+00
         293  0.0000000E+00
         294  0.0000000E+00
         295  0.0000000E+00
         296  0.0000000E+00
         297  0.0000000E+00
         298  0.0000000E+00
         299  0.0000000E+00
         300  0.0000000E+00
         301  0.0000000E+00
         302  0.0000000E+00
         303  0.0000000E+00
         304  0.0000000E+00
         305  0.0000000E+00
         306  0.0000000E+00
         307  0.0000000E+00
         308  0.0000000E+00
         309  0.0000000E+00
         310  0.0000000E+00
         311  0.0000000E+00
         312  0.0000000E+00
         313  0.0000000E+00
         314  0.0000000E+00
         315  0.0000000E+00
         316  0.0000000E+00
         317  0.0000000E+00
         318  0.0000000E+00
         319  0.0000000E+00
         320  0.0000000E+00
         321  0.0000000E+00
         322  0.0000000E+00
         323  0.0000000E+00
         324  0.0000000E+00
         325  0.0000000E+00
         326  0.0000000E+00
         327  0.0000000E+00
         328  0.0000000E+00
         329  0.0000000E+00
         330  0.0000000E+00
         331   5.295309    
         332   11.12015    
         333   20.65170    
         334   22.76983    
         335   27.53561    
         336   27.53561    
         337   29.12420    
         338   30.71279    
         339   28.59467    
         340   27.53561    
         341   27.53561    
         342   36.53763    
         343   48.18731    
         344   29.12420    
         345   29.12420    
         346   31.24232    
         347   32.30138    
         348   34.41951    
         349   38.65575    
         350   31.24232    
         351   33.36045    
         352   38.65575    
         353   41.30341    
         354   45.01012    
         355   37.06716    
         356   35.47857    
         357   43.95107    
         358   44.48059    
         359   51.36449    
         360   50.30544    
         361   34.41951    
         362   39.18528    
         363   45.53966    
         364   37.59669    
         365   39.18528    
         366   48.18731    
         367   52.42356    
         368   39.71482    
         369   43.95107    
         370   34.94904    
         371   43.42153    
         372   56.65981    
         373   45.53966    
         374   45.01012    
         375   51.89403    
         376   50.83496    
         377   50.83496    
         378   50.83496    
         379   58.24840    
         380   57.71887    
         381   48.71684    
         382   52.95309    
         383   61.42558    
         384   66.19136    
         385   62.48465    
         386   54.54168    
         387   56.13028    
         388   72.54573    
         389   59.83699    
         390   61.95511    
         391   81.01823    
         392   68.83901    
         393   70.95714    
         394   72.54573    
         395   70.95714    
         396   90.02025    
         397   81.54776    
         398   82.07729    
         399   82.07729    
         400   90.02025    
         401   87.90213    
         402   85.78400    
         403   105.9062    
         404   111.7310    
         405   100.6109    
         406   109.6129    
         407   106.4357    
         408   126.5579    
         409   130.7941    
         410   142.9733    
         411   143.5029    
         412   145.6210    
         413   174.2157    
         414   177.9224    
         415   180.5700    
         416   202.8103    
         417   221.8734    
         418   236.7003    
         419   259.4701    
         420   283.8286    
         421   312.9528    
         422   329.8977    
         423   375.9669    
         424   402.4435    
         425   449.0422    
         426   496.1704    
         427   582.4839    
         428   649.7344    
         429   674.6223    
         430   692.0969    
         431   660.3250    
         432   665.0908    
         433   675.6814    
         434   669.3270    
         435   686.8016    
         436   674.0928    
         437   684.1539    
         438   688.3901    
         439   679.3881    
         440   680.4472    
         441   694.7445    
         442   674.0928    
         443   692.6264    
         444   673.5633    
         445   703.2170    
         446   670.3861    
         447   703.7465    
         448   708.5123    
         449   725.9868    
         450   748.7567    
         451   730.7526    
         452   776.8218    
         453   777.3513    
         454   793.2372    
         455   841.4246    
         456   844.0722    
         457   907.6159    
         458   938.3287    
         459   965.8643    
         460   1018.288    
         461   1049.530    
         462   1098.777    
         463   1152.789    
         464   1162.320    
         465   1167.616    
         466   1184.031    
         467   1197.269    
         468   1181.913    
         469   1165.497    
         470   1195.151    
         471   1169.734    
         472   1178.736    
         473   1175.559    
         474   1168.675    
         475   1225.334    
         476   1210.508    
         477   1261.872    
         478   1302.646    
         479   1293.114    
         480   1346.597    
         481   1402.727    
         482   1399.550    
         483   1492.218    
         484   1459.387    
         485   1549.937    
         486   1578.532    
         487   1620.365    
         488   1668.022    
         489   1731.566    
         490   1780.283    
         491   1901.016    
         492   2099.060    
         493   2201.789    
         494   2530.628    
         495   2708.021    
         496   3076.574    
         497   3453.071    
         498   3826.390    
         499   4026.553    
         500   4371.277    
         501   4509.485    
         502   4315.147    
         503   4137.754    
         504   4279.668    
         505   4056.207    
         506   3726.309    
         507   3287.857    
         508   2922.481    
         509   2566.636    
         510   2502.563    
         511   2484.029    
         512   2208.144    
         513   1966.678    
         514   1759.631    
         515   1707.208    
         516   1669.611    
         517   1653.195    
         518   1534.580    
         519   1507.574    
         520   1424.438    
         521   1393.725    
         522   1404.845    
         523   1336.536    
         524   1383.135    
         525   1271.933    
         526   1301.057    
         527   1233.277    
         528   1244.398    
         529   1206.801    
         530   1185.090    
         531   1179.265    
         532   1187.208    
         533   1143.257    
         534   1146.964    
         535   1137.962    
         536   1128.430    
         537   1166.557    
         538   1130.019    
         539   1106.190    
         540   1185.620    
         541   1063.828    
         542   1099.836    
         543   1128.960    
         544   1060.121    
         545   1149.082    
         546   1106.190    
         547   1131.078    
         548   1118.899    
         549   1121.017    
         550   1178.206    
         551   1140.609    
         552   1106.720    
         553   1148.552    
         554   1162.850    
         555   1177.677    
         556   1167.616    
         557   1200.976    
         558   1128.960    
         559   1136.373    
         560   1175.029    
         561   1105.661    
         562   1129.489    
         563   1106.720    
         564   1116.251    
         565   1116.781    
         566   1134.255    
         567   1124.724    
         568   1122.605    
         569   1097.718    
         570   1142.198    
         571   1123.665    
         572   1091.363    
         573   1119.428    
         574   1107.249    
         575   1158.614    
         576   1114.662    
         577   1116.251    
         578   1102.483    
         579   1131.608    
         580   1064.887    
         581   1106.719    
         582   1005.050    
         583   1014.581    
         584   1078.125    
         585   1014.581    
         586   1061.180    
         587   1023.583    
         588   1081.832    
         589   1030.997    
         590   1059.591    
         591   1056.944    
         592   1047.412    
         593   1043.176    
         594   1072.830    
         595   1050.060    
         596   1053.237    
         597   1019.876    
         598   1140.080    
         599   1008.227    
         600   1025.701    
         601   1014.052    
         602   969.0415    
         603   1051.648    
         604   1013.522    
         605   1045.294    
         606   1053.237    
         607   1050.060    
         608   1061.180    
         609   1019.876    
         610   1076.007    
         611   1073.359    
         612   1094.540    
         613   1070.711    
         614   1065.416    
         615   1076.007    
         616   1125.253    
         617   1091.893    
         618   1079.184    
         619   1111.485    
         620   1105.131    
         621   1034.174    
         622   1086.068    
         623   1091.893    
         624   1076.007    
         625   1043.705    
         626   1085.538    
         627   1025.701    
         628   1095.599    
         629   1012.993    
         630   1025.701    
         631   1023.054    
         632   992.8704    
         633   991.2818    
         634   997.1066    
         635   1003.461    
         636   962.6871    
         637   1018.288    
         638   976.9845    
         639   968.5120    
         640   1002.402    
         641   949.4489    
         642   949.9784    
         643   928.2676    
         644   928.7972    
         645   908.6750    
         646   897.0253    
         647   850.9561    
         648   872.1374    
         649   845.1313    
         650   801.7098    
         651   852.5447    
         652   778.4104    
         653   753.5225    
         654   732.8707    
         655   714.3372    
         656   688.9197    
         657   654.5002    
         658   630.6713    
         659   624.8464    
         660   595.1927    
         661   583.0135    
         662   562.3618    
         663   526.8832    
         664   544.8873    
         665   523.7061    
         666   489.8161    
         667   487.6979    
         668   477.6368    
         669   437.3925    
         670   447.4536    
         671   431.5677    
         672   415.1522    
         673   410.9160    
         674   389.7347    
         675   405.0911    
         676   373.8488    
         677   380.2032    
         678   360.0810    
         679   357.9629    
         680   352.1380    
         681   365.9059    
         682   316.1299    
         683   337.8407    
         684   315.6004    
         685   322.4843    
         686   308.1870    
         687   282.2400    
         688   300.7735    
         689   278.5332    
         690   282.7695    
         691   283.2990    
         692   265.8245    
         693   251.5272    
         694   268.4722    
         695   261.0587    
         696   253.1158    
         697   245.7023    
         698   240.4070    
         699   249.9386    
         700   230.3459    
         701   236.7003    
         702   235.1117    
         703   229.8164    
         704   221.3439    
         705   216.0486    
         706   217.6372    
         707   219.7553    
         708   218.1667    
         709   203.8694    
         710   202.8103    
         711   195.9264    
         712   179.5110    
         713   200.6922    
         714   184.2767    
         715   203.3399    
         716   165.2136    
         717   172.0975    
         718   167.8613    
         719   176.3338    
         720   171.5680    
         721   162.0365    
         722   161.5069    
         723   147.2096    
         724   150.3868    
         725   155.6821    
         726   157.2707    
         727   152.5049    
         728   142.4438    
         729   129.2055    
         730   128.1465    
         731   136.0894    
         732   127.0874    
         733   131.3237    
         734   119.6740    
         735   123.3807    
         736   120.7330    
         737   112.2606    
         738   108.5538    
         739   112.2605    
         740   101.1404    
         741   6.883902    
         742  0.0000000E+00
         743  0.0000000E+00
         744  0.0000000E+00
         745  0.0000000E+00
         746  0.0000000E+00
         747  0.0000000E+00
         748  0.0000000E+00
         749  0.0000000E+00
         750  0.0000000E+00
         751  0.0000000E+00
         752  0.0000000E+00
         753  0.0000000E+00
         754  0.0000000E+00
         755  0.0000000E+00
         756  0.0000000E+00
         757  0.0000000E+00
         758  0.0000000E+00
         759  0.0000000E+00
         760  0.0000000E+00
         761  0.0000000E+00
         762  0.0000000E+00
         763  0.0000000E+00
         764  0.0000000E+00
         765  0.0000000E+00
         766  0.0000000E+00
         767  0.0000000E+00
         768  0.0000000E+00
         769  0.0000000E+00
         770  0.0000000E+00
         771  0.0000000E+00
         772  0.0000000E+00
         773  0.0000000E+00
         774  0.0000000E+00
         775  0.0000000E+00
         776  0.0000000E+00
         777  0.0000000E+00
         778  0.0000000E+00
         779  0.0000000E+00
         780  0.0000000E+00
         781  0.0000000E+00
         782  0.0000000E+00
         783  0.0000000E+00
         784  0.0000000E+00
         785  0.0000000E+00
         786  0.0000000E+00
         787  0.0000000E+00
         788  0.0000000E+00
         789  0.0000000E+00
         790  0.0000000E+00
         791  0.0000000E+00
         792  0.0000000E+00
         793  0.0000000E+00
         794  0.0000000E+00
         795  0.0000000E+00
         796  0.0000000E+00
         797  0.0000000E+00
         798  0.0000000E+00
         799  0.0000000E+00
         800  0.0000000E+00
         801  0.0000000E+00
         802  0.0000000E+00
         803  0.0000000E+00
         804  0.0000000E+00
         805  0.0000000E+00
         806  0.0000000E+00
         807  0.0000000E+00
         808  0.0000000E+00
         809  0.0000000E+00
         810  0.0000000E+00
         811  0.0000000E+00
         812  0.0000000E+00
         813  0.0000000E+00
         814  0.0000000E+00
         815  0.0000000E+00
         816  0.0000000E+00
         817  0.0000000E+00
         818  0.0000000E+00
         819  0.0000000E+00
         820  0.0000000E+00
         821  0.0000000E+00
         822  0.0000000E+00
         823  0.0000000E+00
         824  0.0000000E+00
         825  0.0000000E+00
         826  0.0000000E+00
         827  0.0000000E+00
         828  0.0000000E+00
         829  0.0000000E+00
         830  0.0000000E+00
         831  0.0000000E+00
         832  0.0000000E+00
         833  0.0000000E+00
         834  0.0000000E+00
         835  0.0000000E+00
         836  0.0000000E+00
         837  0.0000000E+00
         838  0.0000000E+00
         839  0.0000000E+00
         840  0.0000000E+00
         841  0.0000000E+00
         842  0.0000000E+00
         843  0.0000000E+00
         844  0.0000000E+00
         845  0.0000000E+00
         846  0.0000000E+00
         847  0.0000000E+00
         848  0.0000000E+00
         849  0.0000000E+00
         850  0.0000000E+00
         851  0.0000000E+00
         852  0.0000000E+00
         853  0.0000000E+00
         854  0.0000000E+00
         855  0.0000000E+00
         856  0.0000000E+00
         857  0.0000000E+00
         858  0.0000000E+00
         859  0.0000000E+00
         860  0.0000000E+00
         861  0.0000000E+00
         862  0.0000000E+00
         863  0.0000000E+00
         864  0.0000000E+00
         865  0.0000000E+00
         866  0.0000000E+00
         867  0.0000000E+00
         868  0.0000000E+00
         869  0.0000000E+00
         870  0.0000000E+00
         871  0.0000000E+00
         872  0.0000000E+00
         873  0.0000000E+00
         874  0.0000000E+00
         875  0.0000000E+00
         876  0.0000000E+00
         877  0.0000000E+00
         878  0.0000000E+00
         879  0.0000000E+00
         880  0.0000000E+00
         881  0.0000000E+00
         882  0.0000000E+00
         883  0.0000000E+00
         884  0.0000000E+00
         885  0.0000000E+00
         886  0.0000000E+00
         887  0.0000000E+00
         888  0.0000000E+00
         889  0.0000000E+00
         890  0.0000000E+00
         891  0.0000000E+00
         892  0.0000000E+00
         893  0.0000000E+00
         894  0.0000000E+00
         895  0.0000000E+00
         896  0.0000000E+00
         897  0.0000000E+00
         898  0.0000000E+00
         899  0.0000000E+00
         900  0.0000000E+00
         901  0.0000000E+00
         902  0.0000000E+00
         903  0.0000000E+00
         904  0.0000000E+00
         905  0.0000000E+00
         906  0.0000000E+00
         907  0.0000000E+00
         908  0.0000000E+00
         909  0.0000000E+00
         910  0.0000000E+00
         911  0.0000000E+00
         912  0.0000000E+00
         913  0.0000000E+00
         914  0.0000000E+00
         915  0.0000000E+00
         916  0.0000000E+00
         917  0.0000000E+00
         918  0.0000000E+00
         919  0.0000000E+00
         920  0.0000000E+00
         921  0.0000000E+00
         922  0.0000000E+00
         923  0.0000000E+00
         924  0.0000000E+00
         925  0.0000000E+00
         926  0.0000000E+00
         927  0.0000000E+00
         928  0.0000000E+00
         929  0.0000000E+00
         930  0.0000000E+00
         931  0.0000000E+00
         932  0.0000000E+00
         933  0.0000000E+00
         934  0.0000000E+00
         935  0.0000000E+00
         936  0.0000000E+00
         937  0.0000000E+00
         938  0.0000000E+00
         939  0.0000000E+00
         940  0.0000000E+00
         941  0.0000000E+00
         942  0.0000000E+00
         943  0.0000000E+00
         944  0.0000000E+00
         945  0.0000000E+00
         946  0.0000000E+00
         947  0.0000000E+00
         948  0.0000000E+00
         949  0.0000000E+00
         950  0.0000000E+00
         951  0.0000000E+00
         952  0.0000000E+00
         953  0.0000000E+00
         954  0.0000000E+00
         955  0.0000000E+00
         956  0.0000000E+00
         957  0.0000000E+00
         958  0.0000000E+00
         959  0.0000000E+00
         960  0.0000000E+00
         961  0.0000000E+00
         962  0.0000000E+00
         963  0.0000000E+00
         964  0.0000000E+00
         965  0.0000000E+00
         966  0.0000000E+00
         967  0.0000000E+00
         968  0.0000000E+00
         969  0.0000000E+00
         970  0.0000000E+00
         971  0.0000000E+00
         972  0.0000000E+00
         973  0.0000000E+00
         974  0.0000000E+00
         975  0.0000000E+00
         976  0.0000000E+00
         977  0.0000000E+00
         978  0.0000000E+00
         979  0.0000000E+00
         980  0.0000000E+00
         981  0.0000000E+00
         982  0.0000000E+00
         983  0.0000000E+00
         984  0.0000000E+00
         985  0.0000000E+00
         986  0.0000000E+00
         987  0.0000000E+00
         988  0.0000000E+00
         989  0.0000000E+00
         990  0.0000000E+00
         991  0.0000000E+00
         992  0.0000000E+00
         993  0.0000000E+00
         994  0.0000000E+00
         995  0.0000000E+00
         996  0.0000000E+00
         997  0.0000000E+00
         998  0.0000000E+00
         999  0.0000000E+00
        1000  0.0000000E+00
        1001  0.0000000E+00
        1002  0.0000000E+00
        1003  0.0000000E+00
        1004  0.0000000E+00
        1005  0.0000000E+00
        1006  0.0000000E+00
        1007  0.0000000E+00
        1008  0.0000000E+00
        1009  0.0000000E+00
        1010  0.0000000E+00
        1011  0.0000000E+00
        1012  0.0000000E+00
        1013  0.0000000E+00
        1014  0.0000000E+00
        1015  0.0000000E+00
        1016  0.0000000E+00
        1017  0.0000000E+00
        1018  0.0000000E+00
        1019  0.0000000E+00
        1020  0.0000000E+00
        1021  0.0000000E+00
        1022  0.0000000E+00
        1023  0.0000000E+00
        1024  0.0000000E+00
