 #   Y    A
           1  0.0000000E+00
           2  0.0000000E+00
           3  0.0000000E+00
           4  0.0000000E+00
           5  0.0000000E+00
           6  0.0000000E+00
           7  0.0000000E+00
           8  0.0000000E+00
           9  0.0000000E+00
          10  0.0000000E+00
          11  0.0000000E+00
          12  0.0000000E+00
          13  0.0000000E+00
          14  0.0000000E+00
          15  0.0000000E+00
          16  0.0000000E+00
          17  0.0000000E+00
          18  0.0000000E+00
          19  0.0000000E+00
          20  0.0000000E+00
          21  0.0000000E+00
          22  0.0000000E+00
          23  0.0000000E+00
          24  0.0000000E+00
          25  0.0000000E+00
          26  0.0000000E+00
          27  0.0000000E+00
          28  0.0000000E+00
          29  0.0000000E+00
          30  0.0000000E+00
          31  0.0000000E+00
          32  0.0000000E+00
          33  0.0000000E+00
          34  0.0000000E+00
          35  0.0000000E+00
          36  0.0000000E+00
          37  0.0000000E+00
          38  0.0000000E+00
          39  0.0000000E+00
          40  0.0000000E+00
          41  0.0000000E+00
          42  0.0000000E+00
          43  0.0000000E+00
          44  0.0000000E+00
          45  0.0000000E+00
          46  0.0000000E+00
          47  0.0000000E+00
          48  0.0000000E+00
          49  0.0000000E+00
          50  0.0000000E+00
          51  0.0000000E+00
          52  0.0000000E+00
          53  0.0000000E+00
          54  0.0000000E+00
          55  0.0000000E+00
          56  0.0000000E+00
          57  0.0000000E+00
          58  0.0000000E+00
          59  0.0000000E+00
          60  0.0000000E+00
          61  0.0000000E+00
          62  0.0000000E+00
          63  0.0000000E+00
          64  0.0000000E+00
          65  0.0000000E+00
          66  0.0000000E+00
          67  0.0000000E+00
          68  0.0000000E+00
          69  0.0000000E+00
          70  0.0000000E+00
          71  0.0000000E+00
          72  0.0000000E+00
          73  0.0000000E+00
          74  0.0000000E+00
          75  0.0000000E+00
          76  0.0000000E+00
          77  0.0000000E+00
          78  0.0000000E+00
          79  0.0000000E+00
          80  0.0000000E+00
          81  0.0000000E+00
          82  0.0000000E+00
          83  0.0000000E+00
          84  0.0000000E+00
          85  0.0000000E+00
          86  0.0000000E+00
          87  0.0000000E+00
          88  0.0000000E+00
          89  0.0000000E+00
          90  0.0000000E+00
          91  0.0000000E+00
          92  0.0000000E+00
          93  0.0000000E+00
          94  0.0000000E+00
          95  0.0000000E+00
          96  0.0000000E+00
          97  0.0000000E+00
          98  0.0000000E+00
          99  0.0000000E+00
         100  0.0000000E+00
         101  0.0000000E+00
         102  0.0000000E+00
         103  0.0000000E+00
         104  0.0000000E+00
         105  0.0000000E+00
         106  0.0000000E+00
         107  0.0000000E+00
         108  0.0000000E+00
         109  0.0000000E+00
         110  0.0000000E+00
         111  0.0000000E+00
         112  0.0000000E+00
         113  0.0000000E+00
         114  0.0000000E+00
         115  0.0000000E+00
         116  0.0000000E+00
         117  0.0000000E+00
         118  0.0000000E+00
         119  0.0000000E+00
         120  0.0000000E+00
         121  0.0000000E+00
         122  0.0000000E+00
         123  0.0000000E+00
         124  0.0000000E+00
         125  0.0000000E+00
         126  0.0000000E+00
         127  0.0000000E+00
         128  0.0000000E+00
         129  0.0000000E+00
         130  0.0000000E+00
         131  0.0000000E+00
         132  0.0000000E+00
         133  0.0000000E+00
         134  0.0000000E+00
         135  0.0000000E+00
         136  0.0000000E+00
         137  0.0000000E+00
         138  0.0000000E+00
         139  0.0000000E+00
         140  0.0000000E+00
         141  0.0000000E+00
         142  0.0000000E+00
         143  0.0000000E+00
         144  0.0000000E+00
         145  0.0000000E+00
         146  0.0000000E+00
         147  0.0000000E+00
         148  0.0000000E+00
         149  0.0000000E+00
         150  0.0000000E+00
         151  0.0000000E+00
         152  0.0000000E+00
         153  0.0000000E+00
         154  0.0000000E+00
         155  0.0000000E+00
         156  0.0000000E+00
         157  0.0000000E+00
         158  0.0000000E+00
         159  0.0000000E+00
         160  0.0000000E+00
         161  0.0000000E+00
         162  0.0000000E+00
         163  0.0000000E+00
         164  0.0000000E+00
         165  0.0000000E+00
         166  0.0000000E+00
         167  0.0000000E+00
         168  0.0000000E+00
         169  0.0000000E+00
         170  0.0000000E+00
         171  0.0000000E+00
         172  0.0000000E+00
         173  0.0000000E+00
         174  0.0000000E+00
         175  0.0000000E+00
         176  0.0000000E+00
         177  0.0000000E+00
         178  0.0000000E+00
         179  0.0000000E+00
         180  0.0000000E+00
         181  0.0000000E+00
         182  0.0000000E+00
         183  0.0000000E+00
         184  0.0000000E+00
         185  0.0000000E+00
         186  0.0000000E+00
         187  0.0000000E+00
         188  0.0000000E+00
         189  0.0000000E+00
         190  0.0000000E+00
         191  0.0000000E+00
         192  0.0000000E+00
         193  0.0000000E+00
         194  0.0000000E+00
         195  0.0000000E+00
         196  0.0000000E+00
         197  0.0000000E+00
         198  0.0000000E+00
         199  0.0000000E+00
         200  0.0000000E+00
         201  0.0000000E+00
         202  0.0000000E+00
         203  0.0000000E+00
         204  0.0000000E+00
         205  0.0000000E+00
         206  0.0000000E+00
         207  0.0000000E+00
         208  0.0000000E+00
         209  0.0000000E+00
         210  0.0000000E+00
         211  0.0000000E+00
         212  0.0000000E+00
         213  0.0000000E+00
         214  0.0000000E+00
         215  0.0000000E+00
         216  0.0000000E+00
         217  0.0000000E+00
         218  0.0000000E+00
         219  0.0000000E+00
         220  0.0000000E+00
         221  0.0000000E+00
         222  0.0000000E+00
         223  0.0000000E+00
         224  0.0000000E+00
         225  0.0000000E+00
         226  0.0000000E+00
         227  0.0000000E+00
         228  0.0000000E+00
         229  0.0000000E+00
         230  0.0000000E+00
         231  0.0000000E+00
         232  0.0000000E+00
         233  0.0000000E+00
         234  0.0000000E+00
         235  0.0000000E+00
         236  0.0000000E+00
         237  0.0000000E+00
         238  0.0000000E+00
         239  0.0000000E+00
         240  0.0000000E+00
         241  0.0000000E+00
         242  0.0000000E+00
         243  0.0000000E+00
         244  0.0000000E+00
         245  0.0000000E+00
         246  0.0000000E+00
         247  0.0000000E+00
         248  0.0000000E+00
         249  0.0000000E+00
         250  0.0000000E+00
         251  0.0000000E+00
         252  0.0000000E+00
         253   1.059062    
         254   4.236247    
         255   9.531556    
         256   16.94499    
         257   17.47452    
         258   17.47452    
         259   19.59264    
         260   21.71077    
         261   22.76983    
         262   21.71077    
         263   22.24030    
         264   23.29936    
         265   18.00405    
         266   20.65170    
         267   20.65170    
         268   16.94499    
         269   29.65373    
         270   34.94904    
         271   23.82889    
         272   21.18124    
         273   23.82889    
         274   16.41546    
         275   25.94701    
         276   21.71077    
         277   25.41748    
         278   22.76983    
         279   30.18326    
         280   25.41748    
         281   23.82889    
         282   24.35842    
         283   25.94701    
         284   24.88795    
         285   24.88795    
         286   27.53561    
         287   28.59467    
         288   27.53561    
         289   21.18124    
         290   27.00607    
         291   24.35842    
         292   36.53763    
         293   31.24232    
         294   26.47654    
         295   28.59467    
         296   35.47857    
         297   27.53561    
         298   29.65373    
         299   22.24030    
         300   28.06514    
         301   27.00607    
         302   27.00607    
         303   30.18326    
         304   33.36045    
         305   33.36045    
         306   36.53763    
         307   32.30138    
         308   31.77185    
         309   32.30138    
         310   29.65373    
         311   35.47857    
         312   29.12420    
         313   43.95107    
         314   31.77185    
         315   43.42153    
         316   41.30341    
         317   30.71279    
         318   39.71482    
         319   34.41951    
         320   33.36045    
         321   34.41951    
         322   29.12420    
         323   42.89200    
         324   54.01215    
         325   35.47857    
         326   36.53763    
         327   36.00810    
         328   36.00810    
         329   46.59872    
         330   58.77793    
         331   44.48059    
         332   54.54168    
         333   47.65778    
         334   40.77388    
         335   38.65575    
         336   52.95309    
         337   43.42153    
         338   57.18933    
         339   48.71684    
         340   61.42558    
         341   58.77793    
         342   50.83496    
         343   54.01215    
         344   57.18933    
         345   72.54573    
         346   62.48465    
         347   69.36855    
         348   85.25447    
         349   62.48465    
         350   76.78197    
         351   89.49072    
         352   88.96119    
         353   95.31556    
         354   91.07932    
         355   113.8491    
         356   102.7290    
         357   112.2606    
         358   114.3787    
         359   127.6169    
         360   130.7941    
         361   138.2076    
         362   151.4458    
         363   147.7391    
         364   163.6250    
         365   191.6902    
         366   199.1036    
         367   180.0405    
         368   203.8694    
         369   208.6352    
         370   201.7513    
         371   215.5191    
         372   223.9916    
         373   223.9916    
         374   238.8184    
         375   241.4661    
         376   231.4050    
         377   213.9305    
         378   238.8184    
         379   244.6433    
         380   225.0506    
         381   245.7023    
         382   236.7003    
         383   240.9366    
         384   240.4070    
         385   235.1117    
         386   241.9956    
         387   249.9386    
         388   236.7003    
         389   248.3500    
         390   247.8204    
         391   252.0567    
         392   260.5292    
         393   268.4722    
         394   279.0628    
         395   273.2379    
         396   301.8326    
         397   305.0098    
         398   332.5454    
         399   324.6024    
         400   344.1951    
         401   350.5494    
         402   339.9588    
         403   384.4394    
         404   370.1421    
         405   405.0911    
         406   419.9180    
         407   419.9180    
         408   426.8019    
         409   480.2845    
         410   437.9220    
         411   444.8059    
         412   464.3986    
         413   468.6348    
         414   473.9301    
         415   443.7469    
         416   487.6979    
         417   469.6939    
         418   507.2906    
         419   490.3456    
         420   513.1154    
         421   541.7101    
         422   534.8262    
         423   535.8853    
         424   562.3618    
         425   557.5960    
         426   580.3658    
         427   577.1887    
         428   591.4860    
         429   629.0827    
         430   635.4371    
         431   639.1438    
         432   637.0256    
         433   664.0317    
         434   656.6183    
         435   671.4451    
         436   666.6794    
         437   663.5022    
         438   678.3290    
         439   668.2679    
         440   658.2069    
         441   694.2150    
         442   676.2109    
         443   678.8586    
         444   660.8546    
         445   675.1519    
         446   685.2130    
         447   688.3901    
         448   689.4492    
         449   652.9116    
         450   695.8036    
         451   692.0969    
         452   695.2740    
         453   693.1559    
         454   697.9217    
         455   708.5123    
         456   694.2150    
         457   740.2842    
         458   700.5693    
         459   715.3962    
         460   737.1070    
         461   752.9929    
         462   775.7628    
         463   740.8137    
         464   774.1741    
         465   812.3004    
         466   793.7668    
         467   799.5916    
         468   861.0172    
         469   848.3085    
         470   871.6078    
         471   896.4958    
         472   924.0314    
         473   901.7911    
         474   916.0884    
         475   878.4918    
         476   931.9744    
         477   958.4509    
         478   951.5670    
         479   931.9744    
         480   947.3307    
         481   918.7361    
         482   972.2187    
         483   927.7381    
         484   997.1066    
         485   911.8522    
         486   968.5120    
         487   956.8623    
         488   924.0314    
         489   1005.050    
         490   960.0395    
         491   979.6321    
         492   971.1596    
         493   961.0986    
         494   983.3389    
         495   972.2187    
         496   997.6362    
         497   1014.052    
         498   1018.288    
         499   1046.883    
         500   1045.823    
         501   1034.703    
         502   1029.938    
         503   1061.180    
         504   1052.707    
         505   1089.775    
         506   1106.190    
         507   1075.477    
         508   1069.652    
         509   1060.121    
         510   1094.011    
         511   1103.542    
         512   1078.654    
         513   1110.956    
         514   1090.304    
         515   1162.850    
         516   1136.903    
         517   1176.088    
         518   1175.029    
         519   1176.088    
         520   1194.622    
         521   1200.447    
         522   1194.092    
         523   1203.624    
         524   1205.212    
         525   1224.805    
         526   1204.153    
         527   1249.693    
         528   1252.870    
         529   1248.104    
         530   1212.626    
         531   1275.110    
         532   1257.636    
         533   1266.108    
         534   1279.347    
         535   1262.402    
         536   1214.214    
         537   1260.813    
         538   1253.400    
         539   1244.398    
         540   1258.165    
         541   1248.634    
         542   1242.279    
         543   1258.165    
         544   1200.976    
         545   1222.157    
         546   1197.799    
         547   1164.968    
         548   1155.966    
         549   1160.732    
         550   1165.497    
         551   1168.145    
         552   1158.084    
         553   1160.732    
         554   1224.805    
         555   1197.269    
         556   1197.799    
         557   1259.224    
         558   1241.750    
         559   1256.577    
         560   1276.169    
         561   1262.402    
         562   1269.815    
         563   1288.878    
         564   1300.528    
         565   1295.762    
         566   1304.235    
         567   1295.762    
         568   1345.538    
         569   1335.477    
         570   1356.129    
         571   1397.432    
         572   1369.367    
         573   1422.849    
         574   1401.139    
         575   1438.206    
         576   1405.375    
         577   1440.854    
         578   1418.613    
         579   1343.949    
         580   1431.322    
         581   1374.133    
         582   1399.550    
         583   1377.839    
         584   1393.725    
         585   1413.318    
         586   1388.430    
         587   1449.856    
         588   1417.025    
         589   1443.501    
         590   1372.015    
         591   1459.917    
         592   1419.672    
         593   1414.906    
         594   1467.860    
         595   1422.849    
         596   1508.634    
         597   1468.389    
         598   1501.220    
         599   1493.807    
         600   1550.996    
         601   1552.055    
         602   1578.532    
         603   1586.474    
         604   1648.430    
         605   1680.731    
         606   1728.389    
         607   1759.102    
         608   1878.776    
         609   1912.666    
         610   2031.280    
         611   2186.433    
         612   2318.816    
         613   2553.927    
         614   2781.096    
         615   3106.758    
         616   3476.370    
         617   3995.311    
         618   4626.511    
         619   5185.167    
         620   4907.163    
         621   4627.570    
         622   3884.109    
         623   3272.501    
         624   2954.782    
         625   2597.349    
         626   2273.276    
         627   1988.918    
         628   1916.372    
         629   1816.820    
         630   1704.030    
         631   1578.002    
         632   1466.271    
         633   1454.092    
         634   1360.894    
         635   1361.424    
         636   1304.235    
         637   1243.339    
         638   1187.208    
         639   1161.791    
         640   1108.838    
         641   1087.127    
         642   1077.066    
         643   1012.463    
         644   981.2207    
         645   946.8012    
         646   966.3939    
         647   923.5018    
         648   907.0864    
         649   890.6710    
         650   863.1353    
         651   889.6119    
         652   850.9561    
         653   789.5305    
         654   826.0682    
         655   814.9480    
         656   775.7628    
         657   765.1721    
         658   776.8218    
         659   741.3433    
         660   724.3983    
         661   716.4553    
         662   707.9828    
         663   694.7445    
         664   678.8586    
         665   674.6224    
         666   639.1438    
         667   653.9706    
         668   622.1988    
         669   637.5552    
         670   604.1948    
         671   574.0115    
         672   573.4819    
         673   547.0054    
         674   531.6490    
         675   519.4698    
         676   510.9973    
         677   496.1704    
         678   495.1114    
         679   492.9933    
         680   458.5737    
         681   458.0442    
         682   466.5167    
         683   452.7489    
         684   425.7428    
         685   430.5086    
         686   420.4475    
         687   433.6858    
         688   397.6777    
         689   423.0952    
         690   399.2663    
         691   400.8549    
         692   400.8549    
         693   393.9710    
         694   388.6757    
         695   373.3193    
         696   376.4965    
         697   369.0830    
         698   374.3783    
         699   356.3743    
         700   367.4944    
         701   368.0240    
         702   353.7266    
         703   350.0199    
         704   330.9568    
         705   345.7837    
         706   330.4273    
         707   338.3702    
         708   315.6004    
         709   318.7776    
         710   320.8957    
         711   310.3051    
         712   310.8346    
         713   321.4252    
         714   312.9528    
         715   317.7185    
         716   308.1870    
         717   302.8917    
         718   291.2420    
         719   311.3642    
         720   296.0078    
         721   289.1239    
         722   288.0648    
         723   300.2440    
         724   289.1239    
         725   288.0648    
         726   290.7125    
         727   285.9467    
         728   283.8286    
         729   278.5332    
         730   287.5353    
         731   274.8265    
         732   290.7125    
         733   269.5312    
         734   270.5903    
         735   291.2420    
         736   268.4722    
         737   266.3540    
         738   286.4762    
         739   268.4722    
         740   269.0017    
         741   266.3540    
         742   259.4701    
         743   281.7104    
         744   250.4681    
         745   265.2950    
         746   256.8225    
         747   273.2379    
         748   257.3520    
         749   261.5883    
         750   253.6453    
         751   274.8265    
         752   245.1728    
         753   249.9386    
         754   257.8815    
         755   247.2909    
         756   258.4111    
         757   256.2929    
         758   247.2909    
         759   252.0567    
         760   254.1748    
         761   248.3500    
         762   246.7614    
         763   237.7594    
         764   264.7654    
         765   243.0547    
         766   253.1158    
         767   237.7594    
         768   249.4090    
         769   242.5251    
         770   248.8795    
         771   233.5231    
         772   246.7614    
         773   236.7003    
         774   256.8225    
         775   234.0526    
         776   251.5272    
         777   254.1748    
         778   233.5231    
         779   244.6433    
         780   239.8775    
         781   241.4661    
         782   259.4701    
         783   233.5231    
         784   232.4641    
         785   238.8184    
         786   240.9366    
         787   234.5822    
         788   238.2889    
         789   229.8164    
         790   229.2869    
         791   217.1077    
         792   228.2278    
         793   218.1667    
         794   227.1687    
         795   225.5802    
         796   206.5170    
         797   240.9366    
         798   205.9875    
         799   210.7533    
         800   213.9305    
         801   210.7533    
         802   187.4539    
         803   215.5191    
         804   192.7492    
         805   202.2808    
         806   191.6902    
         807   195.3969    
         808   196.9855    
         809   184.2767    
         810   179.5110    
         811   185.8653    
         812   186.3949    
         813   173.1566    
         814   171.0385    
         815   183.7472    
         816   166.2727    
         817   160.4479    
         818   172.6271    
         819   172.6271    
         820   154.6230    
         821   154.6230    
         822   158.3297    
         823   160.4479    
         824   136.0894    
         825   162.0365    
         826   145.6210    
         827   152.5049    
         828   128.1465    
         829   142.4438    
         830   139.2666    
         831   126.0284    
         832   137.6780    
         833   124.4398    
         834   117.5559    
         835   128.6760    
         836   128.6760    
         837   95.31556    
         838   93.19743    
         839   76.25245    
         840   84.72495    
         841   79.95917    
         842   81.54775    
         843   80.48869    
         844   77.84104    
         845   81.01823    
         846   76.25245    
         847   75.19339    
         848   83.66588    
         849   76.25245    
         850   74.13432    
         851   74.13432    
         852   70.42760    
         853   79.42963    
         854   73.07526    
         855   72.54573    
         856   72.01620    
         857   72.54573    
         858   68.83901    
         859   69.36855    
         860   72.01620    
         861   68.30949    
         862   63.54370    
         863   71.48667    
         864   67.77995    
         865   65.13230    
         866   69.36855    
         867   60.89605    
         868   61.95511    
         869   67.25042    
         870   64.07323    
         871   60.36652    
         872   61.95511    
         873   63.54370    
         874   66.72089    
         875   55.07121    
         876   62.48465    
         877   57.18933    
         878   57.71887    
         879   62.48465    
         880   57.71887    
         881   54.01215    
         882   60.36652    
         883   54.54168    
         884   58.24840    
         885   61.95511    
         886   57.18933    
         887   51.36449    
         888   68.30949    
         889   50.30544    
         890   51.89403    
         891   54.01215    
         892   56.65981    
         893   63.54370    
         894   50.83496    
         895   60.89605    
         896   55.07121    
         897   59.30746    
         898   64.60277    
         899   59.83699    
         900   101.6699    
         901   83.13635    
         902  0.5295309    
         903  0.0000000E+00
         904  0.0000000E+00
         905  0.0000000E+00
         906  0.0000000E+00
         907  0.0000000E+00
         908  0.0000000E+00
         909  0.0000000E+00
         910  0.0000000E+00
         911  0.0000000E+00
         912  0.0000000E+00
         913  0.0000000E+00
         914  0.0000000E+00
         915  0.0000000E+00
         916  0.0000000E+00
         917  0.0000000E+00
         918  0.0000000E+00
         919  0.0000000E+00
         920  0.0000000E+00
         921  0.0000000E+00
         922  0.0000000E+00
         923  0.0000000E+00
         924  0.0000000E+00
         925  0.0000000E+00
         926  0.0000000E+00
         927  0.0000000E+00
         928  0.0000000E+00
         929  0.0000000E+00
         930  0.0000000E+00
         931  0.0000000E+00
         932  0.0000000E+00
         933  0.0000000E+00
         934  0.0000000E+00
         935  0.0000000E+00
         936  0.0000000E+00
         937  0.0000000E+00
         938  0.0000000E+00
         939  0.0000000E+00
         940  0.0000000E+00
         941  0.0000000E+00
         942  0.0000000E+00
         943  0.0000000E+00
         944  0.0000000E+00
         945  0.0000000E+00
         946  0.0000000E+00
         947  0.0000000E+00
         948  0.0000000E+00
         949  0.0000000E+00
         950  0.0000000E+00
         951  0.0000000E+00
         952  0.0000000E+00
         953  0.0000000E+00
         954  0.0000000E+00
         955  0.0000000E+00
         956  0.0000000E+00
         957  0.0000000E+00
         958  0.0000000E+00
         959  0.0000000E+00
         960  0.0000000E+00
         961  0.0000000E+00
         962  0.0000000E+00
         963  0.0000000E+00
         964  0.0000000E+00
         965  0.0000000E+00
         966  0.0000000E+00
         967  0.0000000E+00
         968  0.0000000E+00
         969  0.0000000E+00
         970  0.0000000E+00
         971  0.0000000E+00
         972  0.0000000E+00
         973  0.0000000E+00
         974  0.0000000E+00
         975  0.0000000E+00
         976  0.0000000E+00
         977  0.0000000E+00
         978  0.0000000E+00
         979  0.0000000E+00
         980  0.0000000E+00
         981  0.0000000E+00
         982  0.0000000E+00
         983  0.0000000E+00
         984  0.0000000E+00
         985  0.0000000E+00
         986  0.0000000E+00
         987  0.0000000E+00
         988  0.0000000E+00
         989  0.0000000E+00
         990  0.0000000E+00
         991  0.0000000E+00
         992  0.0000000E+00
         993  0.0000000E+00
         994  0.0000000E+00
         995  0.0000000E+00
         996  0.0000000E+00
         997  0.0000000E+00
         998  0.0000000E+00
         999  0.0000000E+00
        1000  0.0000000E+00
        1001  0.0000000E+00
        1002  0.0000000E+00
        1003  0.0000000E+00
        1004  0.0000000E+00
        1005  0.0000000E+00
        1006  0.0000000E+00
        1007  0.0000000E+00
        1008  0.0000000E+00
        1009  0.0000000E+00
        1010  0.0000000E+00
        1011  0.0000000E+00
        1012  0.0000000E+00
        1013  0.0000000E+00
        1014  0.0000000E+00
        1015  0.0000000E+00
        1016  0.0000000E+00
        1017  0.0000000E+00
        1018  0.0000000E+00
        1019  0.0000000E+00
        1020  0.0000000E+00
        1021  0.0000000E+00
        1022  0.0000000E+00
        1023  0.0000000E+00
        1024  0.0000000E+00
