 #   Y    A
           1  0.0000000E+00
           2  0.0000000E+00
           3  0.0000000E+00
           4  0.0000000E+00
           5  0.0000000E+00
           6  0.0000000E+00
           7  0.0000000E+00
           8  0.0000000E+00
           9  0.0000000E+00
          10  0.0000000E+00
          11  0.0000000E+00
          12  0.0000000E+00
          13  0.0000000E+00
          14  0.0000000E+00
          15  0.0000000E+00
          16  0.0000000E+00
          17  0.0000000E+00
          18  0.0000000E+00
          19  0.0000000E+00
          20  0.0000000E+00
          21  0.0000000E+00
          22  0.0000000E+00
          23  0.0000000E+00
          24  0.0000000E+00
          25  0.0000000E+00
          26  0.0000000E+00
          27  0.0000000E+00
          28  0.0000000E+00
          29  0.0000000E+00
          30  0.0000000E+00
          31  0.0000000E+00
          32  0.0000000E+00
          33  0.0000000E+00
          34  0.0000000E+00
          35  0.0000000E+00
          36  0.0000000E+00
          37  0.0000000E+00
          38  0.0000000E+00
          39  0.0000000E+00
          40  0.0000000E+00
          41  0.0000000E+00
          42  0.0000000E+00
          43  0.0000000E+00
          44  0.0000000E+00
          45  0.0000000E+00
          46  0.0000000E+00
          47  0.0000000E+00
          48  0.0000000E+00
          49  0.0000000E+00
          50  0.0000000E+00
          51  0.0000000E+00
          52  0.0000000E+00
          53  0.0000000E+00
          54  0.0000000E+00
          55  0.0000000E+00
          56  0.0000000E+00
          57  0.0000000E+00
          58  0.0000000E+00
          59  0.0000000E+00
          60  0.0000000E+00
          61  0.0000000E+00
          62  0.0000000E+00
          63  0.0000000E+00
          64  0.0000000E+00
          65  0.0000000E+00
          66  0.0000000E+00
          67  0.0000000E+00
          68  0.0000000E+00
          69  0.0000000E+00
          70  0.0000000E+00
          71  0.0000000E+00
          72  0.0000000E+00
          73  0.0000000E+00
          74  0.0000000E+00
          75  0.0000000E+00
          76  0.0000000E+00
          77  0.0000000E+00
          78  0.0000000E+00
          79  0.0000000E+00
          80  0.0000000E+00
          81  0.0000000E+00
          82  0.0000000E+00
          83  0.0000000E+00
          84  0.0000000E+00
          85  0.0000000E+00
          86  0.0000000E+00
          87  0.0000000E+00
          88  0.0000000E+00
          89  0.0000000E+00
          90  0.0000000E+00
          91  0.0000000E+00
          92  0.0000000E+00
          93  0.0000000E+00
          94  0.0000000E+00
          95  0.0000000E+00
          96  0.0000000E+00
          97  0.0000000E+00
          98  0.0000000E+00
          99  0.0000000E+00
         100  0.0000000E+00
         101  0.0000000E+00
         102  0.0000000E+00
         103  0.0000000E+00
         104  0.0000000E+00
         105  0.0000000E+00
         106  0.0000000E+00
         107  0.0000000E+00
         108  0.0000000E+00
         109  0.0000000E+00
         110  0.0000000E+00
         111  0.0000000E+00
         112  0.0000000E+00
         113  0.0000000E+00
         114  0.0000000E+00
         115  0.0000000E+00
         116  0.0000000E+00
         117  0.0000000E+00
         118  0.0000000E+00
         119  0.0000000E+00
         120  0.0000000E+00
         121  0.0000000E+00
         122  0.0000000E+00
         123  0.0000000E+00
         124  0.0000000E+00
         125  0.0000000E+00
         126  0.0000000E+00
         127  0.0000000E+00
         128  0.0000000E+00
         129  0.0000000E+00
         130  0.0000000E+00
         131  0.0000000E+00
         132  0.0000000E+00
         133  0.0000000E+00
         134  0.0000000E+00
         135  0.0000000E+00
         136  0.0000000E+00
         137  0.0000000E+00
         138  0.0000000E+00
         139  0.0000000E+00
         140  0.0000000E+00
         141  0.0000000E+00
         142  0.0000000E+00
         143  0.0000000E+00
         144  0.0000000E+00
         145  0.0000000E+00
         146  0.0000000E+00
         147  0.0000000E+00
         148  0.0000000E+00
         149  0.0000000E+00
         150  0.0000000E+00
         151  0.0000000E+00
         152  0.0000000E+00
         153  0.0000000E+00
         154  0.0000000E+00
         155  0.0000000E+00
         156  0.0000000E+00
         157  0.0000000E+00
         158  0.0000000E+00
         159  0.0000000E+00
         160  0.0000000E+00
         161  0.0000000E+00
         162  0.0000000E+00
         163  0.0000000E+00
         164  0.0000000E+00
         165  0.0000000E+00
         166  0.0000000E+00
         167  0.0000000E+00
         168  0.0000000E+00
         169  0.0000000E+00
         170  0.0000000E+00
         171  0.0000000E+00
         172  0.0000000E+00
         173  0.0000000E+00
         174  0.0000000E+00
         175  0.0000000E+00
         176  0.0000000E+00
         177  0.0000000E+00
         178  0.0000000E+00
         179  0.0000000E+00
         180  0.0000000E+00
         181  0.0000000E+00
         182  0.0000000E+00
         183  0.0000000E+00
         184  0.0000000E+00
         185  0.0000000E+00
         186  0.0000000E+00
         187  0.0000000E+00
         188  0.0000000E+00
         189  0.0000000E+00
         190  0.0000000E+00
         191  0.0000000E+00
         192  0.0000000E+00
         193  0.0000000E+00
         194  0.0000000E+00
         195  0.0000000E+00
         196  0.0000000E+00
         197  0.0000000E+00
         198  0.0000000E+00
         199  0.0000000E+00
         200  0.0000000E+00
         201  0.0000000E+00
         202  0.0000000E+00
         203  0.0000000E+00
         204  0.0000000E+00
         205  0.0000000E+00
         206  0.0000000E+00
         207  0.0000000E+00
         208  0.0000000E+00
         209  0.0000000E+00
         210  0.0000000E+00
         211  0.0000000E+00
         212  0.0000000E+00
         213  0.0000000E+00
         214  0.0000000E+00
         215  0.0000000E+00
         216  0.0000000E+00
         217  0.0000000E+00
         218  0.0000000E+00
         219  0.0000000E+00
         220  0.0000000E+00
         221  0.0000000E+00
         222  0.0000000E+00
         223  0.0000000E+00
         224  0.0000000E+00
         225  0.0000000E+00
         226  0.0000000E+00
         227  0.0000000E+00
         228  0.0000000E+00
         229  0.0000000E+00
         230  0.0000000E+00
         231  0.0000000E+00
         232  0.0000000E+00
         233  0.0000000E+00
         234  0.0000000E+00
         235  0.0000000E+00
         236  0.0000000E+00
         237   1.059062    
         238   4.236247    
         239   11.12015    
         240   16.41546    
         241   14.82686    
         242   18.53358    
         243   17.47452    
         244   21.18124    
         245   22.24030    
         246   19.59264    
         247   23.29936    
         248   22.76983    
         249   18.53358    
         250   16.94499    
         251   24.35842    
         252   14.29733    
         253   21.71077    
         254   28.59467    
         255   33.36045    
         256   20.65170    
         257   19.59264    
         258   23.82889    
         259   15.35640    
         260   24.88795    
         261   20.65170    
         262   23.82889    
         263   23.29936    
         264   27.00607    
         265   26.47654    
         266   20.65170    
         267   23.82889    
         268   24.35842    
         269   23.82889    
         270   22.24030    
         271   28.06514    
         272   27.00607    
         273   28.06514    
         274   25.41748    
         275   20.65170    
         276   23.29936    
         277   25.94701    
         278   37.59669    
         279   29.12420    
         280   26.47654    
         281   29.12420    
         282   32.30138    
         283   25.41748    
         284   32.30138    
         285   19.06311    
         286   27.53561    
         287   25.94701    
         288   26.47654    
         289   25.94701    
         290   38.12622    
         291   31.24232    
         292   35.47857    
         293   31.77185    
         294   28.06514    
         295   35.47857    
         296   27.00607    
         297   30.18326    
         298   37.59669    
         299   36.53763    
         300   30.71279    
         301   42.36247    
         302   44.48059    
         303   30.18326    
         304   36.00810    
         305   36.53763    
         306   34.94904    
         307   29.65373    
         308   33.36045    
         309   32.30138    
         310   50.83496    
         311   42.89200    
         312   39.71482    
         313   31.24232    
         314   33.36045    
         315   47.12825    
         316   57.18933    
         317   46.59872    
         318   51.36449    
         319   54.01215    
         320   38.65575    
         321   46.59872    
         322   46.06919    
         323   48.18731    
         324   55.60074    
         325   46.59872    
         326   67.77995    
         327   58.77793    
         328   62.48465    
         329   48.71684    
         330   56.13028    
         331   74.66386    
         332   68.30949    
         333   70.95714    
         334   87.37260    
         335   70.95714    
         336   78.90010    
         337   91.07932    
         338   92.66791    
         339   104.8471    
         340   102.7290    
         341   115.9673    
         342   105.9062    
         343   127.0874    
         344   123.3807    
         345   139.7962    
         346   147.7391    
         347   151.4458    
         348   147.7391    
         349   171.5680    
         350   184.2767    
         351   199.1036    
         352   186.3949    
         353   213.4009    
         354   189.5721    
         355   193.8083    
         356   202.8103    
         357   210.2238    
         358   211.2828    
         359   208.1056    
         360   223.9916    
         361   222.9325    
         362   196.9855    
         363   196.4560    
         364   223.4620    
         365   220.8144    
         366   200.1627    
         367   222.9325    
         368   210.7533    
         369   222.9325    
         370   217.6372    
         371   217.1077    
         372   221.8734    
         373   221.8734    
         374   228.2278    
         375   216.0486    
         376   226.1097    
         377   235.6412    
         378   243.0547    
         379   254.1748    
         380   257.3520    
         381   271.1198    
         382   253.6453    
         383   287.0057    
         384   307.1279    
         385   294.4192    
         386   309.7756    
         387   321.4252    
         388   340.4883    
         389   333.6045    
         390   324.0729    
         391   352.6676    
         392   354.2562    
         393   342.0770    
         394   397.6777    
         395   388.1461    
         396   390.7938    
         397   372.7897    
         398   429.4496    
         399   395.5596    
         400   400.8549    
         401   399.7958    
         402   403.5025    
         403   428.9200    
         404   418.3294    
         405   410.9160    
         406   443.7469    
         407   416.7408    
         408   438.4516    
         409   455.9261    
         410   449.5717    
         411   479.2255    
         412   480.8140    
         413   464.9281    
         414   483.4617    
         415   505.7020    
         416   492.4637    
         417   506.7610    
         418   514.7040    
         419   527.9423    
         420   518.4107    
         421   550.7121    
         422   527.4128    
         423   538.5329    
         424   541.7101    
         425   562.3618    
         426   563.9504    
         427   540.6511    
         428   578.7772    
         429   568.1866    
         430   555.4779    
         431   543.2987    
         432   562.3618    
         433   544.8873    
         434   579.8363    
         435   571.8934    
         436   563.9504    
         437   561.3027    
         438   571.8934    
         439   561.3027    
         440   594.6632    
         441   566.0685    
         442   581.4249    
         443   568.7162    
         444   559.1846    
         445   596.2518    
         446   592.0155    
         447   586.1907    
         448   617.9625    
         449   583.0135    
         450   611.0786    
         451   592.0155    
         452   621.1397    
         453   617.9625    
         454   619.0216    
         455   631.2008    
         456   646.5572    
         457   657.6774    
         458   688.9197    
         459   652.9116    
         460   669.8566    
         461   698.4512    
         462   716.4553    
         463   713.8076    
         464   725.9868    
         465   772.5856    
         466   786.3533    
         467   789.0010    
         468   814.4185    
         469   819.1843    
         470   819.7138    
         471   803.2983    
         472   829.7749    
         473   817.0662    
         474   852.0152    
         475   828.7158    
         476   802.7688    
         477   846.7199    
         478   841.9541    
         479   819.1843    
         480   859.9581    
         481   805.4164    
         482   855.1924    
         483   800.6507    
         484   881.6689    
         485   856.7809    
         486   789.5305    
         487   849.8971    
         488   884.3166    
         489   843.0132    
         490   879.5508    
         491   891.2005    
         492   845.6608    
         493   889.0823    
         494   849.8971    
         495   962.1576    
         496   931.4448    
         497   910.7931    
         498   963.7462    
         499   983.8684    
         500   964.2758    
         501   965.3348    
         502   957.9214    
         503   1003.461    
         504   976.4550    
         505   1058.003    
         506   979.6321    
         507   991.8113    
         508   979.6321    
         509   997.6362    
         510   1033.115    
         511   1028.879    
         512   1044.764    
         513   1048.471    
         514   1042.117    
         515   1067.534    
         516   1102.483    
         517   1113.074    
         518   1085.538    
         519   1112.544    
         520   1154.377    
         521   1125.783    
         522   1121.017    
         523   1154.377    
         524   1140.080    
         525   1157.555    
         526   1166.027    
         527   1180.324    
         528   1187.738    
         529   1182.443    
         530   1176.088    
         531   1210.508    
         532   1165.497    
         533   1188.267    
         534   1169.734    
         535   1169.204    
         536   1171.852    
         537   1115.192    
         538   1186.149    
         539   1146.964    
         540   1152.259    
         541   1148.552    
         542   1150.671    
         543   1126.842    
         544   1127.371    
         545   1137.962    
         546   1108.308    
         547   1100.365    
         548   1102.483    
         549   1098.777    
         550   1101.424    
         551   1091.363    
         552   1118.369    
         553   1101.424    
         554   1132.667    
         555   1132.137    
         556   1173.440    
         557   1137.432    
         558   1185.090    
         559   1199.387    
         560   1179.265    
         561   1214.214    
         562   1173.440    
         563   1214.214    
         564   1239.632    
         565   1217.391    
         566   1254.459    
         567   1205.742    
         568   1267.167    
         569   1227.453    
         570   1252.341    
         571   1246.516    
         572   1259.224    
         573   1265.579    
         574   1288.878    
         575   1304.235    
         576   1258.695    
         577   1311.118    
         578   1288.878    
         579   1281.465    
         580   1285.171    
         581   1271.933    
         582   1274.581    
         583   1250.752    
         584   1268.226    
         585   1234.866    
         586   1276.169    
         587   1251.811    
         588   1270.874    
         589   1240.161    
         590   1269.815    
         591   1259.224    
         592   1302.116    
         593   1268.226    
         594   1258.165    
         595   1233.807    
         596   1275.640    
         597   1244.927    
         598   1248.104    
         599   1232.748    
         600   1297.351    
         601   1255.518    
         602   1282.524    
         603   1260.283    
         604   1287.290    
         605   1243.339    
         606   1257.636    
         607   1292.585    
         608   1261.872    
         609   1242.279    
         610   1279.876    
         611   1270.345    
         612   1265.579    
         613   1286.230    
         614   1328.063    
         615   1288.878    
         616   1312.177    
         617   1329.652    
         618   1377.839    
         619   1349.774    
         620   1418.613    
         621   1464.153    
         622   1456.210    
         623   1520.813    
         624   1552.585    
         625   1616.128    
         626   1629.366    
         627   1701.383    
         628   1728.918    
         629   1902.075    
         630   1977.798    
         631   2088.470    
         632   2211.851    
         633   2450.669    
         634   2810.220    
         635   3106.758    
         636   3649.527    
         637   4106.512    
         638   4231.481    
         639   4198.121    
         640   3783.498    
         641   3341.869    
         642   2789.569    
         643   2388.184    
         644   2173.195    
         645   1909.488    
         646   1773.928    
         647   1682.849    
         648   1588.593    
         649   1466.801    
         650   1374.662    
         651   1295.762    
         652   1260.283    
         653   1167.086    
         654   1097.188    
         655   1059.062    
         656   996.5771    
         657   983.3389    
         658   953.6851    
         659   913.9703    
         660   916.0884    
         661   857.3105    
         662   871.0783    
         663   817.0662    
         664   812.3004    
         665   836.6588    
         666   790.0601    
         667   761.9949    
         668   780.5285    
         669   742.9318    
         670   754.5815    
         671   745.0499    
         672   702.1580    
         673   720.6915    
         674   709.0419    
         675   691.0378    
         676   691.5673    
         677   659.7955    
         678   676.7405    
         679   670.9156    
         680   669.8566    
         681   638.6143    
         682   616.3740    
         683   630.6713    
         684   583.0135    
         685   594.1337    
         686   579.8363    
         687   576.6591    
         688   550.1826    
         689   570.8343    
         690   571.8934    
         691   515.7631    
         692   535.8853    
         693   517.8812    
         694   518.9402    
         695   478.1664    
         696   500.9362    
         697   456.9851    
         698   487.1684    
         699   454.8670    
         700   452.7489    
         701   444.8059    
         702   428.3905    
         703   440.5697    
         704   410.3864    
         705   413.0341    
         706   386.0280    
         707   380.2032    
         708   374.9079    
         709   342.6065    
         710   371.2011    
         711   339.4293    
         712   343.6656    
         713   345.7837    
         714   330.4273    
         715   319.3071    
         716   315.6004    
         717   303.4212    
         718   306.5984    
         719   310.3051    
         720   294.4192    
         721   312.4232    
         722   272.7084    
         723   294.4192    
         724   284.3581    
         725   283.2990    
         726   292.8306    
         727   287.0057    
         728   279.5923    
         729   276.9446    
         730   269.5312    
         731   270.0608    
         732   275.3560    
         733   273.7675    
         734   254.1748    
         735   270.5903    
         736   249.4090    
         737   273.7675    
         738   258.4111    
         739   255.7634    
         740   246.7614    
         741   252.0567    
         742   253.1158    
         743   247.2909    
         744   250.4681    
         745   243.5842    
         746   243.5842    
         747   241.9956    
         748   238.8184    
         749   236.7003    
         750   250.4681    
         751   224.5211    
         752   235.1117    
         753   231.4050    
         754   235.1117    
         755   221.8734    
         756   228.7573    
         757   216.5781    
         758   231.9345    
         759   213.9305    
         760   231.4050    
         761   223.4620    
         762   213.4009    
         763   212.3419    
         764   232.9936    
         765   212.8714    
         766   214.4600    
         767   215.5191    
         768   211.8123    
         769   217.1077    
         770   207.5761    
         771   221.3439    
         772   204.9285    
         773   200.1627    
         774   220.2849    
         775   216.0486    
         776   199.1036    
         777   194.3378    
         778   229.2869    
         779   184.2767    
         780   195.9264    
         781   201.7513    
         782   192.7492    
         783   199.1036    
         784   191.6902    
         785   198.5741    
         786   193.2788    
         787   184.8063    
         788   186.9244    
         789   189.0425    
         790   185.8653    
         791   191.6902    
         792   185.3358    
         793   185.3358    
         794   183.7472    
         795   190.6311    
         796   183.2177    
         797   182.6882    
         798   184.2767    
         799   191.1606    
         800   180.0405    
         801   187.4539    
         802   190.6311    
         803   188.5130    
         804   177.3929    
         805   202.8103    
         806   186.9244    
         807   201.2217    
         808   191.1606    
         809   187.9835    
         810   197.5150    
         811   186.9244    
         812   192.2197    
         813   200.1627    
         814   204.9285    
         815   184.8063    
         816   195.3969    
         817   203.3399    
         818   201.2217    
         819   181.6291    
         820   216.0486    
         821   189.0425    
         822   187.4539    
         823   198.0446    
         824   194.3378    
         825   181.0996    
         826   191.6902    
         827   199.1036    
         828   184.8063    
         829   182.1586    
         830   180.5700    
         831   180.5700    
         832   199.6331    
         833   178.4519    
         834   187.9835    
         835   178.4519    
         836   187.4539    
         837   173.1566    
         838   187.9835    
         839   169.4499    
         840   169.4499    
         841   186.3949    
         842   163.0955    
         843   182.1586    
         844   155.6821    
         845   179.5110    
         846   151.4458    
         847   164.1546    
         848   167.8613    
         849   169.9794    
         850   152.5049    
         851   139.7962    
         852   165.7432    
         853   154.6230    
         854   142.4438    
         855   159.9183    
         856   148.7982    
         857   138.7371    
         858   142.9733    
         859   149.8572    
         860   146.6801    
         861   137.1485    
         862   132.9122    
         863   142.9733    
         864   129.2055    
         865   129.7351    
         866   132.3827    
         867   137.1485    
         868   119.1444    
         869   126.5579    
         870   124.4398    
         871   113.8491    
         872   127.6169    
         873   114.9082    
         874   113.3196    
         875   119.6740    
         876   99.02228    
         877   118.6149    
         878   109.6129    
         879   92.66791    
         880   73.07526    
         881   70.42760    
         882   74.13432    
         883   68.83901    
         884   63.01418    
         885   60.89605    
         886   68.83901    
         887   62.48465    
         888   59.83699    
         889   65.13230    
         890   61.95511    
         891   57.18933    
         892   62.48465    
         893   56.65981    
         894   53.48262    
         895   64.07323    
         896   59.30746    
         897   53.48262    
         898   54.54168    
         899   56.65981    
         900   57.18933    
         901   58.77793    
         902   51.89403    
         903   52.95309    
         904   52.95309    
         905   47.65778    
         906   64.60277    
         907   53.48262    
         908   46.06919    
         909   48.71684    
         910   54.54168    
         911   51.89403    
         912   51.89403    
         913   57.71886    
         914   47.65778    
         915   50.83496    
         916   59.30746    
         917   47.12825    
         918   46.59872    
         919   49.77590    
         920   50.83496    
         921   49.77590    
         922   54.54168    
         923   46.06919    
         924   54.01215    
         925   50.83496    
         926   54.54168    
         927   58.24840    
         928   56.13027    
         929   62.48465    
         930   109.0834    
         931   38.65575    
         932  0.0000000E+00
         933  0.0000000E+00
         934  0.0000000E+00
         935  0.0000000E+00
         936  0.0000000E+00
         937  0.0000000E+00
         938  0.0000000E+00
         939  0.0000000E+00
         940  0.0000000E+00
         941  0.0000000E+00
         942  0.0000000E+00
         943  0.0000000E+00
         944  0.0000000E+00
         945  0.0000000E+00
         946  0.0000000E+00
         947  0.0000000E+00
         948  0.0000000E+00
         949  0.0000000E+00
         950  0.0000000E+00
         951  0.0000000E+00
         952  0.0000000E+00
         953  0.0000000E+00
         954  0.0000000E+00
         955  0.0000000E+00
         956  0.0000000E+00
         957  0.0000000E+00
         958  0.0000000E+00
         959  0.0000000E+00
         960  0.0000000E+00
         961  0.0000000E+00
         962  0.0000000E+00
         963  0.0000000E+00
         964  0.0000000E+00
         965  0.0000000E+00
         966  0.0000000E+00
         967  0.0000000E+00
         968  0.0000000E+00
         969  0.0000000E+00
         970  0.0000000E+00
         971  0.0000000E+00
         972  0.0000000E+00
         973  0.0000000E+00
         974  0.0000000E+00
         975  0.0000000E+00
         976  0.0000000E+00
         977  0.0000000E+00
         978  0.0000000E+00
         979  0.0000000E+00
         980  0.0000000E+00
         981  0.0000000E+00
         982  0.0000000E+00
         983  0.0000000E+00
         984  0.0000000E+00
         985  0.0000000E+00
         986  0.0000000E+00
         987  0.0000000E+00
         988  0.0000000E+00
         989  0.0000000E+00
         990  0.0000000E+00
         991  0.0000000E+00
         992  0.0000000E+00
         993  0.0000000E+00
         994  0.0000000E+00
         995  0.0000000E+00
         996  0.0000000E+00
         997  0.0000000E+00
         998  0.0000000E+00
         999  0.0000000E+00
        1000  0.0000000E+00
        1001  0.0000000E+00
        1002  0.0000000E+00
        1003  0.0000000E+00
        1004  0.0000000E+00
        1005  0.0000000E+00
        1006  0.0000000E+00
        1007  0.0000000E+00
        1008  0.0000000E+00
        1009  0.0000000E+00
        1010  0.0000000E+00
        1011  0.0000000E+00
        1012  0.0000000E+00
        1013  0.0000000E+00
        1014  0.0000000E+00
        1015  0.0000000E+00
        1016  0.0000000E+00
        1017  0.0000000E+00
        1018  0.0000000E+00
        1019  0.0000000E+00
        1020  0.0000000E+00
        1021  0.0000000E+00
        1022  0.0000000E+00
        1023  0.0000000E+00
        1024  0.0000000E+00
