 #   Y    A
           1  0.0000000E+00
           2  0.0000000E+00
           3  0.0000000E+00
           4  0.0000000E+00
           5  0.0000000E+00
           6  0.0000000E+00
           7  0.0000000E+00
           8  0.0000000E+00
           9  0.0000000E+00
          10  0.0000000E+00
          11  0.0000000E+00
          12  0.0000000E+00
          13  0.0000000E+00
          14  0.0000000E+00
          15  0.0000000E+00
          16  0.0000000E+00
          17  0.0000000E+00
          18  0.0000000E+00
          19  0.0000000E+00
          20  0.0000000E+00
          21  0.0000000E+00
          22  0.0000000E+00
          23  0.0000000E+00
          24  0.0000000E+00
          25  0.0000000E+00
          26  0.0000000E+00
          27  0.0000000E+00
          28  0.0000000E+00
          29  0.0000000E+00
          30  0.0000000E+00
          31  0.0000000E+00
          32  0.0000000E+00
          33  0.0000000E+00
          34  0.0000000E+00
          35  0.0000000E+00
          36  0.0000000E+00
          37  0.0000000E+00
          38  0.0000000E+00
          39  0.0000000E+00
          40  0.0000000E+00
          41  0.0000000E+00
          42  0.0000000E+00
          43  0.0000000E+00
          44  0.0000000E+00
          45  0.0000000E+00
          46  0.0000000E+00
          47  0.0000000E+00
          48  0.0000000E+00
          49  0.0000000E+00
          50  0.0000000E+00
          51  0.0000000E+00
          52  0.0000000E+00
          53  0.0000000E+00
          54  0.0000000E+00
          55  0.0000000E+00
          56  0.0000000E+00
          57  0.0000000E+00
          58  0.0000000E+00
          59  0.0000000E+00
          60  0.0000000E+00
          61  0.0000000E+00
          62  0.0000000E+00
          63  0.0000000E+00
          64  0.0000000E+00
          65  0.0000000E+00
          66  0.0000000E+00
          67  0.0000000E+00
          68  0.0000000E+00
          69  0.0000000E+00
          70  0.0000000E+00
          71  0.0000000E+00
          72  0.0000000E+00
          73  0.0000000E+00
          74  0.0000000E+00
          75  0.0000000E+00
          76  0.0000000E+00
          77  0.0000000E+00
          78  0.0000000E+00
          79  0.0000000E+00
          80  0.0000000E+00
          81  0.0000000E+00
          82  0.0000000E+00
          83  0.0000000E+00
          84  0.0000000E+00
          85  0.0000000E+00
          86  0.0000000E+00
          87  0.0000000E+00
          88  0.0000000E+00
          89  0.0000000E+00
          90  0.0000000E+00
          91  0.0000000E+00
          92  0.0000000E+00
          93  0.0000000E+00
          94  0.0000000E+00
          95  0.0000000E+00
          96  0.0000000E+00
          97  0.0000000E+00
          98  0.0000000E+00
          99  0.0000000E+00
         100  0.0000000E+00
         101  0.0000000E+00
         102  0.0000000E+00
         103  0.0000000E+00
         104  0.0000000E+00
         105  0.0000000E+00
         106  0.0000000E+00
         107  0.0000000E+00
         108  0.0000000E+00
         109  0.0000000E+00
         110  0.0000000E+00
         111  0.0000000E+00
         112  0.0000000E+00
         113  0.0000000E+00
         114  0.0000000E+00
         115  0.0000000E+00
         116  0.0000000E+00
         117  0.0000000E+00
         118  0.0000000E+00
         119  0.0000000E+00
         120  0.0000000E+00
         121  0.0000000E+00
         122  0.0000000E+00
         123  0.0000000E+00
         124  0.0000000E+00
         125  0.0000000E+00
         126  0.0000000E+00
         127  0.0000000E+00
         128  0.0000000E+00
         129  0.0000000E+00
         130  0.0000000E+00
         131  0.0000000E+00
         132  0.0000000E+00
         133  0.0000000E+00
         134  0.0000000E+00
         135  0.0000000E+00
         136  0.0000000E+00
         137  0.0000000E+00
         138  0.0000000E+00
         139  0.0000000E+00
         140  0.0000000E+00
         141  0.0000000E+00
         142  0.0000000E+00
         143  0.0000000E+00
         144  0.0000000E+00
         145  0.0000000E+00
         146  0.0000000E+00
         147  0.0000000E+00
         148  0.0000000E+00
         149  0.0000000E+00
         150  0.0000000E+00
         151  0.0000000E+00
         152  0.0000000E+00
         153  0.0000000E+00
         154  0.0000000E+00
         155  0.0000000E+00
         156  0.0000000E+00
         157  0.0000000E+00
         158  0.0000000E+00
         159  0.0000000E+00
         160  0.0000000E+00
         161  0.0000000E+00
         162  0.0000000E+00
         163  0.0000000E+00
         164  0.0000000E+00
         165  0.0000000E+00
         166  0.0000000E+00
         167  0.0000000E+00
         168  0.0000000E+00
         169  0.0000000E+00
         170  0.0000000E+00
         171  0.0000000E+00
         172  0.0000000E+00
         173  0.0000000E+00
         174  0.0000000E+00
         175  0.0000000E+00
         176  0.0000000E+00
         177  0.0000000E+00
         178  0.0000000E+00
         179  0.0000000E+00
         180  0.0000000E+00
         181  0.0000000E+00
         182  0.0000000E+00
         183  0.0000000E+00
         184  0.0000000E+00
         185  0.0000000E+00
         186  0.0000000E+00
         187  0.0000000E+00
         188  0.0000000E+00
         189  0.0000000E+00
         190  0.0000000E+00
         191  0.0000000E+00
         192  0.0000000E+00
         193  0.0000000E+00
         194  0.0000000E+00
         195  0.0000000E+00
         196  0.0000000E+00
         197  0.0000000E+00
         198  0.0000000E+00
         199  0.0000000E+00
         200  0.0000000E+00
         201  0.0000000E+00
         202  0.0000000E+00
         203  0.0000000E+00
         204  0.0000000E+00
         205  0.0000000E+00
         206  0.0000000E+00
         207  0.0000000E+00
         208  0.0000000E+00
         209  0.0000000E+00
         210  0.0000000E+00
         211  0.0000000E+00
         212  0.0000000E+00
         213  0.0000000E+00
         214  0.0000000E+00
         215  0.0000000E+00
         216  0.0000000E+00
         217  0.0000000E+00
         218  0.0000000E+00
         219  0.0000000E+00
         220  0.0000000E+00
         221  0.0000000E+00
         222  0.0000000E+00
         223  0.0000000E+00
         224  0.0000000E+00
         225  0.0000000E+00
         226  0.0000000E+00
         227  0.0000000E+00
         228  0.0000000E+00
         229  0.0000000E+00
         230  0.0000000E+00
         231  0.0000000E+00
         232  0.0000000E+00
         233  0.0000000E+00
         234  0.0000000E+00
         235  0.0000000E+00
         236  0.0000000E+00
         237  0.0000000E+00
         238  0.0000000E+00
         239  0.0000000E+00
         240  0.0000000E+00
         241  0.0000000E+00
         242  0.0000000E+00
         243  0.0000000E+00
         244  0.0000000E+00
         245  0.0000000E+00
         246  0.0000000E+00
         247  0.0000000E+00
         248  0.0000000E+00
         249  0.0000000E+00
         250  0.0000000E+00
         251  0.0000000E+00
         252  0.0000000E+00
         253  0.0000000E+00
         254  0.0000000E+00
         255  0.0000000E+00
         256  0.0000000E+00
         257  0.0000000E+00
         258  0.0000000E+00
         259  0.0000000E+00
         260  0.0000000E+00
         261  0.0000000E+00
         262  0.0000000E+00
         263  0.0000000E+00
         264  0.0000000E+00
         265  0.0000000E+00
         266  0.0000000E+00
         267  0.0000000E+00
         268  0.0000000E+00
         269  0.0000000E+00
         270  0.0000000E+00
         271  0.0000000E+00
         272  0.0000000E+00
         273  0.0000000E+00
         274  0.0000000E+00
         275  0.0000000E+00
         276  0.0000000E+00
         277  0.0000000E+00
         278  0.0000000E+00
         279  0.0000000E+00
         280  0.0000000E+00
         281  0.0000000E+00
         282  0.0000000E+00
         283  0.0000000E+00
         284  0.0000000E+00
         285  0.0000000E+00
         286  0.0000000E+00
         287  0.0000000E+00
         288  0.0000000E+00
         289  0.0000000E+00
         290  0.0000000E+00
         291  0.0000000E+00
         292  0.0000000E+00
         293  0.0000000E+00
         294  0.0000000E+00
         295  0.0000000E+00
         296  0.0000000E+00
         297  0.0000000E+00
         298  0.0000000E+00
         299  0.0000000E+00
         300  0.0000000E+00
         301  0.0000000E+00
         302  0.0000000E+00
         303  0.0000000E+00
         304  0.0000000E+00
         305  0.0000000E+00
         306  0.0000000E+00
         307  0.0000000E+00
         308  0.0000000E+00
         309  0.0000000E+00
         310  0.0000000E+00
         311  0.0000000E+00
         312  0.0000000E+00
         313  0.0000000E+00
         314  0.0000000E+00
         315  0.0000000E+00
         316  0.0000000E+00
         317  0.0000000E+00
         318  0.0000000E+00
         319   1.059062    
         320   9.531556    
         321   14.29733    
         322   19.06311    
         323   26.47654    
         324   21.18124    
         325   29.65373    
         326   27.00607    
         327   27.53561    
         328   27.53561    
         329   23.82889    
         330   28.59467    
         331   27.53561    
         332   45.53966    
         333   29.12420    
         334   29.12420    
         335   24.35842    
         336   29.65373    
         337   29.12420    
         338   29.65373    
         339   36.00810    
         340   29.12420    
         341   30.71279    
         342   31.77185    
         343   36.00810    
         344   35.47857    
         345   39.18529    
         346   34.41951    
         347   33.36045    
         348   36.53763    
         349   42.36247    
         350   43.95107    
         351   40.24435    
         352   38.65575    
         353   31.77185    
         354   33.36045    
         355   37.59669    
         356   33.88998    
         357   37.59669    
         358   37.06716    
         359   47.65778    
         360   39.71482    
         361   40.24435    
         362   36.53763    
         363   32.30138    
         364   37.59669    
         365   50.83496    
         366   41.30341    
         367   47.65778    
         368   36.53763    
         369   51.89403    
         370   37.59669    
         371   45.01012    
         372   38.12622    
         373   56.65981    
         374   47.65778    
         375   47.12825    
         376   40.77388    
         377   51.36449    
         378   60.36652    
         379   50.83496    
         380   60.89605    
         381   55.60074    
         382   45.53966    
         383   59.30746    
         384   54.54168    
         385   55.07121    
         386   55.60074    
         387   72.01620    
         388   66.19136    
         389   57.71886    
         390   63.54370    
         391   64.60277    
         392   67.25042    
         393   70.42760    
         394   74.66386    
         395   73.07526    
         396   76.78198    
         397   81.54775    
         398   76.78198    
         399   74.13432    
         400   84.19541    
         401   101.6699    
         402   99.55180    
         403   96.37462    
         404   97.43369    
         405   97.43369    
         406   118.0854    
         407   106.9652    
         408   129.7351    
         409   122.3216    
         410   133.4418    
         411   144.5619    
         412   175.8043    
         413   150.3868    
         414   173.6861    
         415   195.3969    
         416   194.3378    
         417   218.1667    
         418   227.6983    
         419   252.5862    
         420   275.8856    
         421   306.5984    
         422   323.0138    
         423   341.5474    
         424   376.4965    
         425   389.7347    
         426   443.2173    
         427   442.1583    
         428   504.6429    
         429   499.3476    
         430   503.5839    
         431   504.6429    
         432   505.7020    
         433   494.0523    
         434   488.2275    
         435   484.5208    
         436   529.0013    
         437   522.1174    
         438   538.0034    
         439   533.2376    
         440   580.3658    
         441   569.7752    
         442   566.0685    
         443   605.2538    
         444   585.1317    
         445   598.3699    
         446   604.1947    
         447   608.4310    
         448   629.6122    
         449   655.5592    
         450   642.3210    
         451   671.9747    
         452   707.9828    
         453   727.0459    
         454   760.4064    
         455   766.7607    
         456   796.4144    
         457   862.6058    
         458   884.3166    
         459   917.1475    
         460   976.9845    
         461   1020.406    
         462   1063.828    
         463   1085.538    
         464   1077.595    
         465   1146.434    
         466   1156.495    
         467   1142.198    
         468   1109.897    
         469   1106.190    
         470   1078.125    
         471   1052.178    
         472   1044.235    
         473   1037.880    
         474   1031.526    
         475   1031.526    
         476   1036.821    
         477   1028.879    
         478   1046.353    
         479   1037.880    
         480   1070.711    
         481   1106.719    
         482   1100.895    
         483   1139.550    
         484   1139.021    
         485   1136.373    
         486   1184.561    
         487   1175.559    
         488   1204.153    
         489   1175.559    
         490   1230.630    
         491   1179.265    
         492   1174.500    
         493   1214.744    
         494   1217.921    
         495   1225.334    
         496   1218.451    
         497   1261.343    
         498   1279.347    
         499   1311.648    
         500   1334.947    
         501   1304.764    
         502   1382.605    
         503   1362.483    
         504   1400.080    
         505   1342.890    
         506   1422.849    
         507   1414.906    
         508   1462.035    
         509   1480.039    
         510   1499.102    
         511   1536.699    
         512   1602.360    
         513   1605.008    
         514   1663.256    
         515   1726.271    
         516   1758.572    
         517   1813.114    
         518   1926.433    
         519   2074.702    
         520   2252.624    
         521   2415.190    
         522   2677.308    
         523   3106.758    
         524   3674.944    
         525   4547.611    
         526   4862.682    
         527   5066.551    
         528   4858.446    
         529   4757.835    
         530   4807.611    
         531   4730.829    
         532   4578.324    
         533   4243.661    
         534   3789.853    
         535   3265.617    
         536   2801.748    
         537   2394.009    
         538   2115.476    
         539   2000.038    
         540   1844.886    
         541   1694.499    
         542   1614.540    
         543   1539.346    
         544   1493.277    
         545   1387.371    
         546   1355.599    
         547   1280.935    
         548   1295.233    
         549   1254.988    
         550   1285.701    
         551   1201.506    
         552   1188.267    
         553   1194.092    
         554   1191.444    
         555   1124.724    
         556   1163.909    
         557   1168.145    
         558   1186.149    
         559   1176.618    
         560   1155.966    
         561   1141.139    
         562   1099.836    
         563   1123.135    
         564   1076.007    
         565   1090.304    
         566   1062.768    
         567   1110.426    
         568   1078.125    
         569   1127.901    
         570   1086.597    
         571   1117.840    
         572   1101.424    
         573   1081.832    
         574   1135.314    
         575   1104.072    
         576   1076.536    
         577   1125.783    
         578   1094.540    
         579   1134.785    
         580   1106.719    
         581   1113.074    
         582   1062.768    
         583   1116.781    
         584   1026.760    
         585   1110.426    
         586   1116.251    
         587   1042.117    
         588   1155.436    
         589   1107.779    
         590   1149.082    
         591   1075.477    
         592   1136.373    
         593   1120.487    
         594   1099.306    
         595   1112.544    
         596   1117.310    
         597   1116.781    
         598   1179.795    
         599   1144.846    
         600   1193.033    
         601   1127.901    
         602   1109.367    
         603   1088.715    
         604   1134.255    
         605   1116.781    
         606   1211.567    
         607   1116.251    
         608   1151.730    
         609   1107.249    
         610   1090.834    
         611   1104.072    
         612   1109.897    
         613   1125.783    
         614   1099.836    
         615   1080.773    
         616   1085.538    
         617   1083.420    
         618   1099.836    
         619   1112.015    
         620   1087.127    
         621   1106.719    
         622   1105.131    
         623   1044.235    
         624   1102.483    
         625   1056.944    
         626   1036.821    
         627   1044.764    
         628   1021.995    
         629   1030.997    
         630   1019.347    
         631   992.3409    
         632   951.5670    
         633   948.9194    
         634   903.9092    
         635   884.8461    
         636   857.3105    
         637   864.1944    
         638   872.6669    
         639   855.7219    
         640   835.0702    
         641   829.7749    
         642   840.3655    
         643   773.6447    
         644   819.1843    
         645   820.2433    
         646   746.6385    
         647   784.2352    
         648   764.6426    
         649   743.9909    
         650   721.7506    
         651   730.7526    
         652   706.9237    
         653   703.2170    
         654   687.3311    
         655   678.8586    
         656   678.3290    
         657   649.2048    
         658   633.3189    
         659   641.7914    
         660   616.9035    
         661   581.9544    
         662   598.3699    
         663   565.0095    
         664   544.8873    
         665   554.9484    
         666   506.7610    
         667   515.2335    
         668   507.2906    
         669   486.6389    
         670   485.0503    
         671   469.6939    
         672   449.0422    
         673   460.6919    
         674   422.0361    
         675   440.0402    
         676   425.2133    
         677   396.6186    
         678   395.0300    
         679   395.5596    
         680   387.6166    
         681   363.7877    
         682   382.8508    
         683   346.8427    
         684   352.6676    
         685   340.4883    
         686   341.5474    
         687   324.6024    
         688   315.0709    
         689   336.2521    
         690   301.8326    
         691   314.5414    
         692   291.7715    
         693   284.8876    
         694   297.0668    
         695   273.7675    
         696   294.4192    
         697   258.4111    
         698   278.5332    
         699   254.1748    
         700   262.1178    
         701   256.2929    
         702   239.8775    
         703   241.9956    
         704   242.5251    
         705   226.6392    
         706   232.4641    
         707   224.5211    
         708   223.4620    
         709   223.4620    
         710   209.6942    
         711   203.8694    
         712   217.1077    
         713   192.7492    
         714   212.8714    
         715   198.0446    
         716   194.3378    
         717   194.3378    
         718   189.0425    
         719   192.2197    
         720   180.5700    
         721   187.9835    
         722   186.9244    
         723   176.8633    
         724   179.5110    
         725   173.6861    
         726   159.9183    
         727   187.4539    
         728   149.8572    
         729   176.8633    
         730   173.6861    
         731   147.7391    
         732   167.8613    
         733   155.1526    
         734   154.6230    
         735   140.3257    
         736   155.6821    
         737   150.9163    
         738   141.3848    
         739   165.2136    
         740   136.6190    
         741   129.2055    
         742   136.0894    
         743   131.3237    
         744   140.8552    
         745   130.2646    
         746   131.8532    
         747   133.4418    
         748   125.4988    
         749   119.1444    
         750   114.3787    
         751   122.3216    
         752   119.6740    
         753   126.5579    
         754   117.0263    
         755   112.2606    
         756   118.0854    
         757   96.90415    
         758   110.1424    
         759   107.4948    
         760   104.3176    
         761   113.8491    
         762   94.78603    
         763   106.4357    
         764   100.0813    
         765   98.49274    
         766   100.0813    
         767   100.6109    
         768   104.3176    
         769   128.6760    
         770   13.76780    
         771  0.0000000E+00
         772  0.0000000E+00
         773  0.0000000E+00
         774  0.0000000E+00
         775  0.0000000E+00
         776  0.0000000E+00
         777  0.0000000E+00
         778  0.0000000E+00
         779  0.0000000E+00
         780  0.0000000E+00
         781  0.0000000E+00
         782  0.0000000E+00
         783  0.0000000E+00
         784  0.0000000E+00
         785  0.0000000E+00
         786  0.0000000E+00
         787  0.0000000E+00
         788  0.0000000E+00
         789  0.0000000E+00
         790  0.0000000E+00
         791  0.0000000E+00
         792  0.0000000E+00
         793  0.0000000E+00
         794  0.0000000E+00
         795  0.0000000E+00
         796  0.0000000E+00
         797  0.0000000E+00
         798  0.0000000E+00
         799  0.0000000E+00
         800  0.0000000E+00
         801  0.0000000E+00
         802  0.0000000E+00
         803  0.0000000E+00
         804  0.0000000E+00
         805  0.0000000E+00
         806  0.0000000E+00
         807  0.0000000E+00
         808  0.0000000E+00
         809  0.0000000E+00
         810  0.0000000E+00
         811  0.0000000E+00
         812  0.0000000E+00
         813  0.0000000E+00
         814  0.0000000E+00
         815  0.0000000E+00
         816  0.0000000E+00
         817  0.0000000E+00
         818  0.0000000E+00
         819  0.0000000E+00
         820  0.0000000E+00
         821  0.0000000E+00
         822  0.0000000E+00
         823  0.0000000E+00
         824  0.0000000E+00
         825  0.0000000E+00
         826  0.0000000E+00
         827  0.0000000E+00
         828  0.0000000E+00
         829  0.0000000E+00
         830  0.0000000E+00
         831  0.0000000E+00
         832  0.0000000E+00
         833  0.0000000E+00
         834  0.0000000E+00
         835  0.0000000E+00
         836  0.0000000E+00
         837  0.0000000E+00
         838  0.0000000E+00
         839  0.0000000E+00
         840  0.0000000E+00
         841  0.0000000E+00
         842  0.0000000E+00
         843  0.0000000E+00
         844  0.0000000E+00
         845  0.0000000E+00
         846  0.0000000E+00
         847  0.0000000E+00
         848  0.0000000E+00
         849  0.0000000E+00
         850  0.0000000E+00
         851  0.0000000E+00
         852  0.0000000E+00
         853  0.0000000E+00
         854  0.0000000E+00
         855  0.0000000E+00
         856  0.0000000E+00
         857  0.0000000E+00
         858  0.0000000E+00
         859  0.0000000E+00
         860  0.0000000E+00
         861  0.0000000E+00
         862  0.0000000E+00
         863  0.0000000E+00
         864  0.0000000E+00
         865  0.0000000E+00
         866  0.0000000E+00
         867  0.0000000E+00
         868  0.0000000E+00
         869  0.0000000E+00
         870  0.0000000E+00
         871  0.0000000E+00
         872  0.0000000E+00
         873  0.0000000E+00
         874  0.0000000E+00
         875  0.0000000E+00
         876  0.0000000E+00
         877  0.0000000E+00
         878  0.0000000E+00
         879  0.0000000E+00
         880  0.0000000E+00
         881  0.0000000E+00
         882  0.0000000E+00
         883  0.0000000E+00
         884  0.0000000E+00
         885  0.0000000E+00
         886  0.0000000E+00
         887  0.0000000E+00
         888  0.0000000E+00
         889  0.0000000E+00
         890  0.0000000E+00
         891  0.0000000E+00
         892  0.0000000E+00
         893  0.0000000E+00
         894  0.0000000E+00
         895  0.0000000E+00
         896  0.0000000E+00
         897  0.0000000E+00
         898  0.0000000E+00
         899  0.0000000E+00
         900  0.0000000E+00
         901  0.0000000E+00
         902  0.0000000E+00
         903  0.0000000E+00
         904  0.0000000E+00
         905  0.0000000E+00
         906  0.0000000E+00
         907  0.0000000E+00
         908  0.0000000E+00
         909  0.0000000E+00
         910  0.0000000E+00
         911  0.0000000E+00
         912  0.0000000E+00
         913  0.0000000E+00
         914  0.0000000E+00
         915  0.0000000E+00
         916  0.0000000E+00
         917  0.0000000E+00
         918  0.0000000E+00
         919  0.0000000E+00
         920  0.0000000E+00
         921  0.0000000E+00
         922  0.0000000E+00
         923  0.0000000E+00
         924  0.0000000E+00
         925  0.0000000E+00
         926  0.0000000E+00
         927  0.0000000E+00
         928  0.0000000E+00
         929  0.0000000E+00
         930  0.0000000E+00
         931  0.0000000E+00
         932  0.0000000E+00
         933  0.0000000E+00
         934  0.0000000E+00
         935  0.0000000E+00
         936  0.0000000E+00
         937  0.0000000E+00
         938  0.0000000E+00
         939  0.0000000E+00
         940  0.0000000E+00
         941  0.0000000E+00
         942  0.0000000E+00
         943  0.0000000E+00
         944  0.0000000E+00
         945  0.0000000E+00
         946  0.0000000E+00
         947  0.0000000E+00
         948  0.0000000E+00
         949  0.0000000E+00
         950  0.0000000E+00
         951  0.0000000E+00
         952  0.0000000E+00
         953  0.0000000E+00
         954  0.0000000E+00
         955  0.0000000E+00
         956  0.0000000E+00
         957  0.0000000E+00
         958  0.0000000E+00
         959  0.0000000E+00
         960  0.0000000E+00
         961  0.0000000E+00
         962  0.0000000E+00
         963  0.0000000E+00
         964  0.0000000E+00
         965  0.0000000E+00
         966  0.0000000E+00
         967  0.0000000E+00
         968  0.0000000E+00
         969  0.0000000E+00
         970  0.0000000E+00
         971  0.0000000E+00
         972  0.0000000E+00
         973  0.0000000E+00
         974  0.0000000E+00
         975  0.0000000E+00
         976  0.0000000E+00
         977  0.0000000E+00
         978  0.0000000E+00
         979  0.0000000E+00
         980  0.0000000E+00
         981  0.0000000E+00
         982  0.0000000E+00
         983  0.0000000E+00
         984  0.0000000E+00
         985  0.0000000E+00
         986  0.0000000E+00
         987  0.0000000E+00
         988  0.0000000E+00
         989  0.0000000E+00
         990  0.0000000E+00
         991  0.0000000E+00
         992  0.0000000E+00
         993  0.0000000E+00
         994  0.0000000E+00
         995  0.0000000E+00
         996  0.0000000E+00
         997  0.0000000E+00
         998  0.0000000E+00
         999  0.0000000E+00
        1000  0.0000000E+00
        1001  0.0000000E+00
        1002  0.0000000E+00
        1003  0.0000000E+00
        1004  0.0000000E+00
        1005  0.0000000E+00
        1006  0.0000000E+00
        1007  0.0000000E+00
        1008  0.0000000E+00
        1009  0.0000000E+00
        1010  0.0000000E+00
        1011  0.0000000E+00
        1012  0.0000000E+00
        1013  0.0000000E+00
        1014  0.0000000E+00
        1015  0.0000000E+00
        1016  0.0000000E+00
        1017  0.0000000E+00
        1018  0.0000000E+00
        1019  0.0000000E+00
        1020  0.0000000E+00
        1021  0.0000000E+00
        1022  0.0000000E+00
        1023  0.0000000E+00
        1024  0.0000000E+00
