 #   Y    A
           1  0.0000000E+00
           2  0.0000000E+00
           3  0.0000000E+00
           4  0.0000000E+00
           5  0.0000000E+00
           6  0.0000000E+00
           7  0.0000000E+00
           8  0.0000000E+00
           9  0.0000000E+00
          10  0.0000000E+00
          11  0.0000000E+00
          12  0.0000000E+00
          13  0.0000000E+00
          14  0.0000000E+00
          15  0.0000000E+00
          16  0.0000000E+00
          17  0.0000000E+00
          18  0.0000000E+00
          19  0.0000000E+00
          20  0.0000000E+00
          21  0.0000000E+00
          22  0.0000000E+00
          23  0.0000000E+00
          24  0.0000000E+00
          25  0.0000000E+00
          26  0.0000000E+00
          27  0.0000000E+00
          28  0.0000000E+00
          29  0.0000000E+00
          30  0.0000000E+00
          31  0.0000000E+00
          32  0.0000000E+00
          33  0.0000000E+00
          34  0.0000000E+00
          35  0.0000000E+00
          36  0.0000000E+00
          37  0.0000000E+00
          38  0.0000000E+00
          39  0.0000000E+00
          40  0.0000000E+00
          41  0.0000000E+00
          42  0.0000000E+00
          43  0.0000000E+00
          44  0.0000000E+00
          45  0.0000000E+00
          46  0.0000000E+00
          47  0.0000000E+00
          48  0.0000000E+00
          49  0.0000000E+00
          50  0.0000000E+00
          51  0.0000000E+00
          52  0.0000000E+00
          53  0.0000000E+00
          54  0.0000000E+00
          55  0.0000000E+00
          56  0.0000000E+00
          57  0.0000000E+00
          58  0.0000000E+00
          59  0.0000000E+00
          60  0.0000000E+00
          61  0.0000000E+00
          62  0.0000000E+00
          63  0.0000000E+00
          64  0.0000000E+00
          65  0.0000000E+00
          66  0.0000000E+00
          67  0.0000000E+00
          68  0.0000000E+00
          69  0.0000000E+00
          70  0.0000000E+00
          71  0.0000000E+00
          72  0.0000000E+00
          73  0.0000000E+00
          74  0.0000000E+00
          75  0.0000000E+00
          76  0.0000000E+00
          77  0.0000000E+00
          78  0.0000000E+00
          79  0.0000000E+00
          80  0.0000000E+00
          81  0.0000000E+00
          82  0.0000000E+00
          83  0.0000000E+00
          84  0.0000000E+00
          85  0.0000000E+00
          86  0.0000000E+00
          87  0.0000000E+00
          88  0.0000000E+00
          89  0.0000000E+00
          90  0.0000000E+00
          91  0.0000000E+00
          92  0.0000000E+00
          93  0.0000000E+00
          94  0.0000000E+00
          95  0.0000000E+00
          96  0.0000000E+00
          97  0.0000000E+00
          98  0.0000000E+00
          99  0.0000000E+00
         100  0.0000000E+00
         101  0.0000000E+00
         102  0.0000000E+00
         103  0.0000000E+00
         104  0.0000000E+00
         105  0.0000000E+00
         106  0.0000000E+00
         107  0.0000000E+00
         108  0.0000000E+00
         109  0.0000000E+00
         110  0.0000000E+00
         111  0.0000000E+00
         112  0.0000000E+00
         113  0.0000000E+00
         114  0.0000000E+00
         115  0.0000000E+00
         116  0.0000000E+00
         117  0.0000000E+00
         118  0.0000000E+00
         119  0.0000000E+00
         120  0.0000000E+00
         121  0.0000000E+00
         122  0.0000000E+00
         123  0.0000000E+00
         124  0.0000000E+00
         125  0.0000000E+00
         126  0.0000000E+00
         127  0.0000000E+00
         128  0.0000000E+00
         129  0.0000000E+00
         130  0.0000000E+00
         131  0.0000000E+00
         132  0.0000000E+00
         133  0.0000000E+00
         134  0.0000000E+00
         135  0.0000000E+00
         136  0.0000000E+00
         137  0.0000000E+00
         138  0.0000000E+00
         139  0.0000000E+00
         140  0.0000000E+00
         141  0.0000000E+00
         142  0.0000000E+00
         143  0.0000000E+00
         144  0.0000000E+00
         145  0.0000000E+00
         146  0.0000000E+00
         147  0.0000000E+00
         148  0.0000000E+00
         149  0.0000000E+00
         150  0.0000000E+00
         151  0.0000000E+00
         152  0.0000000E+00
         153  0.0000000E+00
         154  0.0000000E+00
         155  0.0000000E+00
         156  0.0000000E+00
         157  0.0000000E+00
         158  0.0000000E+00
         159  0.0000000E+00
         160  0.0000000E+00
         161  0.0000000E+00
         162  0.0000000E+00
         163  0.0000000E+00
         164  0.0000000E+00
         165  0.0000000E+00
         166  0.0000000E+00
         167  0.0000000E+00
         168  0.0000000E+00
         169  0.0000000E+00
         170  0.0000000E+00
         171  0.0000000E+00
         172  0.0000000E+00
         173  0.0000000E+00
         174  0.0000000E+00
         175  0.0000000E+00
         176  0.0000000E+00
         177  0.0000000E+00
         178  0.0000000E+00
         179  0.0000000E+00
         180  0.0000000E+00
         181  0.0000000E+00
         182  0.0000000E+00
         183  0.0000000E+00
         184  0.0000000E+00
         185  0.0000000E+00
         186  0.0000000E+00
         187  0.0000000E+00
         188  0.0000000E+00
         189  0.0000000E+00
         190  0.0000000E+00
         191  0.0000000E+00
         192  0.0000000E+00
         193  0.0000000E+00
         194  0.0000000E+00
         195  0.0000000E+00
         196  0.0000000E+00
         197  0.0000000E+00
         198  0.0000000E+00
         199  0.0000000E+00
         200  0.0000000E+00
         201  0.0000000E+00
         202  0.0000000E+00
         203  0.0000000E+00
         204  0.0000000E+00
         205  0.0000000E+00
         206  0.0000000E+00
         207  0.0000000E+00
         208   1.588593    
         209   3.177185    
         210   7.942963    
         211   14.29733    
         212   15.88593    
         213   17.47452    
         214   15.88593    
         215   16.94499    
         216   21.18124    
         217   19.59264    
         218   20.12217    
         219   21.18124    
         220   19.59264    
         221   19.59264    
         222   13.76780    
         223   23.82889    
         224   15.35640    
         225   19.06311    
         226   23.82889    
         227   29.12420    
         228   22.24030    
         229   18.53358    
         230   19.06311    
         231   22.24030    
         232   13.23827    
         233   24.88795    
         234   19.06311    
         235   22.24030    
         236   22.76983    
         237   24.35842    
         238   25.94701    
         239   16.41546    
         240   26.47654    
         241   20.12217    
         242   21.18124    
         243   22.24030    
         244   22.76983    
         245   25.94701    
         246   27.00607    
         247   23.82889    
         248   26.47654    
         249   19.59264    
         250   22.76983    
         251   23.29936    
         252   34.41951    
         253   30.18326    
         254   24.35842    
         255   27.53561    
         256   26.47654    
         257   26.47654    
         258   30.18326    
         259   25.94701    
         260   21.71077    
         261   24.35842    
         262   26.47654    
         263   26.47654    
         264   31.77185    
         265   31.24232    
         266   30.71279    
         267   31.77185    
         268   28.59467    
         269   32.83091    
         270   32.30138    
         271   25.41748    
         272   31.77185    
         273   37.06716    
         274   36.00810    
         275   30.71279    
         276   33.88998    
         277   43.42153    
         278   32.30138    
         279   39.18528    
         280   31.77185    
         281   36.00810    
         282   30.18326    
         283   38.65575    
         284   29.12420    
         285   44.48059    
         286   46.59872    
         287   39.71482    
         288   32.83091    
         289   37.59669    
         290   45.01012    
         291   51.36450    
         292   47.65778    
         293   51.36449    
         294   60.36652    
         295   45.01012    
         296   43.42153    
         297   47.65778    
         298   54.54168    
         299   57.71887    
         300   50.83496    
         301   68.83901    
         302   66.19136    
         303   60.36652    
         304   52.95309    
         305   78.90010    
         306   82.07729    
         307   72.01620    
         308   78.37057    
         309   94.78603    
         310   82.60682    
         311   97.96321    
         312   114.3787    
         313   100.6109    
         314   128.6760    
         315   119.6740    
         316   128.6760    
         317   137.6780    
         318   159.9183    
         319   144.0324    
         320   155.6821    
         321   157.8002    
         322   176.8633    
         323   180.5700    
         324   199.1036    
         325   184.8063    
         326   198.5741    
         327   172.6271    
         328   184.8063    
         329   195.3969    
         330   181.0996    
         331   182.1586    
         332   175.8043    
         333   183.2177    
         334   186.3949    
         335   197.5150    
         336   169.9794    
         337   169.9794    
         338   188.5130    
         339   182.1586    
         340   181.0996    
         341   183.7472    
         342   189.0425    
         343   175.2747    
         344   190.1016    
         345   193.8083    
         346   198.5741    
         347   173.1566    
         348   192.2197    
         349   197.5150    
         350   200.1627    
         351   204.9285    
         352   200.6922    
         353   212.8714    
         354   201.7513    
         355   230.3459    
         356   226.1097    
         357   234.0526    
         358   249.4090    
         359   238.2889    
         360   257.8815    
         361   254.1748    
         362   273.2379    
         363   266.8836    
         364   272.1789    
         365   279.5923    
         366   293.3601    
         367   285.4171    
         368   288.5943    
         369   308.1870    
         370   298.6554    
         371   318.2480    
         372   296.5373    
         373   320.8957    
         374   343.6655    
         375   315.6004    
         376   325.1320    
         377   314.5414    
         378   354.7857    
         379   302.8917    
         380   352.6676    
         381   318.7776    
         382   337.3112    
         383   336.2521    
         384   338.8998    
         385   336.2521    
         386   342.0769    
         387   350.5494    
         388   354.7857    
         389   337.3112    
         390   348.4313    
         391   363.7877    
         392   381.7918    
         393   339.4293    
         394   380.2032    
         395   354.7857    
         396   377.5555    
         397   352.6676    
         398   391.3233    
         399   379.6736    
         400   372.2602    
         401   370.1421    
         402   384.4394    
         403   374.3783    
         404   381.7918    
         405   367.4944    
         406   382.8508    
         407   373.8488    
         408   378.6146    
         409   380.2032    
         410   366.4354    
         411   374.9079    
         412   388.1461    
         413   383.9099    
         414   387.0871    
         415   391.8528    
         416   386.5576    
         417   387.0871    
         418   363.7877    
         419   386.5576    
         420   383.3804    
         421   392.3824    
         422   393.9710    
         423   391.8528    
         424   396.0891    
         425   393.9710    
         426   418.8589    
         427   405.0911    
         428   405.6207    
         429   417.7999    
         430   419.9180    
         431   415.6817    
         432   424.1542    
         433   419.9180    
         434   419.3885    
         435   439.5106    
         436   449.0422    
         437   425.2133    
         438   462.2805    
         439   467.0462    
         440   426.8019    
         441   481.3436    
         442   460.1623    
         443   456.4556    
         444   485.0503    
         445   483.9912    
         446   493.5228    
         447   480.8141    
         448   512.5859    
         449   510.4678    
         450   557.0665    
         451   545.9464    
         452   544.8873    
         453   561.8323    
         454   559.1846    
         455   580.8954    
         456   596.7813    
         457   584.6021    
         458   608.4310    
         459   616.9035    
         460   633.3189    
         461   617.9625    
         462   615.3149    
         463   660.8546    
         464   608.9605    
         465   642.3210    
         466   640.2028    
         467   651.3230    
         468   657.1478    
         469   664.0317    
         470   655.5592    
         471   639.1438    
         472   688.9197    
         473   658.2069    
         474   665.6203    
         475   658.7365    
         476   661.3841    
         477   697.3922    
         478   693.1559    
         479   655.0297    
         480   698.9808    
         481   731.8116    
         482   642.8505    
         483   677.7996    
         484   730.2231    
         485   712.7485    
         486   683.6244    
         487   777.8809    
         488   738.6956    
         489   745.0499    
         490   738.1661    
         491   741.3433    
         492   820.2433    
         493   760.9359    
         494   764.6426    
         495   770.4674    
         496   835.0702    
         497   823.4205    
         498   822.3615    
         499   816.5366    
         500   880.6099    
         501   825.0091    
         502   818.6547    
         503   935.1516    
         504   839.3065    
         505   844.6017    
         506   862.6058    
         507   894.3777    
         508   841.4246    
         509   912.3817    
         510   898.0844    
         511   911.3226    
         512   960.5690    
         513   893.3186    
         514   894.3776    
         515   1039.999    
         516   908.6750    
         517   919.7952    
         518   937.2697    
         519   987.0456    
         520   963.2167    
         521   1002.402    
         522   1008.756    
         523   977.5140    
         524   991.8113    
         525   1011.404    
         526   1017.229    
         527   985.4570    
         528   1020.936    
         529   1036.292    
         530   973.8073    
         531   1019.347    
         532   1011.934    
         533   1008.756    
         534   1006.109    
         535   980.1617    
         536   966.3939    
         537   1001.872    
         538   956.8623    
         539   996.5771    
         540   975.9254    
         541   966.9234    
         542   947.8603    
         543   986.5161    
         544   972.2187    
         545   990.2228    
         546   964.8053    
         547   973.2778    
         548   991.8113    
         549   978.0435    
         550   1002.402    
         551   999.2248    
         552   1033.644    
         553   1049.001    
         554   1025.172    
         555   1065.946    
         556   1068.064    
         557   1094.540    
         558   1064.357    
         559   1112.015    
         560   1103.013    
         561   1083.420    
         562   1105.661    
         563   1090.304    
         564   1095.070    
         565   1110.956    
         566   1090.834    
         567   1139.021    
         568   1104.072    
         569   1135.844    
         570   1127.371    
         571   1113.074    
         572   1107.779    
         573   1133.726    
         574   1093.481    
         575   1107.249    
         576   1082.891    
         577   1117.840    
         578   1098.777    
         579   1103.013    
         580   1116.251    
         581   1088.186    
         582   1087.656    
         583   1080.243    
         584   1097.188    
         585   1055.355    
         586   1104.601    
         587   1048.471    
         588   1091.893    
         589   1058.532    
         590   1076.536    
         591   1068.593    
         592   1071.771    
         593   1058.532    
         594   1089.245    
         595   1058.532    
         596   1074.948    
         597   1055.885    
         598   1073.359    
         599   1069.123    
         600   1059.062    
         601   1054.296    
         602   1047.942    
         603   1033.115    
         604   1073.889    
         605   1047.412    
         606   1072.830    
         607   1037.351    
         608   1052.178    
         609   1062.239    
         610   1039.469    
         611   1078.125    
         612   1042.117    
         613   1056.414    
         614   1052.178    
         615   1033.115    
         616   1042.117    
         617   1041.587    
         618   1032.056    
         619   1016.170    
         620   1028.349    
         621   1011.934    
         622   998.1657    
         623   1002.402    
         624   999.2248    
         625   1024.642    
         626   999.7543    
         627   999.2248    
         628   999.2248    
         629   996.5771    
         630   1014.581    
         631   998.6953    
         632   983.8684    
         633   1009.815    
         634   1006.638    
         635   996.5771    
         636   1012.463    
         637   962.1576    
         638   1012.463    
         639   1030.997    
         640   975.3959    
         641   1035.762    
         642   990.7523    
         643   1021.465    
         644   1009.815    
         645   1047.942    
         646   1028.349    
         647   1059.591    
         648   1086.597    
         649   1094.011    
         650   1127.901    
         651   1139.550    
         652   1141.669    
         653   1162.320    
         654   1209.978    
         655   1244.927    
         656   1280.406    
         657   1289.937    
         658   1322.768    
         659   1341.831    
         660   1428.674    
         661   1402.198    
         662   1510.752    
         663   1570.589    
         664   1605.538    
         665   1696.087    
         666   1853.358    
         667   2016.983    
         668   2121.301    
         669   2341.585    
         670   2640.771    
         671   3031.564    
         672   2938.896    
         673   2954.253    
         674   2892.298    
         675   2520.567    
         676   2290.750    
         677   1990.507    
         678   1689.203    
         679   1502.279    
         680   1347.127    
         681   1182.443    
         682   1128.430    
         683   1039.469    
         684   939.9173    
         685   920.8542    
         686   885.3756    
         687   854.6628    
         688   798.5326    
         689   774.7037    
         690   749.2862    
         691   734.9889    
         692   706.3942    
         693   687.8606    
         694   666.1498    
         695   662.4431    
         696   660.3250    
         697   618.4921    
         698   629.0827    
         699   612.1377    
         700   619.0216    
         701   593.6041    
         702   583.5430    
         703   555.4779    
         704   574.5410    
         705   536.4148    
         706   555.4779    
         707   552.3007    
         708   513.1154    
         709   545.9464    
         710   517.8812    
         711   519.9993    
         712   505.1725    
         713   509.4087    
         714   483.4617    
         715   477.1073    
         716   486.1093    
         717   479.2254    
         718   478.6959    
         719   477.1073    
         720   443.7469    
         721   459.1033    
         722   460.6919    
         723   437.3925    
         724   451.1603    
         725   437.9220    
         726   451.1603    
         727   429.4496    
         728   423.0952    
         729   442.1583    
         730   398.7368    
         731   413.0341    
         732   414.0931    
         733   404.5616    
         734   399.7958    
         735   395.0300    
         736   386.0280    
         737   386.0280    
         738   342.6065    
         739   368.0240    
         740   339.9588    
         741   360.0810    
         742   329.3682    
         743   363.2582    
         744   337.8407    
         745   328.8387    
         746   326.1910    
         747   316.1299    
         748   312.9528    
         749   314.0118    
         750   315.0709    
         751   316.1299    
         752   289.6534    
         753   290.7125    
         754   292.3011    
         755   285.9467    
         756   285.9467    
         757   258.9406    
         758   268.4722    
         759   264.2359    
         760   274.2970    
         761   236.1708    
         762   264.7654    
         763   242.5251    
         764   231.9345    
         765   227.6983    
         766   222.4030    
         767   226.1097    
         768   208.1056    
         769   215.5191    
         770   209.6942    
         771   209.6942    
         772   200.1627    
         773   207.0466    
         774   200.6922    
         775   202.2808    
         776   194.3378    
         777   180.5700    
         778   214.4600    
         779   181.0996    
         780   186.9244    
         781   187.9835    
         782   188.5130    
         783   183.2177    
         784   184.8063    
         785   172.0975    
         786   187.9835    
         787   168.9203    
         788   171.5680    
         789   191.1606    
         790   165.7432    
         791   178.4519    
         792   168.3908    
         793   168.3908    
         794   174.2157    
         795   169.4499    
         796   164.1546    
         797   172.0975    
         798   165.7432    
         799   160.4479    
         800   170.5089    
         801   158.3297    
         802   160.4479    
         803   170.5089    
         804   154.0935    
         805   162.0365    
         806   153.0344    
         807   159.3888    
         808   145.6210    
         809   151.9754    
         810   151.4458    
         811   145.0915    
         812   142.9733    
         813   149.3277    
         814   146.6801    
         815   145.6210    
         816   140.3257    
         817   146.6801    
         818   142.9733    
         819   145.6210    
         820   129.2055    
         821   142.4438    
         822   146.1505    
         823   128.1465    
         824   136.0894    
         825   149.8572    
         826   146.1505    
         827   131.8532    
         828   135.5599    
         829   143.5029    
         830   135.5599    
         831   127.0874    
         832   137.6780    
         833   126.0284    
         834   138.7371    
         835   129.2055    
         836   127.0874    
         837   136.6190    
         838   134.5008    
         839   124.4398    
         840   128.1465    
         841   129.2055    
         842   126.5579    
         843   129.2055    
         844   132.9122    
         845   129.2055    
         846   111.7310    
         847   133.4418    
         848   123.3807    
         849   117.5559    
         850   129.7351    
         851   108.0243    
         852   135.5599    
         853   111.2015    
         854   120.2035    
         855   131.8532    
         856   109.6129    
         857   118.6149    
         858   117.0263    
         859   119.1444    
         860   120.7330    
         861   120.2035    
         862   122.8512    
         863   119.6740    
         864   119.6740    
         865   127.6169    
         866   118.0854    
         867   115.4377    
         868   124.4398    
         869   126.0284    
         870   124.9693    
         871   125.4988    
         872   122.3216    
         873   135.5599    
         874   120.7330    
         875   135.0304    
         876   129.2055    
         877   130.2646    
         878   143.5029    
         879   130.2646    
         880   136.0894    
         881   142.4438    
         882   140.8552    
         883   144.5619    
         884   137.1485    
         885   141.3848    
         886   140.3257    
         887   137.1485    
         888   149.8572    
         889   132.9122    
         890   126.5579    
         891   144.5619    
         892   140.8552    
         893   135.0304    
         894   139.2666    
         895   138.7371    
         896   128.1465    
         897   137.1485    
         898   138.7371    
         899   145.0915    
         900   140.8552    
         901   131.8532    
         902   141.9143    
         903   137.6780    
         904   142.4438    
         905   121.7921    
         906   140.3257    
         907   137.6780    
         908   133.4418    
         909   139.2666    
         910   135.5599    
         911   130.2646    
         912   130.7941    
         913   123.9102    
         914   132.9122    
         915   146.1505    
         916   125.4988    
         917   131.3237    
         918   124.4398    
         919   121.2626    
         920   128.1465    
         921   129.7351    
         922   122.3216    
         923   124.9693    
         924   126.0284    
         925   110.1424    
         926   119.6740    
         927   117.0263    
         928   109.6129    
         929   109.0834    
         930   117.5559    
         931   106.4357    
         932   110.1424    
         933   105.3766    
         934   112.7901    
         935   105.9062    
         936   111.2015    
         937   98.49274    
         938   103.2585    
         939   99.55180    
         940   96.37462    
         941   108.5538    
         942   93.72697    
         943   91.60884    
         944   93.19743    
         945   90.02025    
         946   90.54978    
         947   99.02228    
         948   86.31354    
         949   84.72495    
         950   79.95916    
         951   78.37057    
         952   56.65981    
         953   51.36449    
         954   61.95511    
         955   58.24840    
         956   51.36449    
         957   49.77590    
         958   57.71887    
         959   49.77590    
         960   50.30544    
         961   50.30544    
         962   51.36449    
         963   49.24637    
         964   47.12825    
         965   42.89200    
         966   43.95107    
         967   42.89200    
         968   36.53763    
         969   49.24637    
         970   40.24435    
         971   42.36247    
         972   43.42153    
         973   42.36247    
         974   41.83294    
         975   46.59872    
         976   40.24435    
         977   44.48059    
         978   48.18731    
         979   47.65778    
         980   49.24637    
         981   68.30949    
         982   91.07932    
         983   19.59264    
         984  0.0000000E+00
         985  0.0000000E+00
         986  0.0000000E+00
         987  0.0000000E+00
         988  0.0000000E+00
         989  0.0000000E+00
         990  0.0000000E+00
         991  0.0000000E+00
         992  0.0000000E+00
         993  0.0000000E+00
         994  0.0000000E+00
         995  0.0000000E+00
         996  0.0000000E+00
         997  0.0000000E+00
         998  0.0000000E+00
         999  0.0000000E+00
        1000  0.0000000E+00
        1001  0.0000000E+00
        1002  0.0000000E+00
        1003  0.0000000E+00
        1004  0.0000000E+00
        1005  0.0000000E+00
        1006  0.0000000E+00
        1007  0.0000000E+00
        1008  0.0000000E+00
        1009  0.0000000E+00
        1010  0.0000000E+00
        1011  0.0000000E+00
        1012  0.0000000E+00
        1013  0.0000000E+00
        1014  0.0000000E+00
        1015  0.0000000E+00
        1016  0.0000000E+00
        1017  0.0000000E+00
        1018  0.0000000E+00
        1019  0.0000000E+00
        1020  0.0000000E+00
        1021  0.0000000E+00
        1022  0.0000000E+00
        1023  0.0000000E+00
        1024  0.0000000E+00
