 #   Y    A
           1  0.0000000E+00
           2  0.0000000E+00
           3  0.0000000E+00
           4  0.0000000E+00
           5  0.0000000E+00
           6  0.0000000E+00
           7  0.0000000E+00
           8  0.0000000E+00
           9  0.0000000E+00
          10  0.0000000E+00
          11  0.0000000E+00
          12  0.0000000E+00
          13  0.0000000E+00
          14  0.0000000E+00
          15  0.0000000E+00
          16  0.0000000E+00
          17  0.0000000E+00
          18  0.0000000E+00
          19  0.0000000E+00
          20  0.0000000E+00
          21  0.0000000E+00
          22  0.0000000E+00
          23  0.0000000E+00
          24  0.0000000E+00
          25  0.0000000E+00
          26  0.0000000E+00
          27  0.0000000E+00
          28  0.0000000E+00
          29  0.0000000E+00
          30  0.0000000E+00
          31  0.0000000E+00
          32  0.0000000E+00
          33  0.0000000E+00
          34  0.0000000E+00
          35  0.0000000E+00
          36  0.0000000E+00
          37  0.0000000E+00
          38  0.0000000E+00
          39  0.0000000E+00
          40  0.0000000E+00
          41  0.0000000E+00
          42  0.0000000E+00
          43  0.0000000E+00
          44  0.0000000E+00
          45  0.0000000E+00
          46  0.0000000E+00
          47  0.0000000E+00
          48  0.0000000E+00
          49  0.0000000E+00
          50  0.0000000E+00
          51  0.0000000E+00
          52  0.0000000E+00
          53  0.0000000E+00
          54  0.0000000E+00
          55  0.0000000E+00
          56  0.0000000E+00
          57  0.0000000E+00
          58  0.0000000E+00
          59  0.0000000E+00
          60  0.0000000E+00
          61  0.0000000E+00
          62  0.0000000E+00
          63  0.0000000E+00
          64  0.0000000E+00
          65  0.0000000E+00
          66  0.0000000E+00
          67  0.0000000E+00
          68  0.0000000E+00
          69  0.0000000E+00
          70  0.0000000E+00
          71  0.0000000E+00
          72  0.0000000E+00
          73  0.0000000E+00
          74  0.0000000E+00
          75  0.0000000E+00
          76  0.0000000E+00
          77  0.0000000E+00
          78  0.0000000E+00
          79  0.0000000E+00
          80  0.0000000E+00
          81  0.0000000E+00
          82  0.0000000E+00
          83  0.0000000E+00
          84  0.0000000E+00
          85  0.0000000E+00
          86  0.0000000E+00
          87  0.0000000E+00
          88  0.0000000E+00
          89  0.0000000E+00
          90  0.0000000E+00
          91  0.0000000E+00
          92  0.0000000E+00
          93  0.0000000E+00
          94  0.0000000E+00
          95  0.0000000E+00
          96  0.0000000E+00
          97  0.0000000E+00
          98  0.0000000E+00
          99  0.0000000E+00
         100  0.0000000E+00
         101  0.0000000E+00
         102  0.0000000E+00
         103  0.0000000E+00
         104  0.0000000E+00
         105  0.0000000E+00
         106  0.0000000E+00
         107  0.0000000E+00
         108  0.0000000E+00
         109  0.0000000E+00
         110  0.0000000E+00
         111  0.0000000E+00
         112  0.0000000E+00
         113  0.0000000E+00
         114  0.0000000E+00
         115  0.0000000E+00
         116  0.0000000E+00
         117  0.0000000E+00
         118  0.0000000E+00
         119  0.0000000E+00
         120  0.0000000E+00
         121  0.0000000E+00
         122  0.0000000E+00
         123  0.0000000E+00
         124  0.0000000E+00
         125  0.0000000E+00
         126  0.0000000E+00
         127  0.0000000E+00
         128  0.0000000E+00
         129  0.0000000E+00
         130  0.0000000E+00
         131  0.0000000E+00
         132  0.0000000E+00
         133  0.0000000E+00
         134  0.0000000E+00
         135  0.0000000E+00
         136  0.0000000E+00
         137  0.0000000E+00
         138  0.0000000E+00
         139  0.0000000E+00
         140  0.0000000E+00
         141  0.0000000E+00
         142  0.0000000E+00
         143  0.0000000E+00
         144  0.0000000E+00
         145  0.0000000E+00
         146  0.0000000E+00
         147  0.0000000E+00
         148  0.0000000E+00
         149  0.0000000E+00
         150  0.0000000E+00
         151  0.0000000E+00
         152  0.0000000E+00
         153  0.0000000E+00
         154  0.0000000E+00
         155  0.0000000E+00
         156  0.0000000E+00
         157  0.0000000E+00
         158  0.0000000E+00
         159  0.0000000E+00
         160  0.0000000E+00
         161  0.0000000E+00
         162  0.0000000E+00
         163  0.0000000E+00
         164  0.0000000E+00
         165  0.0000000E+00
         166  0.0000000E+00
         167  0.0000000E+00
         168  0.0000000E+00
         169  0.0000000E+00
         170  0.0000000E+00
         171  0.0000000E+00
         172  0.0000000E+00
         173  0.0000000E+00
         174  0.0000000E+00
         175  0.0000000E+00
         176  0.0000000E+00
         177  0.0000000E+00
         178  0.0000000E+00
         179  0.0000000E+00
         180  0.0000000E+00
         181  0.0000000E+00
         182  0.0000000E+00
         183  0.0000000E+00
         184  0.0000000E+00
         185  0.0000000E+00
         186  0.0000000E+00
         187  0.0000000E+00
         188  0.0000000E+00
         189  0.0000000E+00
         190  0.0000000E+00
         191  0.0000000E+00
         192  0.0000000E+00
         193  0.0000000E+00
         194  0.0000000E+00
         195  0.0000000E+00
         196  0.0000000E+00
         197  0.0000000E+00
         198  0.0000000E+00
         199  0.0000000E+00
         200  0.0000000E+00
         201  0.0000000E+00
         202  0.0000000E+00
         203  0.0000000E+00
         204  0.0000000E+00
         205  0.0000000E+00
         206  0.0000000E+00
         207  0.0000000E+00
         208  0.0000000E+00
         209  0.0000000E+00
         210  0.0000000E+00
         211  0.0000000E+00
         212  0.0000000E+00
         213  0.0000000E+00
         214  0.0000000E+00
         215  0.0000000E+00
         216  0.0000000E+00
         217  0.0000000E+00
         218  0.0000000E+00
         219  0.0000000E+00
         220  0.0000000E+00
         221  0.0000000E+00
         222  0.0000000E+00
         223  0.0000000E+00
         224  0.0000000E+00
         225  0.0000000E+00
         226  0.0000000E+00
         227  0.0000000E+00
         228  0.0000000E+00
         229  0.0000000E+00
         230  0.0000000E+00
         231  0.0000000E+00
         232  0.0000000E+00
         233  0.0000000E+00
         234  0.0000000E+00
         235  0.0000000E+00
         236  0.0000000E+00
         237  0.0000000E+00
         238  0.0000000E+00
         239  0.0000000E+00
         240  0.0000000E+00
         241  0.0000000E+00
         242  0.0000000E+00
         243  0.0000000E+00
         244  0.0000000E+00
         245  0.0000000E+00
         246  0.0000000E+00
         247  0.0000000E+00
         248  0.0000000E+00
         249  0.0000000E+00
         250  0.0000000E+00
         251  0.0000000E+00
         252  0.0000000E+00
         253  0.0000000E+00
         254  0.0000000E+00
         255  0.0000000E+00
         256  0.0000000E+00
         257  0.0000000E+00
         258  0.0000000E+00
         259  0.0000000E+00
         260  0.0000000E+00
         261  0.0000000E+00
         262  0.0000000E+00
         263  0.0000000E+00
         264  0.0000000E+00
         265  0.0000000E+00
         266  0.0000000E+00
         267  0.0000000E+00
         268  0.0000000E+00
         269  0.0000000E+00
         270  0.0000000E+00
         271  0.0000000E+00
         272  0.0000000E+00
         273  0.0000000E+00
         274  0.0000000E+00
         275  0.0000000E+00
         276  0.0000000E+00
         277  0.0000000E+00
         278  0.0000000E+00
         279  0.0000000E+00
         280  0.0000000E+00
         281  0.0000000E+00
         282  0.0000000E+00
         283  0.0000000E+00
         284  0.0000000E+00
         285  0.0000000E+00
         286  0.0000000E+00
         287  0.0000000E+00
         288  0.0000000E+00
         289  0.0000000E+00
         290  0.0000000E+00
         291  0.0000000E+00
         292  0.0000000E+00
         293  0.0000000E+00
         294  0.0000000E+00
         295  0.0000000E+00
         296  0.0000000E+00
         297  0.0000000E+00
         298  0.0000000E+00
         299  0.0000000E+00
         300  0.0000000E+00
         301  0.0000000E+00
         302  0.0000000E+00
         303  0.0000000E+00
         304  0.0000000E+00
         305  0.0000000E+00
         306  0.0000000E+00
         307  0.0000000E+00
         308  0.0000000E+00
         309  0.0000000E+00
         310  0.0000000E+00
         311  0.0000000E+00
         312  0.0000000E+00
         313  0.0000000E+00
         314  0.0000000E+00
         315  0.0000000E+00
         316  0.0000000E+00
         317  0.0000000E+00
         318  0.0000000E+00
         319  0.0000000E+00
         320  0.0000000E+00
         321  0.0000000E+00
         322  0.0000000E+00
         323  0.0000000E+00
         324  0.0000000E+00
         325  0.0000000E+00
         326  0.0000000E+00
         327  0.0000000E+00
         328  0.0000000E+00
         329   1.059062    
         330   9.531556    
         331   13.76780    
         332   21.71077    
         333   27.00607    
         334   25.94701    
         335   29.12420    
         336   31.24232    
         337   29.65373    
         338   21.18124    
         339   34.41951    
         340   23.82889    
         341   47.12825    
         342   36.00810    
         343   31.24232    
         344   27.00607    
         345   30.71279    
         346   32.83091    
         347   34.94904    
         348   34.94904    
         349   32.30138    
         350   34.41951    
         351   39.18529    
         352   38.12622    
         353   43.95107    
         354   37.06716    
         355   34.41951    
         356   42.89200    
         357   44.48059    
         358   50.83496    
         359   47.65778    
         360   33.88998    
         361   40.24435    
         362   44.48059    
         363   36.53763    
         364   38.65575    
         365   43.42153    
         366   55.60074    
         367   37.59669    
         368   44.48059    
         369   37.06716    
         370   36.00810    
         371   53.48262    
         372   47.65778    
         373   46.06919    
         374   45.01012    
         375   54.01215    
         376   45.01012    
         377   45.01012    
         378   58.77793    
         379   57.18933    
         380   55.07121    
         381   44.48059    
         382   57.71887    
         383   59.30746    
         384   67.77995    
         385   55.60074    
         386   53.48262    
         387   65.13230    
         388   60.36652    
         389   65.13230    
         390   65.66183    
         391   75.72292    
         392   64.60277    
         393   76.78197    
         394   65.66183    
         395   73.60479    
         396   81.01823    
         397   80.48869    
         398   82.60682    
         399   79.42963    
         400   90.02025    
         401   85.25447    
         402   83.13635    
         403   100.6109    
         404   109.0834    
         405   100.0813    
         406   108.0243    
         407   103.7881    
         408   122.8512    
         409   120.2035    
         410   146.6801    
         411   133.9713    
         412   140.3257    
         413   164.1546    
         414   173.1566    
         415   165.7432    
         416   208.6352    
         417   200.1627    
         418   223.4620    
         419   251.5272    
         420   272.1789    
         421   293.3601    
         422   313.4823    
         423   353.1971    
         424   381.2622    
         425   416.2113    
         426   467.0462    
         427   524.7651    
         428   597.8404    
         429   629.6122    
         430   656.0887    
         431   681.5062    
         432   638.0847    
         433   632.7894    
         434   638.6143    
         435   654.5002    
         436   665.0908    
         437   645.4982    
         438   670.9156    
         439   663.5022    
         440   664.5613    
         441   663.5022    
         442   686.2720    
         443   658.7364    
         444   674.6223    
         445   664.5613    
         446   699.5103    
         447   665.6203    
         448   701.0989    
         449   708.5123    
         450   720.6915    
         451   754.0520    
         452   728.1050    
         453   772.0560    
         454   788.4715    
         455   805.9460    
         456   861.5468    
         457   861.0172    
         458   925.6200    
         459   963.7462    
         460   988.1046    
         461   1036.292    
         462   1078.654    
         463   1108.308    
         464   1174.500    
         465   1157.554    
         466   1187.208    
         467   1138.491    
         468   1169.734    
         469   1139.021    
         470   1143.257    
         471   1147.493    
         472   1148.023    
         473   1126.842    
         474   1144.316    
         475   1135.314    
         476   1189.326    
         477   1159.143    
         478   1244.398    
         479   1225.864    
         480   1269.815    
         481   1294.173    
         482   1322.768    
         483   1345.008    
         484   1417.554    
         485   1374.133    
         486   1420.731    
         487   1475.803    
         488   1476.862    
         489   1509.693    
         490   1540.935    
         491   1643.134    
         492   1654.784    
         493   1742.157    
         494   1888.307    
         495   1974.091    
         496   2068.348    
         497   2293.398    
         498   2445.374    
         499   2699.019    
         500   2970.668    
         501   3295.271    
         502   3498.081    
         503   3861.339    
         504   4175.880    
         505   4341.624    
         506   4324.149    
         507   4671.521    
         508   4641.868    
         509   4251.074    
         510   3828.508    
         511   3348.753    
         512   2981.788    
         513   2908.713    
         514   2686.840    
         515   2359.060    
         516   2019.101    
         517   1858.653    
         518   1838.002    
         519   1748.511    
         520   1636.250    
         521   1589.122    
         522   1514.988    
         523   1503.338    
         524   1441.383    
         525   1423.379    
         526   1374.133    
         527   1348.186    
         528   1311.118    
         529   1283.583    
         530   1279.347    
         531   1219.510    
         532   1215.803    
         533   1212.626    
         534   1193.033    
         535   1166.027    
         536   1133.726    
         537   1160.202    
         538   1175.029    
         539   1121.017    
         540   1141.669    
         541   1119.428    
         542   1068.593    
         543   1121.546    
         544   1096.658    
         545   1064.357    
         546   1154.907    
         547   1091.893    
         548   1142.198    
         549   1082.361    
         550   1163.909    
         551   1114.662    
         552   1116.251    
         553   1131.078    
         554   1141.669    
         555   1154.907    
         556   1197.799    
         557   1153.318    
         558   1193.033    
         559   1139.550    
         560   1186.679    
         561   1126.312    
         562   1123.135    
         563   1125.783    
         564   1082.361    
         565   1191.444    
         566   1123.665    
         567   1128.430    
         568   1154.377    
         569   1154.907    
         570   1141.139    
         571   1142.728    
         572   1127.371    
         573   1145.905    
         574   1125.783    
         575   1150.141    
         576   1148.552    
         577   1112.015    
         578   1155.436    
         579   1145.375    
         580   1123.135    
         581   1134.255    
         582   1062.768    
         583   1118.369    
         584   1104.072    
         585   1089.245    
         586   1118.369    
         587   1082.361    
         588   1069.123    
         589   1092.422    
         590   1049.530    
         591   1064.887    
         592   1029.938    
         593   1048.471    
         594   1046.353    
         595   1071.771    
         596   1047.412    
         597   1021.465    
         598   1125.783    
         599   1031.526    
         600   1011.934    
         601   1025.701    
         602   958.4509    
         603   1056.944    
         604   990.2227    
         605   1046.883    
         606   1053.237    
         607   1055.355    
         608   1051.119    
         609   998.6953    
         610   1072.300    
         611   1050.060    
         612   1087.127    
         613   1055.885    
         614   1073.359    
         615   1058.532    
         616   1092.422    
         617   1088.186    
         618   1081.302    
         619   1087.127    
         620   1111.485    
         621   1015.111    
         622   1080.773    
         623   1099.306    
         624   1048.471    
         625   1049.001    
         626   1068.064    
         627   1026.231    
         628   1070.711    
         629   1001.872    
         630   1030.467    
         631   999.2248    
         632   986.5161    
         633   979.1026    
         634   972.7482    
         635   976.4550    
         636   975.9254    
         637   937.2697    
         638   994.9885    
         639   909.2045    
         640   973.8073    
         641   954.7442    
         642   943.6240    
         643   910.7931    
         644   904.9683    
         645   888.5528    
         646   863.1353    
         647   853.0743    
         648   845.6608    
         649   843.0132    
         650   816.5366    
         651   757.7587    
         652   823.4205    
         653   744.5204    
         654   729.6935    
         655   701.0989    
         656   699.5103    
         657   671.4452    
         658   620.0807    
         659   611.6082    
         660   616.3740    
         661   579.8363    
         662   553.3597    
         663   548.0645    
         664   524.7651    
         665   517.3517    
         666   524.7651    
         667   476.5778    
         668   471.2825    
         669   475.5187    
         670   436.3334    
         671   434.2153    
         672   417.7999    
         673   416.7408    
         674   398.2072    
         675   395.5596    
         676   360.6105    
         677   401.9139    
         678   365.3763    
         679   356.9038    
         680   346.3132    
         681   352.6676    
         682   337.3112    
         683   352.1380    
         684   309.7756    
         685   323.5434    
         686   301.3031    
         687   321.9548    
         688   290.1829    
         689   283.8286    
         690   287.0057    
         691   270.5903    
         692   276.4151    
         693   269.5312    
         694   260.5292    
         695   255.7634    
         696   253.1158    
         697   243.5842    
         698   246.2319    
         699   258.9406    
         700   230.3459    
         701   227.6983    
         702   238.2889    
         703   225.0506    
         704   222.9325    
         705   230.3459    
         706   220.8144    
         707   207.5761    
         708   206.5170    
         709   205.4580    
         710   216.5781    
         711   210.7533    
         712   186.9244    
         713   199.6331    
         714   193.8083    
         715   171.5680    
         716   185.8653    
         717   186.3949    
         718   194.8674    
         719   172.6271    
         720   158.8593    
         721   164.1546    
         722   167.3318    
         723   163.6250    
         724   164.6841    
         725   155.6821    
         726   152.5049    
         727   141.9143    
         728   146.1505    
         729   144.0324    
         730   153.0344    
         731   147.7391    
         732   137.1485    
         733   125.4988    
         734   122.3216    
         735   131.3237    
         736   122.8512    
         737   129.2055    
         738   115.4377    
         739   121.7921    
         740   115.4377    
         741   109.6129    
         742   111.2015    
         743   110.6720    
         744   101.1404    
         745   23.29936    
         746  0.0000000E+00
         747  0.0000000E+00
         748  0.0000000E+00
         749  0.0000000E+00
         750  0.0000000E+00
         751  0.0000000E+00
         752  0.0000000E+00
         753  0.0000000E+00
         754  0.0000000E+00
         755  0.0000000E+00
         756  0.0000000E+00
         757  0.0000000E+00
         758  0.0000000E+00
         759  0.0000000E+00
         760  0.0000000E+00
         761  0.0000000E+00
         762  0.0000000E+00
         763  0.0000000E+00
         764  0.0000000E+00
         765  0.0000000E+00
         766  0.0000000E+00
         767  0.0000000E+00
         768  0.0000000E+00
         769  0.0000000E+00
         770  0.0000000E+00
         771  0.0000000E+00
         772  0.0000000E+00
         773  0.0000000E+00
         774  0.0000000E+00
         775  0.0000000E+00
         776  0.0000000E+00
         777  0.0000000E+00
         778  0.0000000E+00
         779  0.0000000E+00
         780  0.0000000E+00
         781  0.0000000E+00
         782  0.0000000E+00
         783  0.0000000E+00
         784  0.0000000E+00
         785  0.0000000E+00
         786  0.0000000E+00
         787  0.0000000E+00
         788  0.0000000E+00
         789  0.0000000E+00
         790  0.0000000E+00
         791  0.0000000E+00
         792  0.0000000E+00
         793  0.0000000E+00
         794  0.0000000E+00
         795  0.0000000E+00
         796  0.0000000E+00
         797  0.0000000E+00
         798  0.0000000E+00
         799  0.0000000E+00
         800  0.0000000E+00
         801  0.0000000E+00
         802  0.0000000E+00
         803  0.0000000E+00
         804  0.0000000E+00
         805  0.0000000E+00
         806  0.0000000E+00
         807  0.0000000E+00
         808  0.0000000E+00
         809  0.0000000E+00
         810  0.0000000E+00
         811  0.0000000E+00
         812  0.0000000E+00
         813  0.0000000E+00
         814  0.0000000E+00
         815  0.0000000E+00
         816  0.0000000E+00
         817  0.0000000E+00
         818  0.0000000E+00
         819  0.0000000E+00
         820  0.0000000E+00
         821  0.0000000E+00
         822  0.0000000E+00
         823  0.0000000E+00
         824  0.0000000E+00
         825  0.0000000E+00
         826  0.0000000E+00
         827  0.0000000E+00
         828  0.0000000E+00
         829  0.0000000E+00
         830  0.0000000E+00
         831  0.0000000E+00
         832  0.0000000E+00
         833  0.0000000E+00
         834  0.0000000E+00
         835  0.0000000E+00
         836  0.0000000E+00
         837  0.0000000E+00
         838  0.0000000E+00
         839  0.0000000E+00
         840  0.0000000E+00
         841  0.0000000E+00
         842  0.0000000E+00
         843  0.0000000E+00
         844  0.0000000E+00
         845  0.0000000E+00
         846  0.0000000E+00
         847  0.0000000E+00
         848  0.0000000E+00
         849  0.0000000E+00
         850  0.0000000E+00
         851  0.0000000E+00
         852  0.0000000E+00
         853  0.0000000E+00
         854  0.0000000E+00
         855  0.0000000E+00
         856  0.0000000E+00
         857  0.0000000E+00
         858  0.0000000E+00
         859  0.0000000E+00
         860  0.0000000E+00
         861  0.0000000E+00
         862  0.0000000E+00
         863  0.0000000E+00
         864  0.0000000E+00
         865  0.0000000E+00
         866  0.0000000E+00
         867  0.0000000E+00
         868  0.0000000E+00
         869  0.0000000E+00
         870  0.0000000E+00
         871  0.0000000E+00
         872  0.0000000E+00
         873  0.0000000E+00
         874  0.0000000E+00
         875  0.0000000E+00
         876  0.0000000E+00
         877  0.0000000E+00
         878  0.0000000E+00
         879  0.0000000E+00
         880  0.0000000E+00
         881  0.0000000E+00
         882  0.0000000E+00
         883  0.0000000E+00
         884  0.0000000E+00
         885  0.0000000E+00
         886  0.0000000E+00
         887  0.0000000E+00
         888  0.0000000E+00
         889  0.0000000E+00
         890  0.0000000E+00
         891  0.0000000E+00
         892  0.0000000E+00
         893  0.0000000E+00
         894  0.0000000E+00
         895  0.0000000E+00
         896  0.0000000E+00
         897  0.0000000E+00
         898  0.0000000E+00
         899  0.0000000E+00
         900  0.0000000E+00
         901  0.0000000E+00
         902  0.0000000E+00
         903  0.0000000E+00
         904  0.0000000E+00
         905  0.0000000E+00
         906  0.0000000E+00
         907  0.0000000E+00
         908  0.0000000E+00
         909  0.0000000E+00
         910  0.0000000E+00
         911  0.0000000E+00
         912  0.0000000E+00
         913  0.0000000E+00
         914  0.0000000E+00
         915  0.0000000E+00
         916  0.0000000E+00
         917  0.0000000E+00
         918  0.0000000E+00
         919  0.0000000E+00
         920  0.0000000E+00
         921  0.0000000E+00
         922  0.0000000E+00
         923  0.0000000E+00
         924  0.0000000E+00
         925  0.0000000E+00
         926  0.0000000E+00
         927  0.0000000E+00
         928  0.0000000E+00
         929  0.0000000E+00
         930  0.0000000E+00
         931  0.0000000E+00
         932  0.0000000E+00
         933  0.0000000E+00
         934  0.0000000E+00
         935  0.0000000E+00
         936  0.0000000E+00
         937  0.0000000E+00
         938  0.0000000E+00
         939  0.0000000E+00
         940  0.0000000E+00
         941  0.0000000E+00
         942  0.0000000E+00
         943  0.0000000E+00
         944  0.0000000E+00
         945  0.0000000E+00
         946  0.0000000E+00
         947  0.0000000E+00
         948  0.0000000E+00
         949  0.0000000E+00
         950  0.0000000E+00
         951  0.0000000E+00
         952  0.0000000E+00
         953  0.0000000E+00
         954  0.0000000E+00
         955  0.0000000E+00
         956  0.0000000E+00
         957  0.0000000E+00
         958  0.0000000E+00
         959  0.0000000E+00
         960  0.0000000E+00
         961  0.0000000E+00
         962  0.0000000E+00
         963  0.0000000E+00
         964  0.0000000E+00
         965  0.0000000E+00
         966  0.0000000E+00
         967  0.0000000E+00
         968  0.0000000E+00
         969  0.0000000E+00
         970  0.0000000E+00
         971  0.0000000E+00
         972  0.0000000E+00
         973  0.0000000E+00
         974  0.0000000E+00
         975  0.0000000E+00
         976  0.0000000E+00
         977  0.0000000E+00
         978  0.0000000E+00
         979  0.0000000E+00
         980  0.0000000E+00
         981  0.0000000E+00
         982  0.0000000E+00
         983  0.0000000E+00
         984  0.0000000E+00
         985  0.0000000E+00
         986  0.0000000E+00
         987  0.0000000E+00
         988  0.0000000E+00
         989  0.0000000E+00
         990  0.0000000E+00
         991  0.0000000E+00
         992  0.0000000E+00
         993  0.0000000E+00
         994  0.0000000E+00
         995  0.0000000E+00
         996  0.0000000E+00
         997  0.0000000E+00
         998  0.0000000E+00
         999  0.0000000E+00
        1000  0.0000000E+00
        1001  0.0000000E+00
        1002  0.0000000E+00
        1003  0.0000000E+00
        1004  0.0000000E+00
        1005  0.0000000E+00
        1006  0.0000000E+00
        1007  0.0000000E+00
        1008  0.0000000E+00
        1009  0.0000000E+00
        1010  0.0000000E+00
        1011  0.0000000E+00
        1012  0.0000000E+00
        1013  0.0000000E+00
        1014  0.0000000E+00
        1015  0.0000000E+00
        1016  0.0000000E+00
        1017  0.0000000E+00
        1018  0.0000000E+00
        1019  0.0000000E+00
        1020  0.0000000E+00
        1021  0.0000000E+00
        1022  0.0000000E+00
        1023  0.0000000E+00
        1024  0.0000000E+00
