 #   Y    A
           1   12158.03    
           2  0.0000000E+00
           3  0.0000000E+00
           4  0.0000000E+00
           5  0.0000000E+00
           6  0.0000000E+00
           7  0.0000000E+00
           8  0.0000000E+00
           9  0.0000000E+00
          10  0.0000000E+00
          11  0.0000000E+00
          12  0.0000000E+00
          13  0.0000000E+00
          14  0.0000000E+00
          15  0.0000000E+00
          16  0.0000000E+00
          17  0.0000000E+00
          18  0.0000000E+00
          19  0.0000000E+00
          20  0.0000000E+00
          21  0.0000000E+00
          22  0.0000000E+00
          23  0.0000000E+00
          24  0.0000000E+00
          25  0.0000000E+00
          26  0.0000000E+00
          27  0.0000000E+00
          28  0.0000000E+00
          29  0.0000000E+00
          30  0.0000000E+00
          31  0.0000000E+00
          32  0.0000000E+00
          33  0.0000000E+00
          34  0.0000000E+00
          35  0.0000000E+00
          36  0.0000000E+00
          37  0.0000000E+00
          38  0.0000000E+00
          39  0.0000000E+00
          40  0.0000000E+00
          41  0.0000000E+00
          42  0.0000000E+00
          43  0.0000000E+00
          44  0.0000000E+00
          45  0.0000000E+00
          46  0.0000000E+00
          47  0.0000000E+00
          48  0.0000000E+00
          49  0.0000000E+00
          50  0.0000000E+00
          51  0.0000000E+00
          52  0.0000000E+00
          53  0.0000000E+00
          54  0.0000000E+00
          55   2.118124    
          56   3.177185    
          57   7.942963    
          58   11.12015    
          59   14.82686    
          60   12.17921    
          61   13.76780    
          62   13.23827    
          63   13.76780    
          64   17.47452    
          65   13.76780    
          66   16.94499    
          67   13.23827    
          68   14.29733    
          69   16.94499    
          70   17.47452    
          71   12.17921    
          72   16.94499    
          73   9.002025    
          74   15.35640    
          75   18.00405    
          76   10.59062    
          77   14.29733    
          78   14.29733    
          79   19.59264    
          80   21.71077    
          81   16.94499    
          82   14.82686    
          83   13.23827    
          84   15.88593    
          85   16.94499    
          86   15.35640    
          87   12.70874    
          88   18.53358    
          89   19.06311    
          90   18.00405    
          91   12.70874    
          92   21.71077    
          93   19.06311    
          94   18.00405    
          95   19.59264    
          96   14.82686    
          97   22.24030    
          98   19.59264    
          99   14.82686    
         100   22.76983    
         101   19.06311    
         102   15.88593    
         103   20.65170    
         104   21.71077    
         105   20.65170    
         106   21.71077    
         107   18.00405    
         108   15.88593    
         109   21.18124    
         110   19.59264    
         111   16.94499    
         112   19.59264    
         113   24.88795    
         114   28.06514    
         115   18.00405    
         116   23.82889    
         117   21.18124    
         118   20.12217    
         119   26.47654    
         120   23.29936    
         121   24.35842    
         122   23.29936    
         123   22.24030    
         124   22.24030    
         125   25.94701    
         126   28.06514    
         127   28.06514    
         128   29.12420    
         129   23.82889    
         130   24.88795    
         131   28.06514    
         132   34.41951    
         133   27.53561    
         134   32.30138    
         135   32.83091    
         136   29.65373    
         137   36.00810    
         138   37.59669    
         139   27.53561    
         140   32.30138    
         141   34.41951    
         142   40.77388    
         143   45.01012    
         144   28.06514    
         145   33.36045    
         146   42.36247    
         147   41.30341    
         148   38.12622    
         149   42.36247    
         150   42.89200    
         151   40.77388    
         152   58.77793    
         153   57.71887    
         154   56.13028    
         155   51.89403    
         156   48.71684    
         157   66.19136    
         158   65.13230    
         159   81.54776    
         160   78.37057    
         161   78.90010    
         162   93.72697    
         163   100.0813    
         164   88.43166    
         165   108.0243    
         166   115.9673    
         167   106.4357    
         168   112.2605    
         169   126.5579    
         170   138.2076    
         171   109.0834    
         172   120.7330    
         173   120.2035    
         174   117.5559    
         175   115.9673    
         176   105.9062    
         177   117.0263    
         178   108.5538    
         179   115.4377    
         180   96.37462    
         181   97.96321    
         182   92.66791    
         183   98.49274    
         184   97.43369    
         185   92.66791    
         186   83.13635    
         187   97.96321    
         188   87.37260    
         189   93.19743    
         190   74.13432    
         191   96.90415    
         192   91.07932    
         193   91.07932    
         194   81.54776    
         195   97.43369    
         196   87.90213    
         197   85.78400    
         198   88.96119    
         199   84.19541    
         200   86.31354    
         201   78.90010    
         202   90.54978    
         203   79.42963    
         204   87.37260    
         205   86.84306    
         206   82.60682    
         207   90.02025    
         208   92.66791    
         209   84.72495    
         210   94.25650    
         211   85.25447    
         212   99.02228    
         213   76.25245    
         214   106.4357    
         215   77.31151    
         216   97.96321    
         217   101.6699    
         218   84.72495    
         219   99.02228    
         220   96.90415    
         221   92.13837    
         222   96.90415    
         223   96.37462    
         224   101.1404    
         225   99.55180    
         226   97.43369    
         227   94.78603    
         228   100.0813    
         229   103.2585    
         230   101.1404    
         231   102.7290    
         232   103.7881    
         233   97.96321    
         234   114.3787    
         235   108.5538    
         236   105.9062    
         237   114.3787    
         238   107.4948    
         239   113.8491    
         240   112.7901    
         241   109.0834    
         242   110.1424    
         243   114.9082    
         244   122.8512    
         245   118.0854    
         246   120.2035    
         247   112.2606    
         248   130.2646    
         249   101.6699    
         250   118.6149    
         251   108.5538    
         252   110.1424    
         253   115.4377    
         254   112.2605    
         255   106.4357    
         256   119.6740    
         257   109.6129    
         258   105.9062    
         259   106.9652    
         260   113.8491    
         261   108.5538    
         262   122.3216    
         263   105.9062    
         264   109.0834    
         265   99.02228    
         266   113.8491    
         267   111.7310    
         268   105.9062    
         269   90.54978    
         270   111.2015    
         271   112.2605    
         272   102.1995    
         273   97.43369    
         274   109.0834    
         275   107.4948    
         276   102.7290    
         277   88.43166    
         278   102.7290    
         279   105.9062    
         280   97.43369    
         281   111.7310    
         282   102.1995    
         283   104.8471    
         284   104.8471    
         285   100.0813    
         286   97.96321    
         287   104.3176    
         288   105.3766    
         289   106.4357    
         290   101.1404    
         291   108.0243    
         292   106.9652    
         293   113.3196    
         294   97.96321    
         295   106.9652    
         296   111.2015    
         297   103.7881    
         298   115.9673    
         299   101.1404    
         300   117.5559    
         301   103.2585    
         302   115.9673    
         303   116.4968    
         304   112.7901    
         305   110.1424    
         306   110.1424    
         307   108.0243    
         308   114.9082    
         309   110.6720    
         310   113.8491    
         311   112.2605    
         312   109.0834    
         313   121.2626    
         314   106.4357    
         315   119.6740    
         316   120.7330    
         317   113.8491    
         318   116.4968    
         319   121.7921    
         320   111.7310    
         321   114.3787    
         322   120.2035    
         323   105.3766    
         324   117.0263    
         325   106.4357    
         326   114.9082    
         327   118.0854    
         328   105.9062    
         329   112.2605    
         330   114.3787    
         331   120.7330    
         332   115.4377    
         333   118.6149    
         334   116.4968    
         335   120.7330    
         336   124.9693    
         337   111.2015    
         338   128.1465    
         339   110.6720    
         340   121.2626    
         341   121.2626    
         342   122.8512    
         343   123.9102    
         344   139.7962    
         345   111.2015    
         346   138.7371    
         347   121.7921    
         348   127.6169    
         349   132.3827    
         350   129.7351    
         351   137.1485    
         352   134.5008    
         353   147.7391    
         354   137.6780    
         355   142.4438    
         356   142.4438    
         357   150.3868    
         358   137.1485    
         359   153.0344    
         360   158.8593    
         361   147.7391    
         362   158.3297    
         363   158.8593    
         364   150.3868    
         365   166.2727    
         366   169.4499    
         367   169.9794    
         368   178.4519    
         369   165.2136    
         370   171.5680    
         371   183.2177    
         372   177.3929    
         373   191.1606    
         374   191.6902    
         375   201.7513    
         376   178.9814    
         377   204.9285    
         378   190.6311    
         379   203.3399    
         380   185.3358    
         381   203.8694    
         382   208.1056    
         383   216.5781    
         384   221.3439    
         385   216.0486    
         386   210.2238    
         387   221.3439    
         388   218.6963    
         389   222.4030    
         390   231.4050    
         391   238.2889    
         392   241.4661    
         393   230.8755    
         394   238.2889    
         395   245.7023    
         396   245.1728    
         397   248.8795    
         398   225.5802    
         399   248.8795    
         400   245.7023    
         401   255.2339    
         402   254.1748    
         403   256.2929    
         404   238.8184    
         405   265.8245    
         406   246.7614    
         407   257.3520    
         408   254.1748    
         409   259.4701    
         410   253.1158    
         411   264.7654    
         412   253.1158    
         413   247.8204    
         414   262.1178    
         415   262.1178    
         416   263.1768    
         417   254.1748    
         418   279.5923    
         419   276.4151    
         420   266.3540    
         421   267.4131    
         422   281.1809    
         423   296.0078    
         424   270.5903    
         425   293.8896    
         426   274.8265    
         427   291.7715    
         428   301.3031    
         429   285.4171    
         430   286.4762    
         431   315.0709    
         432   306.5984    
         433   324.0729    
         434   307.6574    
         435   310.3051    
         436   314.5414    
         437   341.0179    
         438   336.7816    
         439   320.3662    
         440   348.9608    
         441   332.0159    
         442   350.0199    
         443   345.7837    
         444   341.5474    
         445   356.9038    
         446   345.2541    
         447   342.6065    
         448   337.8407    
         449   365.3763    
         450   364.3172    
         451   378.0851    
         452   372.7897    
         453   358.4924    
         454   380.7327    
         455   381.2622    
         456   374.9079    
         457   370.1421    
         458   379.1441    
         459   390.2643    
         460   417.2703    
         461   359.0219    
         462   410.3864    
         463   391.3233    
         464   368.0240    
         465   399.7958    
         466   397.1482    
         467   406.6797    
         468   407.7388    
         469   400.8549    
         470   400.8549    
         471   396.6186    
         472   418.8589    
         473   391.3233    
         474   416.7408    
         475   411.4455    
         476   410.9160    
         477   398.2072    
         478   406.6797    
         479   409.3274    
         480   402.9730    
         481   422.5656    
         482   411.4455    
         483   410.3864    
         484   432.0972    
         485   446.3945    
         486   415.6817    
         487   424.6838    
         488   445.8650    
         489   446.3945    
         490   435.2744    
         491   440.5697    
         492   427.3314    
         493   445.8650    
         494   441.0992    
         495   455.9261    
         496   432.6267    
         497   421.5066    
         498   463.8690    
         499   456.4556    
         500   456.9851    
         501   438.9811    
         502   454.8670    
         503   464.3986    
         504   454.8670    
         505   461.7509    
         506   425.7428    
         507   469.1644    
         508   461.2214    
         509   453.2784    
         510   451.1603    
         511   466.5167    
         512   445.3355    
         513   440.5697    
         514   467.0462    
         515   494.0523    
         516   481.3436    
         517   474.4597    
         518   468.1053    
         519   459.6328    
         520   500.9362    
         521   510.9973    
         522   472.3416    
         523   460.6919    
         524   485.5798    
         525   509.4087    
         526   482.9322    
         527   497.7590    
         528   495.1114    
         529   504.6429    
         530   523.1765    
         531   508.8792    
         532   515.2335    
         533   506.7610    
         534   550.1826    
         535   539.0624    
         536   510.9973    
         537   547.0054    
         538   545.9464    
         539   550.7121    
         540   503.0544    
         541   622.7283    
         542   540.6511    
         543   552.3007    
         544   526.8832    
         545   567.6571    
         546   590.4269    
         547   521.5879    
         548   543.8282    
         549   563.9504    
         550   545.4168    
         551   646.5572    
         552   568.7162    
         553   592.5450    
         554   552.8303    
         555   574.5410    
         556   554.4188    
         557   557.5960    
         558   554.9484    
         559   552.3007    
         560   541.7101    
         561   542.7692    
         562   584.6021    
         563   531.6490    
         564   562.8913    
         565   518.4107    
         566   559.7142    
         567   551.2416    
         568   554.4188    
         569   565.0095    
         570   527.4128    
         571   565.0095    
         572   554.9484    
         573   572.9524    
         574   570.8343    
         575   546.4759    
         576   562.3618    
         577   534.8262    
         578   551.7712    
         579   577.7182    
         580   549.6531    
         581   569.2457    
         582   544.8873    
         583   568.1866    
         584   570.3047    
         585   543.2987    
         586   565.0095    
         587   567.6571    
         588   571.8934    
         589   574.5410    
         590   558.1255    
         591   569.2457    
         592   562.3618    
         593   567.1276    
         594   574.0115    
         595   555.4779    
         596   582.4839    
         597   567.1276    
         598   569.2457    
         599   563.4208    
         600   567.6571    
         601   560.7732    
         602   571.8934    
         603   579.3068    
         604   576.6591    
         605   576.1296    
         606   593.0746    
         607   571.3638    
         608   602.0766    
         609   580.3658    
         610   567.6571    
         611   595.7222    
         612   553.8893    
         613   595.1927    
         614   561.3027    
         615   569.7752    
         616   572.9524    
         617   554.4188    
         618   582.4839    
         619   576.1296    
         620   552.3007    
         621   574.0115    
         622   587.2498    
         623   565.0095    
         624   549.1235    
         625   599.9585    
         626   554.9484    
         627   593.0746    
         628   581.4249    
         629   586.7202    
         630   566.5980    
         631   583.0135    
         632   582.4839    
         633   582.4839    
         634   565.5390    
         635   599.9585    
         636   581.4249    
         637   588.3088    
         638   586.1907    
         639   580.8954    
         640   589.3679    
         641   575.6000    
         642   579.8363    
         643   590.4269    
         644   603.6652    
         645   600.4880    
         646   603.6652    
         647   601.0176    
         648   615.3149    
         649   592.0155    
         650   616.3740    
         651   592.5450    
         652   644.4391    
         653   607.3719    
         654   616.9035    
         655   625.9055    
         656   632.7894    
         657   624.8464    
         658   612.1377    
         659   635.9666    
         660   623.7874    
         661   638.6143    
         662   613.1968    
         663   636.4961    
         664   626.9645    
         665   628.0236    
         666   631.7303    
         667   629.6122    
         668   630.6713    
         669   621.1397    
         670   648.6754    
         671   628.0236    
         672   638.0847    
         673   641.7914    
         674   623.7874    
         675   644.4391    
         676   644.9686    
         677   615.8444    
         678   626.9645    
         679   645.4982    
         680   620.6102    
         681   617.4330    
         682   644.9686    
         683   629.0827    
         684   632.7894    
         685   621.6693    
         686   634.3780    
         687   619.5511    
         688   629.0827    
         689   635.4371    
         690   618.4921    
         691   635.4371    
         692   615.8444    
         693   635.4371    
         694   625.9055    
         695   597.3109    
         696   642.3210    
         697   631.2008    
         698   608.9605    
         699   621.1397    
         700   603.6652    
         701   642.3210    
         702   606.8424    
         703   602.0766    
         704   596.2518    
         705   624.8464    
         706   587.2498    
         707   604.7242    
         708   597.8404    
         709   592.5450    
         710   588.8383    
         711   597.3109    
         712   592.5450    
         713   579.3068    
         714   596.2518    
         715   558.1255    
         716   579.3068    
         717   570.8343    
         718   579.8363    
         719   565.5390    
         720   558.6551    
         721   569.2457    
         722   537.4738    
         723   565.0095    
         724   559.7141    
         725   569.2457    
         726   539.5920    
         727   554.4188    
         728   547.0054    
         729   548.0645    
         730   568.1866    
         731   533.2376    
         732   537.4738    
         733   558.6551    
         734   545.4168    
         735   557.5960    
         736   537.4738    
         737   543.2987    
         738   533.2376    
         739   539.0624    
         740   542.2396    
         741   545.4168    
         742   545.4168    
         743   527.4128    
         744   545.9464    
         745   531.1194    
         746   548.5940    
         747   533.7672    
         748   564.4799    
         749   513.1154    
         750   549.1235    
         751   537.4738    
         752   524.7651    
         753   511.5268    
         754   566.5980    
         755   524.7651    
         756   540.1215    
         757   516.8221    
         758   538.0034    
         759   537.4739    
         760   521.5879    
         761   526.8832    
         762   528.4718    
         763   531.6490    
         764   538.0034    
         765   527.9423    
         766   527.9423    
         767   538.0034    
         768   522.1174    
         769   530.5900    
         770   533.7672    
         771   521.0584    
         772   526.8832    
         773   510.4678    
         774   546.4759    
         775   517.3517    
         776   514.1745    
         777   523.7061    
         778   525.8242    
         779   504.1134    
         780   525.8242    
         781   519.4698    
         782   519.9993    
         783   503.5839    
         784   512.5859    
         785   527.9423    
         786   534.2966    
         787   499.3476    
         788   530.0604    
         789   508.8792    
         790   529.0013    
         791   510.4678    
         792   516.8221    
         793   518.4107    
         794   522.1174    
         795   512.5859    
         796   525.8242    
         797   505.7020    
         798   512.0563    
         799   517.3517    
         800   522.1174    
         801   525.2946    
         802   539.0624    
         803   515.7631    
         804   539.0624    
         805   515.2335    
         806   536.9443    
         807   525.2946    
         808   536.9443    
         809   549.1235    
         810   539.5920    
         811   538.5329    
         812   553.3597    
         813   526.3537    
         814   580.3658    
         815   544.3577    
         816   556.5369    
         817   580.8954    
         818   519.9993    
         819   572.9524    
         820   563.4208    
         821   580.3658    
         822   544.8873    
         823   604.7242    
         824   578.7772    
         825   594.6632    
         826   624.8464    
         827   615.3149    
         828   633.8484    
         829   628.5532    
         830   670.9156    
         831   696.8627    
         832   705.3351    
         833   761.9949    
         834   750.3453    
         835   811.7709    
         836   856.2515    
         837   943.0945    
         838   931.9744    
         839   1116.781    
         840   1152.789    
         841   1314.296    
         842   1507.045    
         843   1688.144    
         844   2001.097    
         845   2004.804    
         846   1575.884    
         847   1203.094    
         848   929.8562    
         849   753.5225    
         850   659.7955    
         851   596.7813    
         852   522.1174    
         853   468.1053    
         854   428.3905    
         855   423.0952    
         856   396.6186    
         857   351.6085    
         858   344.7246    
         859   327.7796    
         860   307.1279    
         861   307.6574    
         862   298.6554    
         863   264.2359    
         864   274.8265    
         865   262.1178    
         866   238.8184    
         867   262.1178    
         868   236.7003    
         869   229.8164    
         870   230.3459    
         871   225.0506    
         872   211.8123    
         873   194.3378    
         874   214.4600    
         875   201.2217    
         876   188.5130    
         877   193.8083    
         878   187.4539    
         879   186.9244    
         880   175.8043    
         881   183.7472    
         882   173.6861    
         883   177.3929    
         884   172.6271    
         885   175.2747    
         886   162.0365    
         887   168.9203    
         888   161.5069    
         889   167.3318    
         890   162.0365    
         891   167.8613    
         892   146.1505    
         893   167.3318    
         894   152.5049    
         895   154.6230    
         896   152.5049    
         897   162.0365    
         898   151.4458    
         899   151.9754    
         900   144.5619    
         901   149.8572    
         902   156.7411    
         903   153.0344    
         904   152.5049    
         905   155.1525    
         906   147.7391    
         907   148.2686    
         908   163.0955    
         909   142.4438    
         910   160.4479    
         911   153.5640    
         912   149.3277    
         913   137.6780    
         914   147.7391    
         915   146.1505    
         916   150.9163    
         917   135.5599    
         918   147.7391    
         919   151.9754    
         920   134.5008    
         921   145.6210    
         922   146.1505    
         923   141.9143    
         924   136.6190    
         925   148.2686    
         926   130.2646    
         927   139.2666    
         928   138.2076    
         929   140.8552    
         930   133.9713    
         931   131.3237    
         932   133.4418    
         933   129.7351    
         934   129.2055    
         935   117.5559    
         936   120.2035    
         937   121.7921    
         938   124.4398    
         939   133.4418    
         940   123.9102    
         941   105.9062    
         942   119.1444    
         943   118.0854    
         944   101.1404    
         945   116.4968    
         946   111.7310    
         947   112.2606    
         948   109.6129    
         949   108.5538    
         950   97.43369    
         951   118.0854    
         952   95.31556    
         953   112.2606    
         954   90.54978    
         955   98.49274    
         956   112.2606    
         957   98.49274    
         958   94.78603    
         959   103.7881    
         960   99.02228    
         961   93.19743    
         962   95.31556    
         963   83.13635    
         964   102.1995    
         965   79.42963    
         966   96.90415    
         967   91.60884    
         968   91.07932    
         969   86.84306    
         970   90.02025    
         971   81.01823    
         972   91.07932    
         973   84.72495    
         974   78.37057    
         975   84.72495    
         976   84.72495    
         977   72.01620    
         978   89.49072    
         979   78.37057    
         980   75.72292    
         981   79.95917    
         982   76.78198    
         983   79.95916    
         984   75.19338    
         985   73.60479    
         986   78.90010    
         987   70.95714    
         988   67.77995    
         989   75.72292    
         990   69.89808    
         991   65.13230    
         992   68.83901    
         993   65.13230    
         994   61.95511    
         995   66.19136    
         996   61.95511    
         997   66.19136    
         998   58.24840    
         999   61.42558    
        1000   57.18933    
        1001   62.48465    
        1002   58.77793    
        1003   53.48262    
        1004   52.95309    
        1005   63.54370    
        1006   52.95309    
        1007   55.07121    
        1008   51.89403    
        1009   48.18731    
        1010   49.24637    
        1011   50.83496    
        1012   50.30544    
        1013   50.30544    
        1014   45.01012    
        1015   47.12825    
        1016   42.36247    
        1017   46.59872    
        1018   45.01012    
        1019   48.71684    
        1020   42.36247    
        1021   42.36247    
        1022   39.18529    
        1023   47.12825    
        1024   42.89200    
