 #   Y    A
           1  0.0000000E+00
           2  0.0000000E+00
           3  0.0000000E+00
           4  0.0000000E+00
           5  0.0000000E+00
           6  0.0000000E+00
           7  0.0000000E+00
           8  0.0000000E+00
           9  0.0000000E+00
          10  0.0000000E+00
          11  0.0000000E+00
          12  0.0000000E+00
          13  0.0000000E+00
          14  0.0000000E+00
          15  0.0000000E+00
          16  0.0000000E+00
          17  0.0000000E+00
          18  0.0000000E+00
          19  0.0000000E+00
          20  0.0000000E+00
          21  0.0000000E+00
          22  0.0000000E+00
          23  0.0000000E+00
          24  0.0000000E+00
          25  0.0000000E+00
          26  0.0000000E+00
          27  0.0000000E+00
          28  0.0000000E+00
          29  0.0000000E+00
          30  0.0000000E+00
          31  0.0000000E+00
          32  0.0000000E+00
          33  0.0000000E+00
          34  0.0000000E+00
          35  0.0000000E+00
          36  0.0000000E+00
          37  0.0000000E+00
          38  0.0000000E+00
          39  0.0000000E+00
          40  0.0000000E+00
          41  0.0000000E+00
          42  0.0000000E+00
          43  0.0000000E+00
          44  0.0000000E+00
          45  0.0000000E+00
          46  0.0000000E+00
          47  0.0000000E+00
          48  0.0000000E+00
          49  0.0000000E+00
          50  0.0000000E+00
          51  0.0000000E+00
          52  0.0000000E+00
          53  0.0000000E+00
          54  0.0000000E+00
          55  0.0000000E+00
          56  0.0000000E+00
          57  0.0000000E+00
          58  0.0000000E+00
          59  0.0000000E+00
          60  0.0000000E+00
          61  0.0000000E+00
          62  0.0000000E+00
          63  0.0000000E+00
          64  0.0000000E+00
          65  0.0000000E+00
          66  0.0000000E+00
          67  0.0000000E+00
          68  0.0000000E+00
          69  0.0000000E+00
          70  0.0000000E+00
          71  0.0000000E+00
          72  0.0000000E+00
          73  0.0000000E+00
          74  0.0000000E+00
          75  0.0000000E+00
          76  0.0000000E+00
          77  0.0000000E+00
          78  0.0000000E+00
          79  0.0000000E+00
          80  0.0000000E+00
          81  0.0000000E+00
          82  0.0000000E+00
          83  0.0000000E+00
          84  0.0000000E+00
          85  0.0000000E+00
          86  0.0000000E+00
          87  0.0000000E+00
          88  0.0000000E+00
          89  0.0000000E+00
          90  0.0000000E+00
          91  0.0000000E+00
          92  0.0000000E+00
          93  0.0000000E+00
          94  0.0000000E+00
          95  0.0000000E+00
          96  0.0000000E+00
          97  0.0000000E+00
          98  0.0000000E+00
          99  0.0000000E+00
         100  0.0000000E+00
         101  0.0000000E+00
         102  0.0000000E+00
         103  0.0000000E+00
         104  0.0000000E+00
         105  0.0000000E+00
         106  0.0000000E+00
         107  0.0000000E+00
         108  0.0000000E+00
         109  0.0000000E+00
         110  0.0000000E+00
         111  0.0000000E+00
         112  0.0000000E+00
         113  0.0000000E+00
         114  0.0000000E+00
         115  0.0000000E+00
         116  0.0000000E+00
         117  0.0000000E+00
         118  0.0000000E+00
         119  0.0000000E+00
         120  0.0000000E+00
         121  0.0000000E+00
         122  0.0000000E+00
         123  0.0000000E+00
         124  0.0000000E+00
         125  0.0000000E+00
         126  0.0000000E+00
         127  0.0000000E+00
         128  0.0000000E+00
         129  0.0000000E+00
         130  0.0000000E+00
         131  0.0000000E+00
         132  0.0000000E+00
         133  0.0000000E+00
         134  0.0000000E+00
         135  0.0000000E+00
         136  0.0000000E+00
         137  0.0000000E+00
         138  0.0000000E+00
         139  0.0000000E+00
         140  0.0000000E+00
         141  0.0000000E+00
         142  0.0000000E+00
         143  0.0000000E+00
         144  0.0000000E+00
         145  0.0000000E+00
         146  0.0000000E+00
         147  0.0000000E+00
         148  0.0000000E+00
         149  0.0000000E+00
         150  0.0000000E+00
         151  0.0000000E+00
         152  0.0000000E+00
         153  0.0000000E+00
         154  0.0000000E+00
         155  0.0000000E+00
         156  0.0000000E+00
         157  0.0000000E+00
         158  0.0000000E+00
         159  0.0000000E+00
         160  0.0000000E+00
         161  0.0000000E+00
         162  0.0000000E+00
         163  0.0000000E+00
         164  0.0000000E+00
         165  0.0000000E+00
         166  0.0000000E+00
         167  0.0000000E+00
         168  0.0000000E+00
         169  0.0000000E+00
         170  0.0000000E+00
         171  0.0000000E+00
         172  0.0000000E+00
         173  0.0000000E+00
         174  0.0000000E+00
         175  0.0000000E+00
         176  0.0000000E+00
         177  0.0000000E+00
         178  0.0000000E+00
         179  0.0000000E+00
         180  0.0000000E+00
         181  0.0000000E+00
         182  0.0000000E+00
         183  0.0000000E+00
         184  0.0000000E+00
         185  0.0000000E+00
         186  0.0000000E+00
         187  0.0000000E+00
         188  0.0000000E+00
         189  0.0000000E+00
         190  0.0000000E+00
         191  0.0000000E+00
         192  0.0000000E+00
         193  0.0000000E+00
         194  0.0000000E+00
         195  0.0000000E+00
         196  0.0000000E+00
         197  0.0000000E+00
         198  0.0000000E+00
         199  0.0000000E+00
         200  0.0000000E+00
         201  0.0000000E+00
         202  0.0000000E+00
         203  0.0000000E+00
         204  0.0000000E+00
         205  0.0000000E+00
         206  0.0000000E+00
         207  0.0000000E+00
         208  0.0000000E+00
         209  0.0000000E+00
         210  0.0000000E+00
         211  0.0000000E+00
         212  0.0000000E+00
         213  0.0000000E+00
         214  0.0000000E+00
         215  0.0000000E+00
         216  0.0000000E+00
         217  0.0000000E+00
         218  0.0000000E+00
         219  0.0000000E+00
         220  0.0000000E+00
         221  0.0000000E+00
         222  0.0000000E+00
         223  0.0000000E+00
         224  0.0000000E+00
         225  0.0000000E+00
         226  0.0000000E+00
         227  0.0000000E+00
         228  0.0000000E+00
         229  0.0000000E+00
         230  0.0000000E+00
         231  0.0000000E+00
         232  0.0000000E+00
         233  0.0000000E+00
         234  0.0000000E+00
         235  0.0000000E+00
         236  0.0000000E+00
         237  0.0000000E+00
         238  0.0000000E+00
         239  0.0000000E+00
         240  0.0000000E+00
         241  0.0000000E+00
         242  0.0000000E+00
         243  0.0000000E+00
         244  0.0000000E+00
         245  0.0000000E+00
         246  0.0000000E+00
         247  0.0000000E+00
         248  0.0000000E+00
         249  0.0000000E+00
         250   3.706716    
         251   7.413432    
         252   14.82686    
         253   17.47452    
         254   17.47452    
         255   18.53358    
         256   22.24030    
         257   22.24030    
         258   20.12217    
         259   24.35842    
         260   22.24030    
         261   19.59264    
         262   16.94499    
         263   26.47654    
         264   12.17921    
         265   24.35842    
         266   33.36045    
         267   31.77185    
         268   19.59264    
         269   22.24030    
         270   21.71077    
         271   18.00405    
         272   28.06514    
         273   22.24030    
         274   22.76983    
         275   23.82889    
         276   30.71279    
         277   20.12217    
         278   26.47654    
         279   23.29936    
         280   26.47654    
         281   22.24030    
         282   30.18326    
         283   26.47654    
         284   28.06514    
         285   24.35842    
         286   24.88795    
         287   22.24030    
         288   25.94701    
         289   38.65575    
         290   29.65373    
         291   28.06514    
         292   28.59467    
         293   32.30138    
         294   28.59467    
         295   30.71279    
         296   22.24030    
         297   29.12420    
         298   24.35842    
         299   27.00607    
         300   34.41951    
         301   28.59467    
         302   34.94904    
         303   33.36045    
         304   32.83091    
         305   31.77185    
         306   30.71279    
         307   31.24232    
         308   36.53763    
         309   29.12420    
         310   41.30341    
         311   33.88998    
         312   41.30341    
         313   40.77388    
         314   31.77185    
         315   38.65575    
         316   34.41951    
         317   33.88998    
         318   34.41951    
         319   30.18326    
         320   44.48059    
         321   49.77590    
         322   37.59669    
         323   37.06716    
         324   35.47857    
         325   36.53763    
         326   49.24637    
         327   55.07121    
         328   47.12825    
         329   56.13028    
         330   46.06919    
         331   39.71482    
         332   39.18529    
         333   54.54168    
         334   46.59872    
         335   53.48262    
         336   56.65981    
         337   56.13027    
         338   60.89605    
         339   49.24637    
         340   55.60074    
         341   59.83699    
         342   73.60479    
         343   59.83699    
         344   75.72292    
         345   77.84104    
         346   64.07323    
         347   84.19541    
         348   90.02025    
         349   83.66588    
         350   101.6699    
         351   98.49274    
         352   113.3196    
         353   104.3176    
         354   119.1444    
         355   117.0263    
         356   130.7941    
         357   138.2076    
         358   138.2076    
         359   151.4458    
         360   155.6821    
         361   172.6271    
         362   200.1627    
         363   189.0425    
         364   188.5130    
         365   200.6922    
         366   205.4580    
         367   216.5781    
         368   208.1056    
         369   228.7573    
         370   219.2258    
         371   237.2298    
         372   232.4641    
         373   219.2258    
         374   212.8714    
         375   238.8184    
         376   240.4070    
         377   220.8144    
         378   237.2298    
         379   234.5822    
         380   229.8164    
         381   235.6412    
         382   231.9345    
         383   239.3480    
         384   241.9956    
         385   226.1097    
         386   240.9366    
         387   249.9386    
         388   236.7003    
         389   263.7064    
         390   278.5332    
         391   267.4131    
         392   276.4151    
         393   292.8306    
         394   308.1870    
         395   319.8366    
         396   321.9548    
         397   333.6045    
         398   362.1991    
         399   323.5434    
         400   379.1441    
         401   374.9079    
         402   373.8488    
         403   404.5616    
         404   427.3314    
         405   401.3844    
         406   434.7448    
         407   473.9301    
         408   422.5656    
         409   422.0361    
         410   461.2214    
         411   461.7509    
         412   456.9851    
         413   444.2764    
         414   478.1664    
         415   458.5738    
         416   491.4047    
         417   479.7550    
         418   505.7020    
         419   517.8812    
         420   530.0604    
         421   529.5309    
         422   549.1235    
         423   542.7692    
         424   549.1235    
         425   575.0706    
         426   575.0706    
         427   607.3719    
         428   607.9014    
         429   629.0827    
         430   610.0196    
         431   630.1417    
         432   642.3210    
         433   621.1397    
         434   653.4411    
         435   660.8546    
         436   644.9686    
         437   631.7303    
         438   635.4371    
         439   670.3861    
         440   640.2028    
         441   651.8525    
         442   643.3800    
         443   625.9055    
         444   683.6244    
         445   655.0297    
         446   648.1458    
         447   652.9116    
         448   638.6143    
         449   672.5042    
         450   660.8546    
         451   660.3250    
         452   673.0338    
         453   673.0338    
         454   685.2130    
         455   669.8566    
         456   720.6915    
         457   687.8606    
         458   694.2150    
         459   707.4532    
         460   736.5775    
         461   749.8157    
         462   721.2211    
         463   737.6365    
         464   801.1802    
         465   791.6487    
         466   795.3554    
         467   787.9420    
         468   851.4857    
         469   842.4836    
         470   864.7239    
         471   898.0844    
         472   926.1495    
         473   856.7809    
         474   911.3226    
         475   854.1333    
         476   943.6240    
         477   922.4428    
         478   898.0844    
         479   939.9173    
         480   924.0314    
         481   905.4978    
         482   930.3857    
         483   913.4408    
         484   920.8542    
         485   933.0334    
         486   939.3878    
         487   907.0864    
         488   924.0314    
         489   991.8113    
         490   905.4978    
         491   980.1617    
         492   963.2167    
         493   911.3226    
         494   962.1576    
         495   958.4509    
         496   988.6342    
         497   1007.697    
         498   988.1046    
         499   1038.410    
         500   1023.054    
         501   1020.406    
         502   1009.815    
         503   1067.005    
         504   1025.701    
         505   1089.245    
         506   1087.127    
         507   1044.235    
         508   1051.648    
         509   1045.823    
         510   1068.064    
         511   1094.011    
         512   1065.416    
         513   1101.424    
         514   1085.538    
         515   1140.080    
         516   1129.489    
         517   1166.027    
         518   1155.966    
         519   1158.614    
         520   1202.035    
         521   1172.381    
         522   1184.031    
         523   1200.976    
         524   1190.915    
         525   1204.153    
         526   1207.860    
         527   1228.512    
         528   1241.750    
         529   1236.984    
         530   1226.394    
         531   1258.695    
         532   1216.862    
         533   1267.167    
         534   1259.754    
         535   1221.628    
         536   1218.451    
         537   1231.689    
         538   1224.805    
         539   1230.630    
         540   1225.334    
         541   1236.455    
         542   1209.448    
         543   1236.984    
         544   1180.324    
         545   1196.740    
         546   1186.149    
         547   1146.434    
         548   1168.145    
         549   1120.487    
         550   1166.557    
         551   1128.960    
         552   1148.023    
         553   1146.964    
         554   1208.919    
         555   1165.497    
         556   1214.744    
         557   1229.041    
         558   1204.683    
         559   1233.807    
         560   1223.216    
         561   1273.522    
         562   1269.815    
         563   1275.640    
         564   1275.110    
         565   1265.579    
         566   1318.532    
         567   1266.108    
         568   1291.526    
         569   1328.063    
         570   1312.707    
         571   1348.715    
         572   1360.365    
         573   1375.192    
         574   1375.721    
         575   1394.255    
         576   1406.434    
         577   1369.896    
         578   1386.312    
         579   1387.371    
         580   1322.239    
         581   1383.664    
         582   1341.302    
         583   1375.192    
         584   1349.245    
         585   1351.363    
         586   1365.660    
         587   1363.012    
         588   1400.080    
         589   1382.076    
         590   1406.964    
         591   1345.538    
         592   1379.428    
         593   1387.371    
         594   1355.599    
         595   1406.964    
         596   1399.021    
         597   1413.847    
         598   1437.676    
         599   1401.139    
         600   1455.151    
         601   1428.145    
         602   1449.326    
         603   1473.155    
         604   1461.505    
         605   1523.460    
         606   1513.399    
         607   1574.825    
         608   1581.709    
         609   1606.597    
         610   1692.910    
         611   1736.332    
         612   1784.519    
         613   1852.829    
         614   1974.091    
         615   2096.942    
         616   2239.916    
         617   2419.956    
         618   2609.528    
         619   2867.410    
         620   3209.487    
         621   3607.694    
         622   4298.731    
         623   4866.389    
         624   5019.423    
         625   4652.988    
         626   3874.577    
         627   3432.949    
         628   3002.440    
         629   2568.225    
         630   2222.441    
         631   2027.574    
         632   1932.258    
         633   1764.397    
         634   1630.955    
         635   1550.466    
         636   1452.503    
         637   1434.499    
         638   1378.369    
         639   1364.601    
         640   1236.984    
         641   1234.866    
         642   1144.846    
         643   1141.139    
         644   1059.062    
         645   1050.060    
         646   1005.579    
         647   974.8663    
         648   971.1596    
         649   933.5629    
         650   900.7321    
         651   903.9092    
         652   859.4286    
         653   881.1394    
         654   873.1964    
         655   835.0702    
         656   814.4185    
         657   837.7178    
         658   796.4144    
         659   789.5305    
         660   764.1130    
         661   756.1701    
         662   749.2862    
         663   732.8707    
         664   699.5103    
         665   731.2822    
         666   691.0378    
         667   688.3901    
         668   667.2089    
         669   670.9156    
         670   643.3800    
         671   646.0276    
         672   619.0216    
         673   610.0196    
         674   611.6082    
         675   579.3068    
         676   580.3658    
         677   559.7141    
         678   544.8873    
         679   529.0013    
         680   516.2926    
         681   501.4658    
         682   491.4047    
         683   462.8100    
         684   478.6959    
         685   455.9261    
         686   444.8059    
         687   424.6838    
         688   414.0931    
         689   426.2724    
         690   420.4475    
         691   403.5025    
         692   405.6207    
         693   379.1441    
         694   410.3864    
         695   381.2622    
         696   398.7368    
         697   369.0830    
         698   366.4354    
         699   377.5555    
         700   345.7837    
         701   370.1421    
         702   356.9038    
         703   351.6085    
         704   359.5515    
         705   338.3702    
         706   349.4904    
         707   320.3662    
         708   335.7226    
         709   322.4843    
         710   324.6024    
         711   315.6004    
         712   302.8917    
         713   314.5414    
         714   301.8326    
         715   309.2460    
         716   309.2460    
         717   307.1279    
         718   307.1279    
         719   300.7735    
         720   296.5373    
         721   281.7104    
         722   307.1279    
         723   287.0057    
         724   280.6514    
         725   284.3581    
         726   290.7125    
         727   278.5332    
         728   282.7695    
         729   273.2379    
         730   274.8265    
         731   276.4151    
         732   270.0608    
         733   275.8856    
         734   276.4151    
         735   270.5903    
         736   267.4131    
         737   263.1768    
         738   259.9997    
         739   280.1218    
         740   249.4090    
         741   273.2379    
         742   250.4681    
         743   267.9426    
         744   247.8204    
         745   263.1768    
         746   252.0567    
         747   247.2909    
         748   271.6494    
         749   240.4070    
         750   239.3480    
         751   252.0567    
         752   266.8836    
         753   239.8775    
         754   245.1728    
         755   250.9976    
         756   242.5251    
         757   254.7043    
         758   231.4050    
         759   252.0567    
         760   238.8184    
         761   237.7594    
         762   235.1117    
         763   239.3480    
         764   237.7594    
         765   241.4661    
         766   231.4050    
         767   223.9916    
         768   246.2319    
         769   214.9895    
         770   234.0526    
         771   231.4050    
         772   235.6413    
         773   227.6983    
         774   238.8184    
         775   222.4030    
         776   225.5802    
         777   230.3459    
         778   227.1687    
         779   234.5822    
         780   224.5211    
         781   237.2298    
         782   233.5231    
         783   222.9325    
         784   245.7023    
         785   227.1687    
         786   227.6983    
         787   226.6392    
         788   226.6392    
         789   241.4661    
         790   222.9325    
         791   238.2889    
         792   217.1077    
         793   230.8755    
         794   233.5231    
         795   227.6983    
         796   220.2849    
         797   224.5211    
         798   214.4600    
         799   225.0506    
         800   201.2217    
         801   212.3419    
         802   221.3439    
         803   208.6352    
         804   204.9285    
         805   211.2828    
         806   208.6352    
         807   205.4580    
         808   208.1056    
         809   194.3378    
         810   199.6331    
         811   195.9264    
         812   195.9264    
         813   194.8674    
         814   182.6882    
         815   186.9244    
         816   196.9855    
         817   181.0996    
         818   181.0996    
         819   171.5680    
         820   183.7472    
         821   171.0385    
         822   164.1546    
         823   168.3908    
         824   182.6882    
         825   164.1546    
         826   157.8002    
         827   165.7432    
         828   163.6250    
         829   151.4458    
         830   153.0344    
         831   146.1505    
         832   160.4479    
         833   136.0894    
         834   139.7962    
         835   161.5069    
         836   133.4418    
         837   142.4438    
         838   136.6190    
         839   134.5008    
         840   124.4398    
         841   129.7351    
         842   135.0304    
         843   122.8512    
         844   118.0854    
         845   129.2055    
         846   110.1424    
         847   86.84306    
         848   83.13635    
         849   75.72292    
         850   83.13635    
         851   76.25245    
         852   74.66386    
         853   79.42963    
         854   76.78197    
         855   70.42760    
         856   81.54776    
         857   67.77995    
         858   70.95714    
         859   74.13432    
         860   74.66386    
         861   67.77995    
         862   67.25042    
         863   73.07526    
         864   64.60277    
         865   69.36855    
         866   69.89808    
         867   68.30949    
         868   63.01418    
         869   69.89808    
         870   65.13230    
         871   62.48465    
         872   67.77995    
         873   61.95511    
         874   58.24840    
         875   67.25042    
         876   64.60277    
         877   58.77793    
         878   58.77793    
         879   64.60277    
         880   60.36652    
         881   56.65981    
         882   59.83699    
         883   58.24840    
         884   50.83496    
         885   67.77995    
         886   57.18933    
         887   51.89403    
         888   52.95309    
         889   58.24840    
         890   58.77793    
         891   55.60074    
         892   54.54168    
         893   62.48465    
         894   56.65981    
         895   52.95309    
         896   50.30544    
         897   54.54168    
         898   56.65981    
         899   51.89403    
         900   58.77793    
         901   50.83496    
         902   59.30746    
         903   57.18933    
         904   56.65981    
         905   61.42558    
         906   62.48465    
         907   108.0243    
         908   64.07323    
         909  0.0000000E+00
         910  0.0000000E+00
         911  0.0000000E+00
         912  0.0000000E+00
         913  0.0000000E+00
         914  0.0000000E+00
         915  0.0000000E+00
         916  0.0000000E+00
         917  0.0000000E+00
         918  0.0000000E+00
         919  0.0000000E+00
         920  0.0000000E+00
         921  0.0000000E+00
         922  0.0000000E+00
         923  0.0000000E+00
         924  0.0000000E+00
         925  0.0000000E+00
         926  0.0000000E+00
         927  0.0000000E+00
         928  0.0000000E+00
         929  0.0000000E+00
         930  0.0000000E+00
         931  0.0000000E+00
         932  0.0000000E+00
         933  0.0000000E+00
         934  0.0000000E+00
         935  0.0000000E+00
         936  0.0000000E+00
         937  0.0000000E+00
         938  0.0000000E+00
         939  0.0000000E+00
         940  0.0000000E+00
         941  0.0000000E+00
         942  0.0000000E+00
         943  0.0000000E+00
         944  0.0000000E+00
         945  0.0000000E+00
         946  0.0000000E+00
         947  0.0000000E+00
         948  0.0000000E+00
         949  0.0000000E+00
         950  0.0000000E+00
         951  0.0000000E+00
         952  0.0000000E+00
         953  0.0000000E+00
         954  0.0000000E+00
         955  0.0000000E+00
         956  0.0000000E+00
         957  0.0000000E+00
         958  0.0000000E+00
         959  0.0000000E+00
         960  0.0000000E+00
         961  0.0000000E+00
         962  0.0000000E+00
         963  0.0000000E+00
         964  0.0000000E+00
         965  0.0000000E+00
         966  0.0000000E+00
         967  0.0000000E+00
         968  0.0000000E+00
         969  0.0000000E+00
         970  0.0000000E+00
         971  0.0000000E+00
         972  0.0000000E+00
         973  0.0000000E+00
         974  0.0000000E+00
         975  0.0000000E+00
         976  0.0000000E+00
         977  0.0000000E+00
         978  0.0000000E+00
         979  0.0000000E+00
         980  0.0000000E+00
         981  0.0000000E+00
         982  0.0000000E+00
         983  0.0000000E+00
         984  0.0000000E+00
         985  0.0000000E+00
         986  0.0000000E+00
         987  0.0000000E+00
         988  0.0000000E+00
         989  0.0000000E+00
         990  0.0000000E+00
         991  0.0000000E+00
         992  0.0000000E+00
         993  0.0000000E+00
         994  0.0000000E+00
         995  0.0000000E+00
         996  0.0000000E+00
         997  0.0000000E+00
         998  0.0000000E+00
         999  0.0000000E+00
        1000  0.0000000E+00
        1001  0.0000000E+00
        1002  0.0000000E+00
        1003  0.0000000E+00
        1004  0.0000000E+00
        1005  0.0000000E+00
        1006  0.0000000E+00
        1007  0.0000000E+00
        1008  0.0000000E+00
        1009  0.0000000E+00
        1010  0.0000000E+00
        1011  0.0000000E+00
        1012  0.0000000E+00
        1013  0.0000000E+00
        1014  0.0000000E+00
        1015  0.0000000E+00
        1016  0.0000000E+00
        1017  0.0000000E+00
        1018  0.0000000E+00
        1019  0.0000000E+00
        1020  0.0000000E+00
        1021  0.0000000E+00
        1022  0.0000000E+00
        1023  0.0000000E+00
        1024  0.0000000E+00
