 #   Y    A
           1  0.0000000E+00
           2  0.0000000E+00
           3  0.0000000E+00
           4  0.0000000E+00
           5  0.0000000E+00
           6  0.0000000E+00
           7  0.0000000E+00
           8  0.0000000E+00
           9  0.0000000E+00
          10  0.0000000E+00
          11  0.0000000E+00
          12  0.0000000E+00
          13  0.0000000E+00
          14  0.0000000E+00
          15  0.0000000E+00
          16  0.0000000E+00
          17  0.0000000E+00
          18  0.0000000E+00
          19  0.0000000E+00
          20  0.0000000E+00
          21  0.0000000E+00
          22  0.0000000E+00
          23  0.0000000E+00
          24  0.0000000E+00
          25  0.0000000E+00
          26  0.0000000E+00
          27  0.0000000E+00
          28  0.0000000E+00
          29  0.0000000E+00
          30  0.0000000E+00
          31  0.0000000E+00
          32  0.0000000E+00
          33  0.0000000E+00
          34  0.0000000E+00
          35  0.0000000E+00
          36  0.0000000E+00
          37  0.0000000E+00
          38  0.0000000E+00
          39  0.0000000E+00
          40  0.0000000E+00
          41  0.0000000E+00
          42  0.0000000E+00
          43  0.0000000E+00
          44  0.0000000E+00
          45  0.0000000E+00
          46  0.0000000E+00
          47  0.0000000E+00
          48  0.0000000E+00
          49  0.0000000E+00
          50  0.0000000E+00
          51  0.0000000E+00
          52  0.0000000E+00
          53  0.0000000E+00
          54  0.0000000E+00
          55  0.0000000E+00
          56  0.0000000E+00
          57  0.0000000E+00
          58  0.0000000E+00
          59  0.0000000E+00
          60  0.0000000E+00
          61  0.0000000E+00
          62  0.0000000E+00
          63  0.0000000E+00
          64  0.0000000E+00
          65  0.0000000E+00
          66  0.0000000E+00
          67  0.0000000E+00
          68  0.0000000E+00
          69  0.0000000E+00
          70  0.0000000E+00
          71  0.0000000E+00
          72  0.0000000E+00
          73  0.0000000E+00
          74  0.0000000E+00
          75  0.0000000E+00
          76  0.0000000E+00
          77  0.0000000E+00
          78  0.0000000E+00
          79  0.0000000E+00
          80  0.0000000E+00
          81  0.0000000E+00
          82  0.0000000E+00
          83  0.0000000E+00
          84  0.0000000E+00
          85  0.0000000E+00
          86  0.0000000E+00
          87  0.0000000E+00
          88  0.0000000E+00
          89  0.0000000E+00
          90  0.0000000E+00
          91  0.0000000E+00
          92  0.0000000E+00
          93  0.0000000E+00
          94  0.0000000E+00
          95  0.0000000E+00
          96  0.0000000E+00
          97  0.0000000E+00
          98  0.0000000E+00
          99  0.0000000E+00
         100  0.0000000E+00
         101  0.0000000E+00
         102  0.0000000E+00
         103  0.0000000E+00
         104  0.0000000E+00
         105  0.0000000E+00
         106  0.0000000E+00
         107  0.0000000E+00
         108  0.0000000E+00
         109  0.0000000E+00
         110  0.0000000E+00
         111  0.0000000E+00
         112  0.0000000E+00
         113  0.0000000E+00
         114  0.0000000E+00
         115  0.0000000E+00
         116  0.0000000E+00
         117  0.0000000E+00
         118  0.0000000E+00
         119  0.0000000E+00
         120  0.0000000E+00
         121  0.0000000E+00
         122  0.0000000E+00
         123  0.0000000E+00
         124  0.0000000E+00
         125  0.0000000E+00
         126  0.0000000E+00
         127  0.0000000E+00
         128  0.0000000E+00
         129  0.0000000E+00
         130  0.0000000E+00
         131  0.0000000E+00
         132  0.0000000E+00
         133  0.0000000E+00
         134  0.0000000E+00
         135  0.0000000E+00
         136  0.0000000E+00
         137  0.0000000E+00
         138  0.0000000E+00
         139  0.0000000E+00
         140  0.0000000E+00
         141  0.0000000E+00
         142  0.0000000E+00
         143  0.0000000E+00
         144  0.0000000E+00
         145  0.0000000E+00
         146  0.0000000E+00
         147  0.0000000E+00
         148  0.0000000E+00
         149  0.0000000E+00
         150  0.0000000E+00
         151  0.0000000E+00
         152  0.0000000E+00
         153  0.0000000E+00
         154  0.0000000E+00
         155  0.0000000E+00
         156  0.0000000E+00
         157  0.0000000E+00
         158  0.0000000E+00
         159  0.0000000E+00
         160  0.0000000E+00
         161  0.0000000E+00
         162  0.0000000E+00
         163  0.0000000E+00
         164  0.0000000E+00
         165  0.0000000E+00
         166  0.0000000E+00
         167  0.0000000E+00
         168  0.0000000E+00
         169  0.0000000E+00
         170  0.0000000E+00
         171  0.0000000E+00
         172  0.0000000E+00
         173  0.0000000E+00
         174  0.0000000E+00
         175  0.0000000E+00
         176  0.0000000E+00
         177  0.0000000E+00
         178  0.0000000E+00
         179  0.0000000E+00
         180  0.0000000E+00
         181  0.0000000E+00
         182  0.0000000E+00
         183  0.0000000E+00
         184  0.0000000E+00
         185  0.0000000E+00
         186  0.0000000E+00
         187  0.0000000E+00
         188  0.0000000E+00
         189  0.0000000E+00
         190  0.0000000E+00
         191  0.0000000E+00
         192  0.0000000E+00
         193  0.0000000E+00
         194  0.0000000E+00
         195  0.0000000E+00
         196  0.0000000E+00
         197  0.0000000E+00
         198  0.0000000E+00
         199  0.0000000E+00
         200  0.0000000E+00
         201  0.0000000E+00
         202  0.0000000E+00
         203  0.0000000E+00
         204  0.0000000E+00
         205  0.0000000E+00
         206  0.0000000E+00
         207  0.0000000E+00
         208  0.0000000E+00
         209  0.0000000E+00
         210  0.0000000E+00
         211  0.0000000E+00
         212  0.0000000E+00
         213  0.0000000E+00
         214  0.0000000E+00
         215  0.0000000E+00
         216  0.0000000E+00
         217  0.0000000E+00
         218  0.0000000E+00
         219  0.0000000E+00
         220  0.0000000E+00
         221  0.0000000E+00
         222  0.0000000E+00
         223  0.0000000E+00
         224  0.0000000E+00
         225  0.0000000E+00
         226  0.0000000E+00
         227  0.0000000E+00
         228  0.0000000E+00
         229  0.0000000E+00
         230  0.0000000E+00
         231  0.0000000E+00
         232  0.0000000E+00
         233  0.0000000E+00
         234  0.0000000E+00
         235  0.0000000E+00
         236  0.0000000E+00
         237  0.0000000E+00
         238  0.0000000E+00
         239  0.0000000E+00
         240  0.0000000E+00
         241  0.0000000E+00
         242  0.0000000E+00
         243  0.0000000E+00
         244  0.0000000E+00
         245  0.0000000E+00
         246  0.0000000E+00
         247  0.0000000E+00
         248  0.0000000E+00
         249  0.0000000E+00
         250  0.0000000E+00
         251  0.0000000E+00
         252  0.0000000E+00
         253  0.0000000E+00
         254  0.0000000E+00
         255  0.0000000E+00
         256  0.0000000E+00
         257  0.0000000E+00
         258  0.0000000E+00
         259  0.0000000E+00
         260  0.0000000E+00
         261  0.0000000E+00
         262  0.0000000E+00
         263  0.0000000E+00
         264  0.0000000E+00
         265  0.0000000E+00
         266  0.0000000E+00
         267  0.0000000E+00
         268  0.0000000E+00
         269  0.0000000E+00
         270  0.0000000E+00
         271  0.0000000E+00
         272  0.0000000E+00
         273  0.0000000E+00
         274  0.0000000E+00
         275  0.0000000E+00
         276  0.0000000E+00
         277  0.0000000E+00
         278  0.0000000E+00
         279  0.0000000E+00
         280  0.0000000E+00
         281  0.0000000E+00
         282  0.0000000E+00
         283  0.0000000E+00
         284   2.118124    
         285   7.942963    
         286   13.23827    
         287   19.06311    
         288   20.65170    
         289   21.18124    
         290   23.82889    
         291   25.41748    
         292   24.35842    
         293   21.71077    
         294   27.00607    
         295   16.41546    
         296   30.18326    
         297   14.82686    
         298   31.24232    
         299   34.94904    
         300   24.35842    
         301   24.88795    
         302   26.47654    
         303   19.06311    
         304   32.30138    
         305   24.88795    
         306   22.24030    
         307   30.71279    
         308   29.12420    
         309   23.82889    
         310   25.94701    
         311   26.47654    
         312   28.06514    
         313   33.88998    
         314   28.06514    
         315   34.41951    
         316   23.29936    
         317   28.59467    
         318   26.47654    
         319   39.18528    
         320   36.00810    
         321   29.12420    
         322   30.71279    
         323   34.41951    
         324   29.65373    
         325   27.00607    
         326   28.59467    
         327   29.65373    
         328   29.12420    
         329   34.94904    
         330   28.59467    
         331   40.24435    
         332   39.18528    
         333   28.59467    
         334   37.06716    
         335   29.65373    
         336   31.24232    
         337   34.41951    
         338   41.30341    
         339   34.94904    
         340   42.36247    
         341   43.95107    
         342   30.71279    
         343   45.01012    
         344   37.06716    
         345   30.18326    
         346   38.65575    
         347   33.88998    
         348   50.83496    
         349   43.95107    
         350   41.30341    
         351   37.06716    
         352   34.41951    
         353   46.06919    
         354   60.89605    
         355   40.77388    
         356   57.71886    
         357   49.24637    
         358   43.42153    
         359   46.06919    
         360   55.60074    
         361   44.48059    
         362   51.89403    
         363   44.48059    
         364   62.48465    
         365   61.95511    
         366   48.18731    
         367   58.24840    
         368   49.77590    
         369   67.25042    
         370   67.25042    
         371   50.83496    
         372   88.43166    
         373   63.01418    
         374   68.83901    
         375   73.60479    
         376   81.54775    
         377   81.01823    
         378   78.90010    
         379   85.25447    
         380   110.6720    
         381   90.54978    
         382   97.96321    
         383   94.25650    
         384   106.9652    
         385   122.8512    
         386   120.7330    
         387   129.2055    
         388   132.9122    
         389   144.5619    
         390   149.8572    
         391   185.3358    
         392   182.6882    
         393   173.6861    
         394   199.6331    
         395   209.1647    
         396   215.5191    
         397   218.1667    
         398   248.8795    
         399   253.6453    
         400   281.7104    
         401   276.9446    
         402   262.1178    
         403   281.1809    
         404   301.3031    
         405   288.5943    
         406   312.4232    
         407   292.8306    
         408   297.0668    
         409   308.7165    
         410   307.1279    
         411   299.1849    
         412   303.4212    
         413   307.1279    
         414   303.4212    
         415   301.8326    
         416   310.8346    
         417   293.8896    
         418   326.7206    
         419   330.4273    
         420   350.5494    
         421   357.9629    
         422   331.4863    
         423   378.6146    
         424   400.8549    
         425   390.7938    
         426   423.6247    
         427   435.8039    
         428   462.2805    
         429   523.1765    
         430   530.5900    
         431   542.2396    
         432   616.3740    
         433   583.0135    
         434   568.7162    
         435   600.4880    
         436   624.3169    
         437   625.9055    
         438   658.2069    
         439   646.5572    
         440   697.9217    
         441   676.7405    
         442   698.9808    
         443   731.2822    
         444   794.8259    
         445   787.4124    
         446   832.4225    
         447   865.7830    
         448   850.4266    
         449   882.1984    
         450   895.4367    
         451   908.1454    
         452   952.0966    
         453   939.9173    
         454   890.6710    
         455   954.7441    
         456   945.2126    
         457   923.5018    
         458   943.6240    
         459   936.2106    
         460   887.4938    
         461   922.4428    
         462   940.4468    
         463   902.3206    
         464   888.5528    
         465   894.3777    
         466   908.1454    
         467   922.9724    
         468   857.3105    
         469   973.8073    
         470   922.4428    
         471   933.5629    
         472   937.2697    
         473   932.5039    
         474   976.4550    
         475   958.9804    
         476   1006.638    
         477   983.8683    
         478   1020.936    
         479   1014.052    
         480   1036.822    
         481   1039.999    
         482   1101.424    
         483   1044.764    
         484   1094.540    
         485   1058.532    
         486   1108.308    
         487   1079.184    
         488   1108.308    
         489   1072.300    
         490   1122.605    
         491   1081.302    
         492   1119.428    
         493   1124.194    
         494   1083.950    
         495   1127.901    
         496   1115.722    
         497   1127.371    
         498   1153.848    
         499   1121.546    
         500   1132.667    
         501   1141.669    
         502   1159.143    
         503   1153.318    
         504   1173.970    
         505   1173.970    
         506   1168.675    
         507   1178.736    
         508   1164.438    
         509   1204.153    
         510   1193.563    
         511   1210.508    
         512   1192.504    
         513   1193.563    
         514   1198.328    
         515   1212.096    
         516   1236.984    
         517   1231.689    
         518   1229.041    
         519   1202.565    
         520   1244.398    
         521   1241.750    
         522   1257.106    
         523   1234.866    
         524   1262.402    
         525   1258.165    
         526   1290.467    
         527   1284.112    
         528   1315.355    
         529   1298.410    
         530   1348.186    
         531   1366.190    
         532   1370.955    
         533   1391.078    
         534   1405.905    
         535   1427.615    
         536   1410.670    
         537   1390.019    
         538   1436.617    
         539   1487.982    
         540   1465.212    
         541   1473.155    
         542   1442.972    
         543   1412.788    
         544   1475.273    
         545   1456.210    
         546   1402.727    
         547   1414.906    
         548   1428.674    
         549   1431.852    
         550   1419.672    
         551   1438.735    
         552   1441.913    
         553   1486.393    
         554   1419.143    
         555   1500.691    
         556   1519.754    
         557   1501.750    
         558   1539.876    
         559   1564.764    
         560   1583.827    
         561   1616.658    
         562   1659.550    
         563   1710.385    
         564   1731.036    
         565   1774.458    
         566   1817.350    
         567   1913.725    
         568   1950.792    
         569   2004.274    
         570   2123.948    
         571   2174.783    
         572   2261.097    
         573   2327.288    
         574   2562.400    
         575   2669.895    
         576   2847.288    
         577   3054.864    
         578   3447.246    
         579   3823.213    
         580   4621.216    
         581   5507.121    
         582   6232.049    
         583   6429.035    
         584   5841.785    
         585   4983.945    
         586   4075.799    
         587   3314.863    
         588   3096.167    
         589   2610.587    
         590   2399.304    
         591   2258.979    
         592   2133.480    
         593   1944.967    
         594   1903.134    
         595   1875.598    
         596   1719.916    
         597   1707.208    
         598   1596.006    
         599   1602.890    
         600   1530.874    
         601   1488.511    
         602   1389.489    
         603   1418.613    
         604   1365.131    
         605   1304.235    
         606   1275.640    
         607   1221.628    
         608   1217.391    
         609   1141.139    
         610   1162.320    
         611   1124.724    
         612   1140.080    
         613   1132.667    
         614   1045.294    
         615   1035.762    
         616   1025.172    
         617   994.9885    
         618   970.1006    
         619   971.6891    
         620   958.4509    
         621   908.6750    
         622   909.7341    
         623   885.9052    
         624   861.0172    
         625   856.7809    
         626   858.8991    
         627   858.8991    
         628   804.3574    
         629   840.8950    
         630   829.7749    
         631   783.1761    
         632   804.3574    
         633   789.5306    
         634   759.3473    
         635   799.0621    
         636   818.1252    
         637   732.8707    
         638   736.0479    
         639   747.6976    
         640   733.9298    
         641   715.3962    
         642   719.6324    
         643   696.8627    
         644   707.4532    
         645   668.2679    
         646   692.6264    
         647   662.4431    
         648   671.4451    
         649   641.2619    
         650   630.6713    
         651   661.3841    
         652   624.8464    
         653   630.1417    
         654   644.4391    
         655   604.7242    
         656   617.9625    
         657   595.7222    
         658   587.2498    
         659   564.4799    
         660   584.6021    
         661   552.8303    
         662   562.8914    
         663   568.1866    
         664   542.2396    
         665   532.7081    
         666   510.4678    
         667   545.9464    
         668   510.9973    
         669   503.5839    
         670   514.1745    
         671   514.7040    
         672   513.1154    
         673   476.5778    
         674   503.0544    
         675   491.4047    
         676   490.8751    
         677   486.1093    
         678   488.2275    
         679   473.4006    
         680   474.9892    
         681   461.2214    
         682   459.1033    
         683   464.9281    
         684   443.7469    
         685   449.0422    
         686   467.0462    
         687   441.0992    
         688   438.9811    
         689   442.1583    
         690   446.9241    
         691   442.6878    
         692   416.2113    
         693   457.5147    
         694   426.2724    
         695   434.2153    
         696   438.9811    
         697   435.8039    
         698   433.6858    
         699   438.4516    
         700   440.0402    
         701   427.3314    
         702   435.2744    
         703   426.2724    
         704   418.3294    
         705   425.7428    
         706   422.0361    
         707   427.8610    
         708   406.6797    
         709   405.6207    
         710   420.9771    
         711   398.7368    
         712   389.7347    
         713   381.7918    
         714   420.9771    
         715   372.7897    
         716   390.7938    
         717   387.6166    
         718   370.6716    
         719   386.0280    
         720   357.9629    
         721   364.3173    
         722   355.8448    
         723   337.8407    
         724   349.4904    
         725   329.3682    
         726   340.4884    
         727   307.6574    
         728   334.1340    
         729   287.0057    
         730   306.5984    
         731   283.8286    
         732   293.3601    
         733   278.5332    
         734   257.3520    
         735   275.8856    
         736   257.3520    
         737   249.4090    
         738   269.5312    
         739   243.5842    
         740   235.6412    
         741   253.1158    
         742   225.5802    
         743   225.0506    
         744   249.9386    
         745   215.5191    
         746   219.7553    
         747   224.5211    
         748   210.2238    
         749   205.4580    
         750   207.0466    
         751   183.7472    
         752   161.5069    
         753   164.6841    
         754   163.6250    
         755   146.6801    
         756   167.3318    
         757   138.7371    
         758   155.1526    
         759   147.7391    
         760   141.3848    
         761   145.0915    
         762   131.8532    
         763   151.9754    
         764   131.8532    
         765   142.9733    
         766   134.5008    
         767   129.7351    
         768   131.8532    
         769   126.0284    
         770   133.9713    
         771   129.7351    
         772   121.7921    
         773   132.3827    
         774   124.4398    
         775   122.3216    
         776   122.3216    
         777   112.7901    
         778   121.7921    
         779   120.2035    
         780   106.4357    
         781   114.9082    
         782   120.7330    
         783   114.9082    
         784   91.60884    
         785   124.9693    
         786   106.9652    
         787   115.4377    
         788   101.1404    
         789   101.6699    
         790   111.2015    
         791   102.7290    
         792   106.9652    
         793   110.6720    
         794   91.07932    
         795   96.37462    
         796   102.1995    
         797   106.4357    
         798   94.78603    
         799   97.43369    
         800   106.4357    
         801   91.60884    
         802   93.72697    
         803   90.02025    
         804   96.37462    
         805   92.66791    
         806   83.13635    
         807   96.90415    
         808   86.84306    
         809   86.31354    
         810   91.07932    
         811   82.60682    
         812   91.60884    
         813   83.66588    
         814   83.13635    
         815   79.42963    
         816   74.66386    
         817   86.31354    
         818   78.37057    
         819   80.48869    
         820   81.01823    
         821   77.84104    
         822   77.84104    
         823   75.19338    
         824   76.78197    
         825   77.31151    
         826   68.83901    
         827   71.48667    
         828   69.89808    
         829   75.72292    
         830   67.25042    
         831   74.13432    
         832   78.90010    
         833   63.01418    
         834   72.01620    
         835   70.95714    
         836   71.48667    
         837   68.30949    
         838   72.01620    
         839   75.19338    
         840   76.78198    
         841   75.72292    
         842   135.0304    
         843   41.30341    
         844  0.0000000E+00
         845  0.0000000E+00
         846  0.0000000E+00
         847  0.0000000E+00
         848  0.0000000E+00
         849  0.0000000E+00
         850  0.0000000E+00
         851  0.0000000E+00
         852  0.0000000E+00
         853  0.0000000E+00
         854  0.0000000E+00
         855  0.0000000E+00
         856  0.0000000E+00
         857  0.0000000E+00
         858  0.0000000E+00
         859  0.0000000E+00
         860  0.0000000E+00
         861  0.0000000E+00
         862  0.0000000E+00
         863  0.0000000E+00
         864  0.0000000E+00
         865  0.0000000E+00
         866  0.0000000E+00
         867  0.0000000E+00
         868  0.0000000E+00
         869  0.0000000E+00
         870  0.0000000E+00
         871  0.0000000E+00
         872  0.0000000E+00
         873  0.0000000E+00
         874  0.0000000E+00
         875  0.0000000E+00
         876  0.0000000E+00
         877  0.0000000E+00
         878  0.0000000E+00
         879  0.0000000E+00
         880  0.0000000E+00
         881  0.0000000E+00
         882  0.0000000E+00
         883  0.0000000E+00
         884  0.0000000E+00
         885  0.0000000E+00
         886  0.0000000E+00
         887  0.0000000E+00
         888  0.0000000E+00
         889  0.0000000E+00
         890  0.0000000E+00
         891  0.0000000E+00
         892  0.0000000E+00
         893  0.0000000E+00
         894  0.0000000E+00
         895  0.0000000E+00
         896  0.0000000E+00
         897  0.0000000E+00
         898  0.0000000E+00
         899  0.0000000E+00
         900  0.0000000E+00
         901  0.0000000E+00
         902  0.0000000E+00
         903  0.0000000E+00
         904  0.0000000E+00
         905  0.0000000E+00
         906  0.0000000E+00
         907  0.0000000E+00
         908  0.0000000E+00
         909  0.0000000E+00
         910  0.0000000E+00
         911  0.0000000E+00
         912  0.0000000E+00
         913  0.0000000E+00
         914  0.0000000E+00
         915  0.0000000E+00
         916  0.0000000E+00
         917  0.0000000E+00
         918  0.0000000E+00
         919  0.0000000E+00
         920  0.0000000E+00
         921  0.0000000E+00
         922  0.0000000E+00
         923  0.0000000E+00
         924  0.0000000E+00
         925  0.0000000E+00
         926  0.0000000E+00
         927  0.0000000E+00
         928  0.0000000E+00
         929  0.0000000E+00
         930  0.0000000E+00
         931  0.0000000E+00
         932  0.0000000E+00
         933  0.0000000E+00
         934  0.0000000E+00
         935  0.0000000E+00
         936  0.0000000E+00
         937  0.0000000E+00
         938  0.0000000E+00
         939  0.0000000E+00
         940  0.0000000E+00
         941  0.0000000E+00
         942  0.0000000E+00
         943  0.0000000E+00
         944  0.0000000E+00
         945  0.0000000E+00
         946  0.0000000E+00
         947  0.0000000E+00
         948  0.0000000E+00
         949  0.0000000E+00
         950  0.0000000E+00
         951  0.0000000E+00
         952  0.0000000E+00
         953  0.0000000E+00
         954  0.0000000E+00
         955  0.0000000E+00
         956  0.0000000E+00
         957  0.0000000E+00
         958  0.0000000E+00
         959  0.0000000E+00
         960  0.0000000E+00
         961  0.0000000E+00
         962  0.0000000E+00
         963  0.0000000E+00
         964  0.0000000E+00
         965  0.0000000E+00
         966  0.0000000E+00
         967  0.0000000E+00
         968  0.0000000E+00
         969  0.0000000E+00
         970  0.0000000E+00
         971  0.0000000E+00
         972  0.0000000E+00
         973  0.0000000E+00
         974  0.0000000E+00
         975  0.0000000E+00
         976  0.0000000E+00
         977  0.0000000E+00
         978  0.0000000E+00
         979  0.0000000E+00
         980  0.0000000E+00
         981  0.0000000E+00
         982  0.0000000E+00
         983  0.0000000E+00
         984  0.0000000E+00
         985  0.0000000E+00
         986  0.0000000E+00
         987  0.0000000E+00
         988  0.0000000E+00
         989  0.0000000E+00
         990  0.0000000E+00
         991  0.0000000E+00
         992  0.0000000E+00
         993  0.0000000E+00
         994  0.0000000E+00
         995  0.0000000E+00
         996  0.0000000E+00
         997  0.0000000E+00
         998  0.0000000E+00
         999  0.0000000E+00
        1000  0.0000000E+00
        1001  0.0000000E+00
        1002  0.0000000E+00
        1003  0.0000000E+00
        1004  0.0000000E+00
        1005  0.0000000E+00
        1006  0.0000000E+00
        1007  0.0000000E+00
        1008  0.0000000E+00
        1009  0.0000000E+00
        1010  0.0000000E+00
        1011  0.0000000E+00
        1012  0.0000000E+00
        1013  0.0000000E+00
        1014  0.0000000E+00
        1015  0.0000000E+00
        1016  0.0000000E+00
        1017  0.0000000E+00
        1018  0.0000000E+00
        1019  0.0000000E+00
        1020  0.0000000E+00
        1021  0.0000000E+00
        1022  0.0000000E+00
        1023  0.0000000E+00
        1024  0.0000000E+00
