 #   Y    A
           1   11432.57    
           2  0.0000000E+00
           3  0.0000000E+00
           4  0.0000000E+00
           5  0.0000000E+00
           6  0.0000000E+00
           7  0.0000000E+00
           8  0.0000000E+00
           9  0.0000000E+00
          10  0.0000000E+00
          11  0.0000000E+00
          12  0.0000000E+00
          13  0.0000000E+00
          14  0.0000000E+00
          15  0.0000000E+00
          16  0.0000000E+00
          17  0.0000000E+00
          18  0.0000000E+00
          19  0.0000000E+00
          20  0.0000000E+00
          21  0.0000000E+00
          22  0.0000000E+00
          23  0.0000000E+00
          24  0.0000000E+00
          25  0.0000000E+00
          26  0.0000000E+00
          27  0.0000000E+00
          28  0.0000000E+00
          29  0.0000000E+00
          30  0.0000000E+00
          31  0.0000000E+00
          32  0.0000000E+00
          33  0.0000000E+00
          34  0.0000000E+00
          35  0.0000000E+00
          36  0.0000000E+00
          37  0.0000000E+00
          38  0.0000000E+00
          39  0.0000000E+00
          40  0.0000000E+00
          41  0.0000000E+00
          42  0.0000000E+00
          43  0.0000000E+00
          44  0.0000000E+00
          45  0.0000000E+00
          46  0.0000000E+00
          47  0.0000000E+00
          48  0.0000000E+00
          49  0.0000000E+00
          50  0.0000000E+00
          51  0.0000000E+00
          52  0.0000000E+00
          53  0.0000000E+00
          54  0.0000000E+00
          55  0.0000000E+00
          56  0.0000000E+00
          57  0.0000000E+00
          58  0.0000000E+00
          59  0.0000000E+00
          60  0.0000000E+00
          61  0.0000000E+00
          62  0.0000000E+00
          63  0.0000000E+00
          64  0.0000000E+00
          65  0.0000000E+00
          66  0.0000000E+00
          67  0.0000000E+00
          68  0.0000000E+00
          69  0.0000000E+00
          70  0.0000000E+00
          71   4.236247    
          72   3.706716    
          73   7.942963    
          74   11.12015    
          75   16.41546    
          76   14.29733    
          77   12.70874    
          78   15.88593    
          79   12.70874    
          80   16.41546    
          81   16.41546    
          82   13.76780    
          83   15.35640    
          84   18.00405    
          85   13.23827    
          86   16.41546    
          87   16.41546    
          88   12.17921    
          89   13.76780    
          90   18.00405    
          91   11.64968    
          92   12.70874    
          93   16.94499    
          94   20.12217    
          95   21.71077    
          96   16.94499    
          97   15.35640    
          98   14.29733    
          99   14.29733    
         100   19.06311    
         101   13.76780    
         102   14.82686    
         103   17.47452    
         104   20.12217    
         105   19.59264    
         106   12.70874    
         107   20.65170    
         108   18.53358    
         109   20.12217    
         110   19.06311    
         111   17.47452    
         112   21.71077    
         113   20.65170    
         114   17.47452    
         115   16.41546    
         116   19.59264    
         117   19.59264    
         118   19.06311    
         119   24.35842    
         120   21.71077    
         121   18.53358    
         122   18.53358    
         123   21.71077    
         124   19.06311    
         125   19.59264    
         126   17.47452    
         127   24.88795    
         128   25.41748    
         129   23.82889    
         130   22.24030    
         131   21.18124    
         132   21.71077    
         133   27.00607    
         134   20.12217    
         135   28.06514    
         136   22.76983    
         137   22.76983    
         138   22.76983    
         139   24.88795    
         140   30.18326    
         141   26.47654    
         142   31.24232    
         143   23.29936    
         144   24.88795    
         145   29.65373    
         146   30.18326    
         147   32.30138    
         148   30.18326    
         149   30.71279    
         150   32.83091    
         151   35.47857    
         152   38.12622    
         153   25.94701    
         154   33.36045    
         155   33.88998    
         156   38.65575    
         157   47.12825    
         158   25.41748    
         159   37.59669    
         160   40.77388    
         161   39.18528    
         162   35.47857    
         163   44.48059    
         164   42.89200    
         165   38.12622    
         166   54.01215    
         167   59.30746    
         168   54.01215    
         169   49.24637    
         170   49.77590    
         171   65.13230    
         172   61.42558    
         173   76.25245    
         174   76.25245    
         175   77.31151    
         176   84.72494    
         177   98.49274    
         178   86.84306    
         179   97.96321    
         180   108.5538    
         181   113.8491    
         182   108.5538    
         183   130.2646    
         184   131.8532    
         185   133.4418    
         186   126.0284    
         187   128.1465    
         188   119.6740    
         189   120.7330    
         190   121.2626    
         191   120.7330    
         192   121.7921    
         193   123.3807    
         194   102.1995    
         195   103.2585    
         196   108.5538    
         197   108.0243    
         198   96.90415    
         199   101.6699    
         200   94.78603    
         201   101.6699    
         202   97.43369    
         203   84.19541    
         204   95.84509    
         205   103.7881    
         206   93.19743    
         207   90.54978    
         208   99.55180    
         209   95.31556    
         210   91.60884    
         211   89.49072    
         212   91.60884    
         213   91.07932    
         214   87.90213    
         215   91.60884    
         216   92.13837    
         217   94.78603    
         218   87.90213    
         219   96.90415    
         220   91.60884    
         221   90.02025    
         222   94.25650    
         223   102.7290    
         224   101.1404    
         225   84.19541    
         226   109.6129    
         227   87.37260    
         228   103.7881    
         229   105.3766    
         230   92.13837    
         231   105.3766    
         232   98.49274    
         233   103.2585    
         234   97.43369    
         235   103.2585    
         236   105.9062    
         237   99.02228    
         238   114.3787    
         239   97.96321    
         240   115.9673    
         241   103.7881    
         242   109.0834    
         243   109.6129    
         244   110.1424    
         245   111.2015    
         246   119.1444    
         247   110.6720    
         248   121.7921    
         249   123.3807    
         250   120.2035    
         251   122.3216    
         252   117.5559    
         253   117.0263    
         254   129.7351    
         255   131.8532    
         256   125.4988    
         257   128.1465    
         258   124.4398    
         259   137.6780    
         260   111.2015    
         261   135.5599    
         262   121.2626    
         263   127.6169    
         264   114.3787    
         265   130.7941    
         266   124.4398    
         267   115.9673    
         268   115.9673    
         269   124.9693    
         270   120.2035    
         271   114.9082    
         272   132.3827    
         273   118.0854    
         274   124.9693    
         275   111.2015    
         276   123.9102    
         277   121.7921    
         278   114.9082    
         279   111.2015    
         280   116.4968    
         281   117.0263    
         282   110.6720    
         283   114.3787    
         284   112.2606    
         285   109.6129    
         286   107.4948    
         287   105.3766    
         288   111.7310    
         289   108.0243    
         290   115.4377    
         291   110.1424    
         292   104.8471    
         293   119.6740    
         294   106.4357    
         295   103.7881    
         296   107.4948    
         297   116.4968    
         298   112.7901    
         299   106.9652    
         300   115.4377    
         301   122.8512    
         302   111.7310    
         303   107.4948    
         304   115.4377    
         305   118.6149    
         306   112.7901    
         307   117.0263    
         308   112.7901    
         309   126.0284    
         310   108.0243    
         311   124.9693    
         312   125.4988    
         313   111.7310    
         314   115.4377    
         315   124.4398    
         316   121.7921    
         317   112.7901    
         318   123.9102    
         319   122.3216    
         320   123.9102    
         321   127.6169    
         322   107.4948    
         323   130.7941    
         324   129.2055    
         325   125.4988    
         326   121.2626    
         327   130.2646    
         328   119.6740    
         329   131.8532    
         330   121.2626    
         331   127.0874    
         332   125.4988    
         333   108.0243    
         334   126.5579    
         335   128.1465    
         336   117.0263    
         337   123.3807    
         338   123.3807    
         339   123.3807    
         340   130.2646    
         341   122.3216    
         342   126.5579    
         343   132.9122    
         344   112.2605    
         345   135.0304    
         346   120.2035    
         347   121.7921    
         348   132.3827    
         349   126.5579    
         350   135.0304    
         351   142.9733    
         352   114.3787    
         353   147.7391    
         354   127.0874    
         355   138.7371    
         356   137.6780    
         357   135.5599    
         358   144.5619    
         359   137.6780    
         360   144.5619    
         361   147.2096    
         362   148.7982    
         363   155.6821    
         364   142.9733    
         365   161.5069    
         366   158.8593    
         367   145.0915    
         368   171.5680    
         369   157.8002    
         370   159.3888    
         371   167.8613    
         372   168.9203    
         373   182.6882    
         374   173.1566    
         375   180.5700    
         376   168.9203    
         377   194.3378    
         378   181.0996    
         379   190.6311    
         380   200.1627    
         381   203.8694    
         382   185.8653    
         383   209.6942    
         384   194.8674    
         385   212.3419    
         386   196.9855    
         387   208.6352    
         388   219.2258    
         389   225.5802    
         390   222.9325    
         391   224.5211    
         392   214.9895    
         393   234.0526    
         394   223.9916    
         395   234.5822    
         396   241.4661    
         397   246.7614    
         398   253.6453    
         399   235.1117    
         400   262.6473    
         401   255.2339    
         402   248.3500    
         403   245.1728    
         404   259.4701    
         405   251.5272    
         406   259.9997    
         407   270.5903    
         408   265.2950    
         409   260.5292    
         410   269.0017    
         411   257.8815    
         412   256.2929    
         413   271.1198    
         414   271.6494    
         415   261.0587    
         416   275.3560    
         417   272.7084    
         418   252.5862    
         419   270.0608    
         420   274.8265    
         421   264.7654    
         422   282.7695    
         423   272.1789    
         424   280.6514    
         425   287.5353    
         426   266.8836    
         427   301.3031    
         428   295.4782    
         429   282.7695    
         430   300.2440    
         431   285.9467    
         432   311.8937    
         433   299.7145    
         434   307.6574    
         435   311.8937    
         436   316.6595    
         437   335.1931    
         438   335.7226    
         439   315.0709    
         440   319.8366    
         441   337.3112    
         442   358.4924    
         443   340.4884    
         444   363.2582    
         445   348.4313    
         446   365.9058    
         447   360.0810    
         448   357.9629    
         449   361.6696    
         450   362.7287    
         451   363.2582    
         452   359.5515    
         453   380.7327    
         454   391.3233    
         455   392.3824    
         456   387.6166    
         457   391.8528    
         458   408.2683    
         459   393.4414    
         460   389.7347    
         461   410.3864    
         462   399.7958    
         463   431.0381    
         464   402.9730    
         465   419.3885    
         466   429.4496    
         467   388.1461    
         468   414.6227    
         469   411.9750    
         470   426.2724    
         471   419.9180    
         472   419.3885    
         473   429.4496    
         474   410.9160    
         475   431.5677    
         476   422.0361    
         477   424.6838    
         478   427.3314    
         479   433.1562    
         480   435.2744    
         481   442.6878    
         482   418.8589    
         483   430.5086    
         484   440.5697    
         485   433.1562    
         486   456.9851    
         487   480.8140    
         488   436.8630    
         489   449.0422    
         490   464.9281    
         491   475.5187    
         492   465.4576    
         493   460.1623    
         494   462.8100    
         495   444.8059    
         496   479.2255    
         497   471.8120    
         498   458.0442    
         499   435.8039    
         500   499.8772    
         501   461.7509    
         502   474.9892    
         503   476.0482    
         504   464.9281    
         505   489.2865    
         506   472.8711    
         507   473.9301    
         508   459.1033    
         509   477.6368    
         510   479.2254    
         511   473.9301    
         512   477.6368    
         513   454.3375    
         514   470.2234    
         515   482.9322    
         516   502.5248    
         517   499.3476    
         518   491.4047    
         519   484.5208    
         520   489.2865    
         521   525.2946    
         522   520.5289    
         523   479.7550    
         524   489.2865    
         525   504.6429    
         526   503.5839    
         527   501.9953    
         528   524.2356    
         529   510.4678    
         530   529.5309    
         531   522.6470    
         532   526.8832    
         533   548.5940    
         534   521.0584    
         535   574.5410    
         536   550.7121    
         537   532.1785    
         538   553.3597    
         539   580.8954    
         540   548.0645    
         541   594.1337    
         542   589.8974    
         543   558.1255    
         544   562.3618    
         545   558.6551    
         546   590.9565    
         547   606.3129    
         548   551.7712    
         549   574.0115    
         550   587.2498    
         551   633.3189    
         552   609.4901    
         553   628.0236    
         554   576.1296    
         555   604.7242    
         556   595.1927    
         557   592.5450    
         558   579.3068    
         559   560.2437    
         560   577.7182    
         561   569.2457    
         562   598.8994    
         563   585.6611    
         564   580.8954    
         565   559.1846    
         566   604.1948    
         567   552.8303    
         568   599.9585    
         569   569.7752    
         570   589.3679    
         571   566.0685    
         572   585.1317    
         573   603.6652    
         574   569.7752    
         575   590.4269    
         576   566.0685    
         577   585.6611    
         578   589.8974    
         579   575.6001    
         580   590.4269    
         581   569.7752    
         582   580.8954    
         583   587.2498    
         584   575.0706    
         585   585.6611    
         586   603.1357    
         587   587.7793    
         588   575.6001    
         589   585.6611    
         590   595.1927    
         591   601.0175    
         592   594.1337    
         593   566.5980    
         594   606.8424    
         595   592.5450    
         596   589.8974    
         597   593.0746    
         598   587.7793    
         599   567.6571    
         600   594.1337    
         601   599.4290    
         602   585.1317    
         603   604.1948    
         604   596.2518    
         605   611.6082    
         606   596.2518    
         607   589.3679    
         608   602.0766    
         609   611.0786    
         610   583.0135    
         611   600.4880    
         612   598.8994    
         613   596.7813    
         614   592.5450    
         615   613.1968    
         616   578.2477    
         617   604.7242    
         618   590.4269    
         619   612.6672    
         620   591.4860    
         621   576.1296    
         622   620.0807    
         623   572.4229    
         624   616.3740    
         625   606.8424    
         626   621.6693    
         627   595.7222    
         628   612.6672    
         629   601.5471    
         630   608.9605    
         631   582.4839    
         632   628.5532    
         633   613.1968    
         634   608.9605    
         635   630.6713    
         636   596.2518    
         637   624.8464    
         638   615.3149    
         639   612.6672    
         640   624.8464    
         641   627.4941    
         642   629.0827    
         643   629.6122    
         644   634.3780    
         645   634.3780    
         646   629.0827    
         647   626.9645    
         648   650.2639    
         649   643.3800    
         650   633.8484    
         651   655.0297    
         652   657.6774    
         653   642.3209    
         654   639.1438    
         655   665.6203    
         656   658.2069    
         657   641.7914    
         658   649.7344    
         659   658.2069    
         660   637.5552    
         661   649.7344    
         662   663.5022    
         663   651.8525    
         664   647.6163    
         665   658.7365    
         666   654.5002    
         667   649.7344    
         668   662.4431    
         669   656.0887    
         670   669.8566    
         671   634.9075    
         672   653.9706    
         673   645.4982    
         674   666.1498    
         675   643.9095    
         676   624.8464    
         677   673.0338    
         678   639.6733    
         679   666.6794    
         680   617.9625    
         681   665.6203    
         682   650.2639    
         683   621.1397    
         684   664.0317    
         685   633.8484    
         686   620.6102    
         687   643.9095    
         688   654.5002    
         689   624.3169    
         690   651.8525    
         691   637.0256    
         692   640.7324    
         693   628.0236    
         694   628.0236    
         695   634.9075    
         696   612.1377    
         697   626.9645    
         698   615.8444    
         699   643.3800    
         700   594.6632    
         701   617.4330    
         702   615.8444    
         703   605.2538    
         704   599.4290    
         705   615.8444    
         706   600.4880    
         707   586.1907    
         708   606.8424    
         709   573.4819    
         710   585.1316    
         711   594.6632    
         712   580.3658    
         713   579.8363    
         714   594.6632    
         715   552.3007    
         716   591.4860    
         717   573.4819    
         718   562.3618    
         719   579.8363    
         720   559.1846    
         721   566.5980    
         722   561.3027    
         723   570.3047    
         724   550.1826    
         725   553.8893    
         726   568.1866    
         727   548.0645    
         728   573.4819    
         729   553.8893    
         730   552.3007    
         731   540.1215    
         732   558.1255    
         733   552.8303    
         734   549.1235    
         735   568.7162    
         736   541.7101    
         737   557.0665    
         738   541.7101    
         739   567.1276    
         740   561.3027    
         741   547.5349    
         742   552.3007    
         743   542.2396    
         744   556.5370    
         745   543.8282    
         746   576.6591    
         747   527.9423    
         748   557.0665    
         749   542.2396    
         750   563.4208    
         751   538.5329    
         752   538.5329    
         753   546.4759    
         754   547.0054    
         755   535.8853    
         756   551.7712    
         757   535.3557    
         758   558.6551    
         759   548.0645    
         760   536.4148    
         761   553.8893    
         762   541.1805    
         763   559.7141    
         764   540.1215    
         765   540.6510    
         766   550.7121    
         767   531.6490    
         768   531.6490    
         769   551.2416    
         770   540.6510    
         771   542.7692    
         772   538.0034    
         773   544.8873    
         774   521.5879    
         775   550.7121    
         776   553.3597    
         777   535.3557    
         778   541.7101    
         779   551.7712    
         780   527.4128    
         781   558.6551    
         782   551.7712    
         783   550.1826    
         784   552.8303    
         785   556.0074    
         786   555.4779    
         787   548.5940    
         788   539.5920    
         789   554.9484    
         790   564.4799    
         791   549.1235    
         792   565.5390    
         793   577.1887    
         794   565.5390    
         795   560.2437    
         796   582.4839    
         797   585.6611    
         798   589.3679    
         799   584.6021    
         800   586.1907    
         801   603.1357    
         802   591.4860    
         803   612.6672    
         804   603.1357    
         805   646.5572    
         806   596.2518    
         807   620.0807    
         808   633.3189    
         809   655.0297    
         810   647.6163    
         811   671.9747    
         812   668.7975    
         813   725.4573    
         814   713.8076    
         815   745.5795    
         816   749.2862    
         817   832.9521    
         818   858.3696    
         819   928.2676    
         820   943.0945    
         821   1044.764    
         822   1190.385    
         823   1245.986    
         824   1443.501    
         825   1596.006    
         826   1847.004    
         827   2081.056    
         828   2052.991    
         829   1519.754    
         830   1101.954    
         831   933.5629    
         832   763.0540    
         833   693.6855    
         834   592.5450    
         835   550.7121    
         836   500.4067    
         837   451.6898    
         838   446.3945    
         839   400.8549    
         840   362.7287    
         841   378.6146    
         842   348.9608    
         843   318.2480    
         844   315.0709    
         845   297.0668    
         846   302.8917    
         847   280.6514    
         848   269.5312    
         849   278.0037    
         850   252.0567    
         851   256.2929    
         852   243.0547    
         853   229.8164    
         854   235.1117    
         855   237.2298    
         856   234.0526    
         857   219.7553    
         858   211.2828    
         859   214.9895    
         860   198.5741    
         861   203.8694    
         862   204.9285    
         863   198.0446    
         864   187.9835    
         865   195.9264    
         866   185.3358    
         867   185.3358    
         868   189.0425    
         869   182.6882    
         870   184.2767    
         871   173.1566    
         872   178.9814    
         873   167.8613    
         874   173.1566    
         875   168.9203    
         876   172.6271    
         877   165.2136    
         878   177.9224    
         879   157.2707    
         880   167.3318    
         881   171.5680    
         882   169.9794    
         883   171.0385    
         884   167.3318    
         885   164.6841    
         886   171.0385    
         887   165.2136    
         888   167.3318    
         889   167.8613    
         890   153.0344    
         891   166.2727    
         892   154.0935    
         893   160.4479    
         894   163.0955    
         895   149.3277    
         896   174.2157    
         897   157.2707    
         898   161.5069    
         899   159.3888    
         900   163.0955    
         901   155.1525    
         902   159.3888    
         903   151.9754    
         904   161.5069    
         905   149.8572    
         906   169.4499    
         907   154.0935    
         908   148.7982    
         909   142.9733    
         910   163.6250    
         911   141.9143    
         912   149.8572    
         913   137.1485    
         914   135.5599    
         915   137.6780    
         916   143.5029    
         917   138.2076    
         918   139.7962    
         919   131.8532    
         920   136.0894    
         921   129.2055    
         922   123.3807    
         923   124.4398    
         924   130.2646    
         925   128.1465    
         926   120.7330    
         927   136.6190    
         928   111.2015    
         929   121.2626    
         930   111.2015    
         931   113.3196    
         932   114.3787    
         933   124.9693    
         934   112.7901    
         935   105.9062    
         936   118.0854    
         937   107.4948    
         938   105.3766    
         939   110.1424    
         940   106.9652    
         941   104.3176    
         942   100.0813    
         943   102.1995    
         944   104.8471    
         945   107.4948    
         946   98.49274    
         947   93.19743    
         948   102.7290    
         949   97.96321    
         950   95.31556    
         951   92.13837    
         952   101.1404    
         953   94.25650    
         954   94.25650    
         955   90.54978    
         956   100.6109    
         957   79.42963    
         958   87.90213    
         959   84.19541    
         960   88.96119    
         961   85.78400    
         962   80.48869    
         963   78.37057    
         964   81.54776    
         965   81.54776    
         966   76.78198    
         967   76.25245    
         968   76.78198    
         969   75.72292    
         970   74.66386    
         971   71.48667    
         972   70.42760    
         973   70.42760    
         974   72.01620    
         975   71.48667    
         976   69.36855    
         977   65.13230    
         978   76.78198    
         979   59.83699    
         980   60.36652    
         981   66.72089    
         982   62.48465    
         983   57.71887    
         984   52.95309    
         985   60.89605    
         986   55.60074    
         987   62.48465    
         988   52.95309    
         989   49.77590    
         990   62.48465    
         991   51.89403    
         992   54.01215    
         993   57.18933    
         994   45.01012    
         995   49.77590    
         996   52.42356    
         997   49.24637    
         998   47.65778    
         999   44.48059    
        1000   45.01012    
        1001   46.59872    
        1002   47.65778    
        1003   46.59872    
        1004   47.12825    
        1005   44.48059    
        1006   43.95107    
        1007   43.42153    
        1008   50.83496    
        1009   40.24435    
        1010   46.59872    
        1011   46.06919    
        1012   49.24637    
        1013   49.77590    
        1014   44.48059    
        1015   45.01012    
        1016   42.36247    
        1017   48.71684    
        1018   48.18731    
        1019   37.59669    
        1020   51.36449    
        1021   38.12622    
        1022   49.77591    
        1023   40.77388    
        1024   45.53966    
