 #   Y    A
           1   8001.741    
           2  0.0000000E+00
           3  0.0000000E+00
           4  0.0000000E+00
           5  0.0000000E+00
           6  0.0000000E+00
           7  0.0000000E+00
           8  0.0000000E+00
           9  0.0000000E+00
          10  0.0000000E+00
          11  0.0000000E+00
          12  0.0000000E+00
          13  0.0000000E+00
          14  0.0000000E+00
          15  0.0000000E+00
          16  0.0000000E+00
          17  0.0000000E+00
          18  0.0000000E+00
          19  0.0000000E+00
          20  0.0000000E+00
          21  0.0000000E+00
          22  0.0000000E+00
          23  0.0000000E+00
          24  0.0000000E+00
          25  0.0000000E+00
          26  0.0000000E+00
          27  0.0000000E+00
          28  0.0000000E+00
          29  0.0000000E+00
          30  0.0000000E+00
          31  0.0000000E+00
          32  0.0000000E+00
          33  0.0000000E+00
          34  0.0000000E+00
          35  0.0000000E+00
          36  0.0000000E+00
          37  0.0000000E+00
          38  0.0000000E+00
          39  0.0000000E+00
          40  0.0000000E+00
          41  0.0000000E+00
          42  0.0000000E+00
          43  0.0000000E+00
          44  0.0000000E+00
          45  0.0000000E+00
          46  0.0000000E+00
          47  0.0000000E+00
          48  0.0000000E+00
          49  0.0000000E+00
          50  0.0000000E+00
          51  0.0000000E+00
          52  0.0000000E+00
          53  0.0000000E+00
          54  0.0000000E+00
          55  0.0000000E+00
          56  0.0000000E+00
          57  0.0000000E+00
          58  0.0000000E+00
          59  0.0000000E+00
          60  0.0000000E+00
          61  0.0000000E+00
          62  0.0000000E+00
          63  0.0000000E+00
          64  0.0000000E+00
          65  0.0000000E+00
          66  0.0000000E+00
          67  0.0000000E+00
          68  0.0000000E+00
          69  0.0000000E+00
          70  0.0000000E+00
          71  0.0000000E+00
          72  0.0000000E+00
          73  0.0000000E+00
          74  0.0000000E+00
          75  0.0000000E+00
          76  0.0000000E+00
          77  0.0000000E+00
          78  0.0000000E+00
          79  0.0000000E+00
          80  0.0000000E+00
          81  0.0000000E+00
          82  0.0000000E+00
          83  0.0000000E+00
          84  0.0000000E+00
          85  0.0000000E+00
          86  0.0000000E+00
          87  0.0000000E+00
          88  0.0000000E+00
          89  0.0000000E+00
          90  0.0000000E+00
          91  0.0000000E+00
          92  0.0000000E+00
          93  0.0000000E+00
          94  0.0000000E+00
          95  0.0000000E+00
          96  0.0000000E+00
          97  0.0000000E+00
          98  0.0000000E+00
          99  0.0000000E+00
         100  0.0000000E+00
         101  0.0000000E+00
         102  0.0000000E+00
         103  0.0000000E+00
         104  0.0000000E+00
         105  0.0000000E+00
         106  0.0000000E+00
         107  0.0000000E+00
         108  0.0000000E+00
         109  0.0000000E+00
         110  0.0000000E+00
         111  0.0000000E+00
         112  0.0000000E+00
         113  0.0000000E+00
         114  0.0000000E+00
         115  0.0000000E+00
         116  0.0000000E+00
         117  0.0000000E+00
         118  0.0000000E+00
         119  0.0000000E+00
         120  0.0000000E+00
         121  0.0000000E+00
         122  0.0000000E+00
         123  0.0000000E+00
         124  0.0000000E+00
         125  0.0000000E+00
         126   1.588593    
         127   2.647655    
         128   6.883902    
         129   12.70874    
         130   13.76780    
         131   14.29733    
         132   17.47452    
         133   16.41546    
         134   12.70874    
         135   17.47452    
         136   20.12217    
         137   15.88593    
         138   18.53358    
         139   16.41546    
         140   17.47452    
         141   16.94499    
         142   13.23827    
         143   14.82686    
         144   18.53358    
         145   11.64968    
         146   15.35640    
         147   20.12217    
         148   25.41748    
         149   20.12217    
         150   16.94499    
         151   16.94499    
         152   16.41546    
         153   18.53358    
         154   13.76780    
         155   18.00405    
         156   19.59264    
         157   18.53358    
         158   19.59264    
         159   20.12217    
         160   20.65170    
         161   23.82889    
         162   18.00405    
         163   20.65170    
         164   21.71077    
         165   19.06311    
         166   20.65170    
         167   20.65170    
         168   19.59264    
         169   23.29936    
         170   23.29936    
         171   25.41748    
         172   18.53358    
         173   22.24030    
         174   21.18124    
         175   21.18124    
         176   18.53358    
         177   22.24030    
         178   29.65373    
         179   27.00607    
         180   19.59264    
         181   24.35842    
         182   23.82889    
         183   26.47654    
         184   23.29936    
         185   28.59467    
         186   21.71077    
         187   23.82889    
         188   23.29936    
         189   29.12420    
         190   30.18326    
         191   24.88795    
         192   30.71279    
         193   26.47654    
         194   26.47654    
         195   32.30138    
         196   30.71279    
         197   29.65373    
         198   30.71279    
         199   28.06514    
         200   34.41951    
         201   38.12622    
         202   32.83091    
         203   29.65373    
         204   34.94904    
         205   37.59669    
         206   32.83091    
         207   45.01012    
         208   28.59467    
         209   35.47857    
         210   36.53763    
         211   38.12622    
         212   34.94904    
         213   50.30544    
         214   34.41951    
         215   42.36247    
         216   45.01012    
         217   54.01215    
         218   52.42356    
         219   48.18731    
         220   54.01215    
         221   58.77793    
         222   50.30544    
         223   55.07121    
         224   70.95714    
         225   66.72089    
         226   69.36855    
         227   79.95917    
         228   69.36855    
         229   95.31556    
         230   78.90010    
         231   108.0243    
         232   93.72697    
         233   115.4377    
         234   110.1424    
         235   116.4968    
         236   164.6841    
         237   119.1444    
         238   153.5640    
         239   133.9713    
         240   150.3868    
         241   147.7391    
         242   146.1505    
         243   146.1505    
         244   155.1526    
         245   135.5599    
         246   141.3848    
         247   148.2686    
         248   137.1485    
         249   123.3807    
         250   138.2076    
         251   132.3827    
         252   111.2015    
         253   138.2076    
         254   123.3807    
         255   112.2606    
         256   127.6169    
         257   123.9102    
         258   111.7310    
         259   122.8512    
         260   117.5559    
         261   116.4968    
         262   120.7330    
         263   115.4377    
         264   119.6740    
         265   113.8491    
         266   118.6149    
         267   116.4968    
         268   124.4398    
         269   126.5579    
         270   112.2605    
         271   123.9102    
         272   130.2646    
         273   128.6760    
         274   121.2626    
         275   141.3848    
         276   120.2035    
         277   122.8512    
         278   128.1465    
         279   144.5619    
         280   132.9122    
         281   130.7941    
         282   135.5599    
         283   132.3827    
         284   139.7962    
         285   136.6190    
         286   135.0304    
         287   160.9774    
         288   140.8552    
         289   149.8572    
         290   148.7982    
         291   159.9183    
         292   159.3888    
         293   147.7391    
         294   166.8022    
         295   174.2157    
         296   164.6841    
         297   174.7452    
         298   165.7432    
         299   170.5089    
         300   174.7452    
         301   167.3318    
         302   180.0405    
         303   183.7472    
         304   176.3338    
         305   171.5680    
         306   180.5700    
         307   188.5130    
         308   178.9814    
         309   176.8633    
         310   184.2767    
         311   185.8653    
         312   180.5700    
         313   178.4519    
         314   182.1586    
         315   176.3338    
         316   166.8022    
         317   169.9794    
         318   190.1016    
         319   158.3297    
         320   159.3888    
         321   156.7411    
         322   159.3888    
         323   153.5639    
         324   165.2136    
         325   158.3297    
         326   164.1546    
         327   159.9183    
         328   152.5049    
         329   142.4438    
         330   158.8593    
         331   156.7411    
         332   147.2096    
         333   166.8022    
         334   160.9774    
         335   154.0935    
         336   154.6230    
         337   149.8572    
         338   162.0365    
         339   154.0935    
         340   161.5069    
         341   161.5069    
         342   167.8613    
         343   159.9183    
         344   155.6821    
         345   148.7982    
         346   168.9203    
         347   155.1525    
         348   166.2727    
         349   161.5069    
         350   168.3908    
         351   150.3868    
         352   177.3929    
         353   168.3908    
         354   168.3908    
         355   175.8043    
         356   166.8022    
         357   169.9794    
         358   169.4499    
         359   168.3908    
         360   167.3318    
         361   174.7452    
         362   166.2727    
         363   171.5680    
         364   181.0996    
         365   172.6271    
         366   176.3338    
         367   190.6311    
         368   157.8002    
         369   185.8653    
         370   158.8593    
         371   181.6291    
         372   167.3318    
         373   173.6861    
         374   176.8633    
         375   185.3358    
         376   190.1016    
         377   169.9794    
         378   190.6311    
         379   175.2747    
         380   180.5700    
         381   186.3949    
         382   180.0405    
         383   190.6311    
         384   186.3949    
         385   189.5721    
         386   190.1016    
         387   195.3969    
         388   194.3378    
         389   200.6922    
         390   198.0446    
         391   192.2197    
         392   202.2808    
         393   206.5170    
         394   200.6922    
         395   213.9305    
         396   222.9325    
         397   221.3439    
         398   219.2258    
         399   223.4620    
         400   222.4030    
         401   239.8775    
         402   230.3459    
         403   230.8755    
         404   246.2319    
         405   241.9956    
         406   253.1158    
         407   255.7634    
         408   255.2339    
         409   266.8836    
         410   270.0608    
         411   266.3540    
         412   275.8856    
         413   267.9426    
         414   278.5332    
         415   283.8286    
         416   287.5353    
         417   298.1259    
         418   292.3011    
         419   288.5943    
         420   309.2460    
         421   310.8346    
         422   301.8326    
         423   313.4823    
         424   316.1299    
         425   328.8387    
         426   329.8977    
         427   330.9568    
         428   325.6615    
         429   329.8977    
         430   333.0749    
         431   331.4863    
         432   345.7837    
         433   332.5454    
         434   335.7226    
         435   334.1340    
         436   335.7226    
         437   346.3132    
         438   317.1890    
         439   347.3723    
         440   330.4273    
         441   339.4293    
         442   334.6635    
         443   349.4904    
         444   369.6125    
         445   360.6105    
         446   360.0810    
         447   344.7246    
         448   375.4374    
         449   360.6105    
         450   370.6716    
         451   382.8508    
         452   388.1461    
         453   391.3233    
         454   383.9099    
         455   396.0891    
         456   428.9200    
         457   414.0931    
         458   424.6838    
         459   419.9180    
         460   455.9261    
         461   428.3905    
         462   432.6267    
         463   454.3375    
         464   444.8059    
         465   460.6919    
         466   471.2825    
         467   470.7530    
         468   487.6979    
         469   479.7550    
         470   491.9342    
         471   488.7570    
         472   490.3456    
         473   487.6979    
         474   507.8201    
         475   539.5920    
         476   506.7610    
         477   526.8832    
         478   519.9993    
         479   508.3496    
         480   508.8792    
         481   494.0523    
         482   507.8201    
         483   529.0013    
         484   516.2926    
         485   536.9443    
         486   534.2966    
         487   510.4678    
         488   559.1846    
         489   561.3027    
         490   534.2966    
         491   531.6490    
         492   564.4799    
         493   568.7162    
         494   559.1846    
         495   598.3699    
         496   546.4759    
         497   595.1927    
         498   579.3068    
         499   604.7242    
         500   590.4269    
         501   586.1907    
         502   548.5940    
         503   616.3740    
         504   586.1907    
         505   572.9524    
         506   589.3679    
         507   558.1255    
         508   612.6672    
         509   593.6041    
         510   557.0665    
         511   614.2558    
         512   588.8383    
         513   593.6041    
         514   579.3068    
         515   579.8363    
         516   644.9686    
         517   526.8832    
         518   572.4229    
         519   604.7242    
         520   620.0807    
         521   575.6001    
         522   619.0216    
         523   601.0176    
         524   601.5471    
         525   607.9014    
         526   589.3679    
         527   597.8404    
         528   604.7242    
         529   602.6061    
         530   593.0746    
         531   642.3210    
         532   613.1968    
         533   615.8444    
         534   605.7833    
         535   637.0256    
         536   624.8464    
         537   631.2008    
         538   659.2659    
         539   631.7303    
         540   662.4431    
         541   649.7344    
         542   703.2170    
         543   661.9136    
         544   679.3881    
         545   679.3881    
         546   677.7996    
         547   701.6284    
         548   685.7425    
         549   688.9197    
         550   716.4553    
         551   689.4492    
         552   739.2251    
         553   731.8117    
         554   744.5204    
         555   731.8116    
         556   766.7607    
         557   734.4594    
         558   730.7526    
         559   710.6304    
         560   751.9338    
         561   736.0479    
         562   745.0499    
         563   746.1090    
         564   728.6345    
         565   709.0419    
         566   743.9909    
         567   712.7485    
         568   730.2231    
         569   760.4064    
         570   709.5714    
         571   716.9848    
         572   729.1640    
         573   733.9298    
         574   711.6895    
         575   716.4553    
         576   720.1620    
         577   699.5103    
         578   743.4614    
         579   713.8076    
         580   717.5143    
         581   720.1620    
         582   735.5184    
         583   723.3392    
         584   730.7526    
         585   728.6345    
         586   747.1681    
         587   728.1050    
         588   729.1640    
         589   741.8727    
         590   718.0439    
         591   729.1640    
         592   717.5143    
         593   729.6935    
         594   737.6365    
         595   718.0439    
         596   734.9889    
         597   713.2781    
         598   724.9278    
         599   723.3392    
         600   743.9909    
         601   759.8768    
         602   737.1070    
         603   752.4634    
         604   730.2231    
         605   749.2862    
         606   740.8137    
         607   727.0459    
         608   760.4064    
         609   741.8727    
         610   738.6956    
         611   745.5795    
         612   745.0499    
         613   742.4023    
         614   745.5795    
         615   743.9909    
         616   725.9868    
         617   737.1070    
         618   761.9949    
         619   737.1070    
         620   753.5225    
         621   732.8707    
         622   739.7546    
         623   753.5225    
         624   734.9889    
         625   746.6385    
         626   749.8157    
         627   732.3412    
         628   745.5795    
         629   749.8157    
         630   757.2292    
         631   742.9318    
         632   759.3473    
         633   732.3412    
         634   750.3453    
         635   759.3473    
         636   745.0499    
         637   750.3453    
         638   741.8727    
         639   755.6406    
         640   737.1070    
         641   758.8177    
         642   753.5225    
         643   719.6324    
         644   753.5225    
         645   724.3983    
         646   746.6385    
         647   770.4674    
         648   712.7486    
         649   746.1090    
         650   748.2272    
         651   745.5795    
         652   719.1030    
         653   746.1090    
         654   719.6324    
         655   730.2231    
         656   740.2842    
         657   748.2272    
         658   714.8667    
         659   736.0479    
         660   698.9808    
         661   718.0439    
         662   735.5184    
         663   690.5082    
         664   721.7506    
         665   712.2191    
         666   696.8627    
         667   689.9788    
         668   707.4532    
         669   694.2150    
         670   700.5693    
         671   690.5083    
         672   683.6244    
         673   687.8606    
         674   665.0908    
         675   690.5083    
         676   664.0317    
         677   702.1580    
         678   670.9156    
         679   688.9197    
         680   658.2069    
         681   661.9136    
         682   666.6794    
         683   646.0276    
         684   663.5022    
         685   669.3270    
         686   652.3821    
         687   652.3820    
         688   660.8546    
         689   637.0256    
         690   659.2659    
         691   610.5491    
         692   678.8586    
         693   632.2599    
         694   650.7935    
         695   634.9075    
         696   648.1458    
         697   626.9645    
         698   626.4351    
         699   646.0277    
         700   625.9055    
         701   620.0806    
         702   625.3760    
         703   627.4941    
         704   626.4351    
         705   626.9645    
         706   615.8444    
         707   625.9055    
         708   617.9625    
         709   625.3760    
         710   631.2008    
         711   614.7853    
         712   624.3169    
         713   616.9035    
         714   625.3760    
         715   638.6143    
         716   611.0786    
         717   654.5002    
         718   630.1417    
         719   644.9686    
         720   648.1458    
         721   631.2008    
         722   640.7324    
         723   647.0867    
         724   636.4961    
         725   644.4391    
         726   636.4961    
         727   668.2680    
         728   632.7894    
         729   667.2089    
         730   652.9116    
         731   664.5613    
         732   667.2089    
         733   667.7385    
         734   676.2109    
         735   697.3922    
         736   692.0969    
         737   683.0948    
         738   685.2130    
         739   713.2781    
         740   720.6915    
         741   694.2150    
         742   755.6406    
         743   730.2231    
         744   754.0520    
         745   745.5795    
         746   795.3554    
         747   803.2983    
         748   808.0641    
         749   801.1802    
         750   856.7809    
         751   839.8360    
         752   880.0803    
         753   890.1414    
         754   928.7972    
         755   962.6871    
         756   976.4550    
         757   1030.997    
         758   1065.416    
         759   1133.196    
         760   1224.275    
         761   1367.249    
         762   1518.165    
         763   1756.983    
         764   2005.333    
         765   2242.034    
         766   2365.415    
         767   2079.468    
         768   1608.715    
         769   1346.597    
         770   1107.779    
         771   940.9764    
         772   853.6038    
         773   757.7587    
         774   677.2700    
         775   656.6183    
         776   606.3129    
         777   525.8242    
         778   543.2987    
         779   489.8161    
         780   478.1664    
         781   447.9831    
         782   428.9200    
         783   427.8610    
         784   396.6186    
         785   397.6777    
         786   363.7877    
         787   366.4354    
         788   354.2562    
         789   346.3132    
         790   328.8387    
         791   335.1931    
         792   319.8366    
         793   315.0709    
         794   301.8326    
         795   292.8306    
         796   294.4192    
         797   280.6514    
         798   287.0057    
         799   264.7654    
         800   272.7084    
         801   271.6494    
         802   274.2970    
         803   261.0587    
         804   266.8836    
         805   257.3520    
         806   264.7654    
         807   256.2929    
         808   250.4681    
         809   259.9997    
         810   247.2909    
         811   239.3480    
         812   252.0567    
         813   245.1728    
         814   240.4070    
         815   246.7614    
         816   239.8775    
         817   224.5211    
         818   242.5251    
         819   239.3480    
         820   233.5231    
         821   231.4050    
         822   225.0506    
         823   228.7573    
         824   243.5842    
         825   224.5211    
         826   251.5272    
         827   219.2258    
         828   238.8184    
         829   224.5211    
         830   227.6983    
         831   222.4030    
         832   228.7573    
         833   219.7553    
         834   228.7573    
         835   222.4030    
         836   212.8714    
         837   223.9916    
         838   219.7553    
         839   216.0486    
         840   211.8123    
         841   226.6392    
         842   201.7513    
         843   213.4009    
         844   203.8694    
         845   205.4580    
         846   198.0446    
         847   204.9285    
         848   184.2767    
         849   208.1056    
         850   180.0405    
         851   193.8083    
         852   183.7472    
         853   194.8674    
         854   173.6861    
         855   185.3358    
         856   189.0425    
         857   168.3908    
         858   177.9224    
         859   163.6250    
         860   198.5741    
         861   157.2707    
         862   173.6861    
         863   168.3908    
         864   170.5089    
         865   154.6230    
         866   167.8613    
         867   165.2136    
         868   162.0365    
         869   157.2707    
         870   157.2707    
         871   150.9163    
         872   148.7982    
         873   144.0324    
         874   149.8572    
         875   150.3868    
         876   140.3257    
         877   153.5640    
         878   131.3237    
         879   143.5029    
         880   119.1444    
         881   130.7941    
         882   126.5579    
         883   122.3216    
         884   122.8512    
         885   126.0284    
         886   124.4398    
         887   117.0263    
         888   112.7901    
         889   121.7921    
         890   113.8491    
         891   114.3787    
         892   105.9062    
         893   107.4948    
         894   109.0834    
         895   93.19743    
         896   108.0243    
         897   93.72697    
         898   90.54978    
         899   102.1995    
         900   88.43166    
         901   98.49274    
         902   91.07932    
         903   87.90213    
         904   90.02025    
         905   87.37260    
         906   83.66588    
         907   82.07729    
         908   78.90010    
         909   84.19541    
         910   72.01620    
         911   79.42963    
         912   72.01620    
         913   75.72292    
         914   73.07526    
         915   69.89808    
         916   75.72292    
         917   73.60480    
         918   66.19136    
         919   76.78197    
         920   74.66386    
         921   63.01418    
         922   75.72292    
         923   69.89808    
         924   70.95714    
         925   68.83901    
         926   66.72089    
         927   69.36855    
         928   70.95714    
         929   68.83901    
         930   67.25042    
         931   68.83901    
         932   63.54370    
         933   64.60277    
         934   69.36855    
         935   61.42558    
         936   73.60479    
         937   67.77995    
         938   63.54370    
         939   71.48667    
         940   59.30746    
         941   64.07323    
         942   70.95714    
         943   66.72089    
         944   57.18933    
         945   74.13432    
         946   66.19136    
         947   63.54370    
         948   65.66183    
         949   61.95511    
         950   69.36855    
         951   62.48465    
         952   71.48667    
         953   61.42558    
         954   63.01418    
         955   60.89605    
         956   60.36652    
         957   62.48465    
         958   56.13028    
         959   65.66183    
         960   58.77793    
         961   66.72089    
         962   54.54168    
         963   59.30746    
         964   69.89808    
         965   56.65981    
         966   63.54370    
         967   59.30746    
         968   52.95309    
         969   59.83699    
         970   63.54370    
         971   56.13028    
         972   56.65981    
         973   60.89605    
         974   63.54370    
         975   55.07121    
         976   55.07121    
         977   55.60074    
         978   53.48262    
         979   55.60074    
         980   63.54370    
         981   48.18731    
         982   56.65981    
         983   52.42356    
         984   53.48262    
         985   55.07121    
         986   48.18731    
         987   59.83699    
         988   50.83496    
         989   50.83496    
         990   54.01215    
         991   48.18731    
         992   59.83699    
         993   59.30746    
         994   49.77590    
         995   58.24840    
         996   58.77793    
         997   50.30544    
         998   60.89605    
         999   54.01215    
        1000   59.83699    
        1001   50.30544    
        1002   59.30746    
        1003   57.71887    
        1004   56.13027    
        1005   58.77793    
        1006   58.24840    
        1007   54.54168    
        1008   60.89605    
        1009   52.95309    
        1010   60.89605    
        1011   60.36652    
        1012   58.77793    
        1013   59.83699    
        1014   61.42558    
        1015   61.42558    
        1016   59.30746    
        1017   59.30746    
        1018   54.54168    
        1019   60.36652    
        1020   59.83699    
        1021   62.48465    
        1022   49.24637    
        1023   64.60277    
        1024   54.01215    
