 #   Y    A
           1   12763.81    
           2  0.0000000E+00
           3  0.0000000E+00
           4  0.0000000E+00
           5  0.0000000E+00
           6  0.0000000E+00
           7  0.0000000E+00
           8  0.0000000E+00
           9  0.0000000E+00
          10  0.0000000E+00
          11  0.0000000E+00
          12  0.0000000E+00
          13  0.0000000E+00
          14  0.0000000E+00
          15  0.0000000E+00
          16  0.0000000E+00
          17  0.0000000E+00
          18  0.0000000E+00
          19  0.0000000E+00
          20  0.0000000E+00
          21  0.0000000E+00
          22  0.0000000E+00
          23  0.0000000E+00
          24  0.0000000E+00
          25  0.0000000E+00
          26  0.0000000E+00
          27  0.0000000E+00
          28  0.0000000E+00
          29  0.0000000E+00
          30  0.0000000E+00
          31  0.0000000E+00
          32  0.0000000E+00
          33  0.0000000E+00
          34  0.0000000E+00
          35  0.0000000E+00
          36  0.0000000E+00
          37  0.0000000E+00
          38  0.0000000E+00
          39  0.0000000E+00
          40  0.0000000E+00
          41  0.0000000E+00
          42   2.647655    
          43   3.706716    
          44   7.413432    
          45   10.59062    
          46   15.35640    
          47   11.64968    
          48   14.29733    
          49   12.70874    
          50   13.76780    
          51   17.47452    
          52   12.70874    
          53   16.94499    
          54   12.70874    
          55   13.23827    
          56   16.94499    
          57   13.76780    
          58   16.41546    
          59   13.76780    
          60   11.12015    
          61   13.23827    
          62   17.47452    
          63   12.70874    
          64   11.12015    
          65   16.41546    
          66   14.82686    
          67   24.35842    
          68   15.88593    
          69   18.00405    
          70   13.23827    
          71   14.29733    
          72   15.88593    
          73   17.47452    
          74   10.59062    
          75   18.00405    
          76   17.47452    
          77   16.41546    
          78   19.06311    
          79   13.76780    
          80   19.59264    
          81   18.00405    
          82   20.12217    
          83   17.47452    
          84   15.35640    
          85   20.12217    
          86   19.59264    
          87   17.47452    
          88   19.06311    
          89   18.53358    
          90   14.82686    
          91   22.24030    
          92   20.65170    
          93   20.12217    
          94   20.65170    
          95   18.00405    
          96   15.35640    
          97   21.18124    
          98   20.12217    
          99   15.35640    
         100   19.59264    
         101   22.24030    
         102   27.00607    
         103   20.65170    
         104   23.29936    
         105   19.59264    
         106   20.12217    
         107   25.94701    
         108   21.71077    
         109   25.41748    
         110   25.41748    
         111   19.06311    
         112   22.24030    
         113   23.82889    
         114   28.59467    
         115   28.59467    
         116   27.00607    
         117   26.47654    
         118   25.41748    
         119   27.53561    
         120   29.65373    
         121   31.24232    
         122   29.65373    
         123   30.71279    
         124   32.83091    
         125   31.24232    
         126   43.42153    
         127   23.29936    
         128   33.36045    
         129   32.83091    
         130   39.18528    
         131   45.01012    
         132   28.59467    
         133   34.41951    
         134   40.77388    
         135   45.01012    
         136   34.94904    
         137   41.30341    
         138   46.06919    
         139   41.30341    
         140   57.18933    
         141   54.54168    
         142   59.83699    
         143   51.89403    
         144   53.48262    
         145   63.01418    
         146   71.48667    
         147   80.48869    
         148   78.90010    
         149   81.54776    
         150   96.37462    
         151   96.90415    
         152   91.60884    
         153   104.3176    
         154   116.4968    
         155   102.1995    
         156   110.6720    
         157   122.8512    
         158   129.2055    
         159   112.2606    
         160   115.9673    
         161   118.0854    
         162   108.5538    
         163   106.9652    
         164   103.7881    
         165   108.0243    
         166   103.2585    
         167   101.6699    
         168   100.6109    
         169   89.49072    
         170   90.02025    
         171   87.37260    
         172   98.49274    
         173   86.84306    
         174   84.72495    
         175   79.42963    
         176   91.07932    
         177   79.42963    
         178   90.02025    
         179   70.95714    
         180   87.90213    
         181   88.96119    
         182   81.54776    
         183   81.01823    
         184   85.78400    
         185   88.96119    
         186   76.78197    
         187   76.25245    
         188   83.13634    
         189   91.07932    
         190   80.48869    
         191   75.19339    
         192   79.42963    
         193   79.42963    
         194   86.84306    
         195   81.54776    
         196   81.01823    
         197   86.31354    
         198   87.37260    
         199   79.95917    
         200   88.43166    
         201   78.90010    
         202   98.49274    
         203   73.07526    
         204   99.55180    
         205   77.84104    
         206   90.02025    
         207   95.84509    
         208   78.37057    
         209   97.96321    
         210   90.54978    
         211   83.66588    
         212   96.37462    
         213   92.13837    
         214   92.66791    
         215   91.60884    
         216   92.66791    
         217   93.19743    
         218   97.43369    
         219   101.1404    
         220   85.25447    
         221   105.3766    
         222   88.96119    
         223   103.7881    
         224   91.07932    
         225   114.9082    
         226   95.31556    
         227   108.0243    
         228   108.5538    
         229   97.96321    
         230   107.4948    
         231   107.4948    
         232   97.96321    
         233   103.2585    
         234   106.4357    
         235   106.9652    
         236   114.9082    
         237   109.0834    
         238   102.1995    
         239   119.6740    
         240   101.1404    
         241   102.1995    
         242   109.0834    
         243   100.0813    
         244   108.5538    
         245   95.84509    
         246   102.7290    
         247   109.0834    
         248   106.4357    
         249   96.90415    
         250   105.9062    
         251   103.7881    
         252   101.1404    
         253   106.4357    
         254   100.0813    
         255   110.6720    
         256   90.54978    
         257   102.1995    
         258   101.6699    
         259   104.8471    
         260   91.60884    
         261   86.84306    
         262   106.4357    
         263   101.6699    
         264   96.90415    
         265   95.31556    
         266   97.43369    
         267   98.49274    
         268   101.1404    
         269   85.25447    
         270   90.02025    
         271   97.96321    
         272   99.02228    
         273   95.84509    
         274   109.6129    
         275   93.72697    
         276   103.2585    
         277   106.9652    
         278   88.43166    
         279   93.72697    
         280   103.2585    
         281   100.0813    
         282   101.6699    
         283   91.07932    
         284   110.6720    
         285   101.6699    
         286   106.4357    
         287   90.02025    
         288   105.3766    
         289   99.02228    
         290   102.1995    
         291   112.2606    
         292   94.78603    
         293   114.9082    
         294   100.0813    
         295   108.0243    
         296   115.9673    
         297   104.3176    
         298   101.6699    
         299   103.2585    
         300   105.3766    
         301   111.7310    
         302   98.49274    
         303   108.5538    
         304   106.4357    
         305   103.7881    
         306   115.9673    
         307   103.2585    
         308   117.0263    
         309   102.7290    
         310   119.6740    
         311   99.55180    
         312   110.6720    
         313   104.3176    
         314   105.3766    
         315   112.7901    
         316   103.7881    
         317   104.8471    
         318   112.2606    
         319   100.0813    
         320   111.2015    
         321   111.2015    
         322   106.9652    
         323   107.4948    
         324   105.9062    
         325   110.1424    
         326   114.9082    
         327   112.2605    
         328   113.8491    
         329   111.2015    
         330   123.3807    
         331   109.0834    
         332   119.6740    
         333   111.2015    
         334   117.5559    
         335   118.0854    
         336   116.4968    
         337   122.3216    
         338   132.3827    
         339   119.6740    
         340   120.7330    
         341   123.3807    
         342   124.9693    
         343   127.0874    
         344   134.5008    
         345   129.7351    
         346   136.6190    
         347   137.6780    
         348   130.2646    
         349   135.5599    
         350   135.5599    
         351   151.9754    
         352   133.4418    
         353   148.2686    
         354   146.6801    
         355   145.6210    
         356   156.7411    
         357   150.9163    
         358   152.5049    
         359   158.8593    
         360   167.8613    
         361   172.6271    
         362   153.5640    
         363   181.0996    
         364   158.8593    
         365   176.8633    
         366   174.2157    
         367   178.4519    
         368   193.2788    
         369   185.8653    
         370   184.8063    
         371   186.9244    
         372   199.6331    
         373   189.5721    
         374   202.2808    
         375   181.6291    
         376   196.4560    
         377   203.3399    
         378   214.9895    
         379   217.6372    
         380   205.9875    
         381   207.0466    
         382   219.2258    
         383   214.9895    
         384   211.8123    
         385   226.1097    
         386   225.0506    
         387   237.7594    
         388   228.2278    
         389   231.4050    
         390   231.9345    
         391   243.5842    
         392   232.4641    
         393   235.6413    
         394   234.5822    
         395   228.2278    
         396   248.8795    
         397   246.7614    
         398   254.1748    
         399   249.9386    
         400   236.1708    
         401   239.3480    
         402   252.0567    
         403   254.1748    
         404   242.5251    
         405   241.9956    
         406   248.8795    
         407   259.4701    
         408   254.1748    
         409   238.2889    
         410   250.9976    
         411   255.7634    
         412   258.4111    
         413   253.1158    
         414   273.7675    
         415   271.6494    
         416   261.5883    
         417   260.5292    
         418   276.4151    
         419   284.8876    
         420   269.0017    
         421   276.9446    
         422   272.7084    
         423   284.3581    
         424   287.0057    
         425   280.6514    
         426   284.8876    
         427   295.4782    
         428   299.7145    
         429   309.7756    
         430   316.6595    
         431   290.1829    
         432   306.0688    
         433   315.0709    
         434   322.4843    
         435   343.6655    
         436   317.7185    
         437   321.9548    
         438   327.7796    
         439   335.1931    
         440   338.3702    
         441   328.8387    
         442   346.3132    
         443   335.7226    
         444   339.9588    
         445   325.6615    
         446   340.4883    
         447   355.8448    
         448   371.2011    
         449   347.9018    
         450   352.1380    
         451   358.4924    
         452   368.0240    
         453   359.5515    
         454   350.0199    
         455   364.8468    
         456   364.3173    
         457   390.7938    
         458   351.6085    
         459   392.3824    
         460   376.4965    
         461   351.6085    
         462   382.3213    
         463   371.7307    
         464   399.7958    
         465   389.2052    
         466   387.0871    
         467   397.1482    
         468   375.9669    
         469   387.0871    
         470   387.0871    
         471   386.0280    
         472   393.9710    
         473   411.9750    
         474   387.0871    
         475   382.8508    
         476   411.4455    
         477   393.4414    
         478   390.2643    
         479   401.9139    
         480   384.4394    
         481   397.6777    
         482   419.9180    
         483   427.3314    
         484   395.5596    
         485   408.2683    
         486   428.3905    
         487   421.5066    
         488   426.2724    
         489   414.6227    
         490   423.6247    
         491   408.7979    
         492   438.4516    
         493   439.5106    
         494   395.5596    
         495   428.3905    
         496   416.2113    
         497   454.8670    
         498   450.1013    
         499   431.0381    
         500   437.9220    
         501   432.0972    
         502   462.2805    
         503   433.6858    
         504   435.2744    
         505   426.8019    
         506   446.3945    
         507   447.9831    
         508   430.5086    
         509   445.3355    
         510   448.5127    
         511   439.5106    
         512   436.8630    
         513   447.4536    
         514   484.5208    
         515   476.0482    
         516   468.6348    
         517   449.0422    
         518   451.6898    
         519   489.8161    
         520   500.9362    
         521   462.8100    
         522   449.5717    
         523   477.1073    
         524   507.8201    
         525   467.5758    
         526   478.6959    
         527   484.5208    
         528   485.0503    
         529   526.8832    
         530   479.2254    
         531   518.9402    
         532   502.5248    
         533   511.5268    
         534   551.2416    
         535   504.6429    
         536   512.0563    
         537   506.7610    
         538   551.7712    
         539   525.2946    
         540   528.4718    
         541   576.6591    
         542   512.5859    
         543   530.0604    
         544   532.1785    
         545   562.8914    
         546   585.1316    
         547   477.1073    
         548   540.6510    
         549   548.5940    
         550   512.0563    
         551   651.3230    
         552   553.8893    
         553   542.2396    
         554   555.4779    
         555   538.5329    
         556   525.2946    
         557   540.6510    
         558   530.5900    
         559   537.4738    
         560   507.8201    
         561   535.8853    
         562   548.0645    
         563   517.3517    
         564   533.2376    
         565   515.7631    
         566   531.1194    
         567   553.3598    
         568   525.8242    
         569   521.0584    
         570   546.4759    
         571   536.9443    
         572   530.5900    
         573   557.0665    
         574   546.4759    
         575   547.5349    
         576   545.4168    
         577   532.1785    
         578   517.3517    
         579   553.8893    
         580   558.1255    
         581   540.1215    
         582   554.4188    
         583   529.0013    
         584   559.7142    
         585   563.9504    
         586   527.9423    
         587   548.0645    
         588   554.9484    
         589   560.7732    
         590   558.1255    
         591   538.0034    
         592   557.0665    
         593   535.8853    
         594   567.6571    
         595   563.4208    
         596   529.0013    
         597   559.1846    
         598   554.4188    
         599   553.8893    
         600   542.2396    
         601   573.4819    
         602   552.8303    
         603   554.9484    
         604   560.2437    
         605   561.8323    
         606   575.6001    
         607   567.1276    
         608   574.0115    
         609   562.8914    
         610   576.1296    
         611   568.1866    
         612   567.1276    
         613   571.3638    
         614   544.3577    
         615   570.3047    
         616   549.1235    
         617   543.8282    
         618   560.2437    
         619   556.0074    
         620   560.2437    
         621   559.7142    
         622   543.8282    
         623   558.1255    
         624   552.8303    
         625   551.2416    
         626   536.4148    
         627   580.3658    
         628   538.0034    
         629   582.4839    
         630   569.2457    
         631   551.7712    
         632   557.0665    
         633   558.6551    
         634   571.8934    
         635   559.1846    
         636   557.0665    
         637   564.4799    
         638   564.4799    
         639   581.4249    
         640   540.1215    
         641   575.6001    
         642   556.5370    
         643   570.3047    
         644   562.8914    
         645   564.4799    
         646   584.6021    
         647   589.3679    
         648   574.5410    
         649   582.4839    
         650   573.4819    
         651   595.1927    
         652   567.1276    
         653   595.1927    
         654   596.7813    
         655   600.4880    
         656   600.4880    
         657   607.9014    
         658   604.7242    
         659   615.3149    
         660   586.1907    
         661   615.8444    
         662   602.6061    
         663   587.7793    
         664   632.7894    
         665   591.4860    
         666   633.8484    
         667   602.6061    
         668   606.8424    
         669   613.7263    
         670   621.6693    
         671   610.0196    
         672   608.4310    
         673   608.9605    
         674   622.1988    
         675   616.9035    
         676   618.4921    
         677   638.0847    
         678   612.1377    
         679   621.6693    
         680   631.2008    
         681   593.0746    
         682   623.7874    
         683   621.6693    
         684   597.3109    
         685   596.2518    
         686   640.7324    
         687   614.2558    
         688   630.1417    
         689   614.7853    
         690   598.8994    
         691   615.3149    
         692   626.9645    
         693   612.1377    
         694   604.7242    
         695   607.9014    
         696   607.3719    
         697   626.4351    
         698   599.9585    
         699   619.0216    
         700   615.3149    
         701   606.3129    
         702   612.1377    
         703   596.2518    
         704   626.4351    
         705   597.8404    
         706   613.7263    
         707   608.4310    
         708   584.0726    
         709   579.8363    
         710   619.5511    
         711   573.4819    
         712   583.0135    
         713   589.3679    
         714   587.7793    
         715   572.9524    
         716   599.9585    
         717   565.5390    
         718   578.7772    
         719   578.7773    
         720   549.1235    
         721   572.4229    
         722   567.1276    
         723   566.5980    
         724   549.1235    
         725   557.5960    
         726   562.8913    
         727   534.8262    
         728   559.1846    
         729   539.0624    
         730   539.0624    
         731   553.8893    
         732   540.6510    
         733   546.4759    
         734   536.4148    
         735   548.0645    
         736   528.4718    
         737   534.2966    
         738   528.4718    
         739   557.5960    
         740   551.7712    
         741   524.2356    
         742   535.8853    
         743   537.4738    
         744   518.4107    
         745   534.2966    
         746   531.1194    
         747   537.4738    
         748   533.2376    
         749   523.1765    
         750   534.8262    
         751   525.2946    
         752   529.0013    
         753   528.4718    
         754   543.2987    
         755   523.1765    
         756   530.0604    
         757   522.6470    
         758   512.0563    
         759   525.8242    
         760   539.5920    
         761   513.6450    
         762   521.5879    
         763   515.7631    
         764   518.4107    
         765   518.4107    
         766   534.2966    
         767   495.1114    
         768   515.7631    
         769   517.3517    
         770   508.3496    
         771   531.1194    
         772   504.6429    
         773   517.8812    
         774   523.7061    
         775   507.8201    
         776   520.5289    
         777   516.2926    
         778   510.4678    
         779   513.6450    
         780   495.6409    
         781   531.6490    
         782   507.2906    
         783   494.5818    
         784   516.2926    
         785   491.9342    
         786   504.6429    
         787   507.2906    
         788   496.1704    
         789   509.4087    
         790   508.8792    
         791   473.4006    
         792   512.5859    
         793   504.6429    
         794   500.9362    
         795   481.8731    
         796   507.8201    
         797   503.0543    
         798   500.4067    
         799   496.1704    
         800   497.7590    
         801   486.6389    
         802   510.9973    
         803   496.7000    
         804   483.9912    
         805   493.5228    
         806   488.2275    
         807   504.6429    
         808   489.8161    
         809   499.8772    
         810   492.4637    
         811   500.9362    
         812   497.7590    
         813   505.7020    
         814   504.1134    
         815   505.1725    
         816   508.8792    
         817   515.2335    
         818   514.7040    
         819   492.9933    
         820   520.5289    
         821   516.8221    
         822   498.8181    
         823   530.5900    
         824   505.1725    
         825   512.0563    
         826   552.3007    
         827   511.5268    
         828   509.4087    
         829   519.9993    
         830   524.2356    
         831   532.7081    
         832   503.0543    
         833   548.0645    
         834   529.0013    
         835   539.5920    
         836   558.1255    
         837   540.6510    
         838   573.4819    
         839   566.5980    
         840   562.3618    
         841   595.1927    
         842   611.6082    
         843   613.7263    
         844   660.8546    
         845   648.1458    
         846   664.5613    
         847   701.0989    
         848   724.9278    
         849   781.0580    
         850   777.3513    
         851   892.2595    
         852   905.4978    
         853   983.8684    
         854   1104.072    
         855   1229.041    
         856   1351.892    
         857   1607.126    
         858   1739.509    
         859   1912.136    
         860   1798.816    
         861   1361.953    
         862   975.9254    
         863   788.4715    
         864   676.7405    
         865   574.5410    
         866   500.9362    
         867   489.2865    
         868   433.6858    
         869   398.7368    
         870   382.3213    
         871   352.1380    
         872   343.1360    
         873   322.4843    
         874   298.6554    
         875   301.3031    
         876   272.7084    
         877   259.4701    
         878   265.2950    
         879   248.8795    
         880   240.4070    
         881   238.8184    
         882   222.9325    
         883   222.4030    
         884   206.5170    
         885   210.2238    
         886   209.6942    
         887   191.6902    
         888   198.5741    
         889   184.8063    
         890   186.9244    
         891   181.6291    
         892   177.9224    
         893   184.8063    
         894   160.4479    
         895   170.5089    
         896   171.0385    
         897   160.9774    
         898   156.2116    
         899   170.5089    
         900   158.8593    
         901   162.0365    
         902   146.1505    
         903   155.1525    
         904   154.6230    
         905   159.9183    
         906   142.4438    
         907   157.2707    
         908   137.1485    
         909   150.3868    
         910   145.0915    
         911   144.5619    
         912   143.5029    
         913   141.9143    
         914   137.1485    
         915   141.9143    
         916   146.1505    
         917   136.0894    
         918   136.0894    
         919   144.5619    
         920   140.3257    
         921   142.9733    
         922   143.5029    
         923   145.6210    
         924   147.2096    
         925   133.9713    
         926   133.9713    
         927   147.7391    
         928   142.4438    
         929   149.3277    
         930   122.8512    
         931   138.2076    
         932   132.9122    
         933   139.7962    
         934   124.4398    
         935   141.3848    
         936   125.4988    
         937   135.0304    
         938   136.6190    
         939   127.6169    
         940   140.8552    
         941   127.6169    
         942   129.7351    
         943   120.7330    
         944   128.1465    
         945   122.3216    
         946   123.9102    
         947   121.7921    
         948   121.2626    
         949   122.3216    
         950   121.7921    
         951   117.0263    
         952   110.6720    
         953   112.7901    
         954   103.7881    
         955   106.9652    
         956   119.6740    
         957   111.7310    
         958   110.6720    
         959   106.4357    
         960   105.3766    
         961   106.9652    
         962   106.4357    
         963   103.7881    
         964   99.02228    
         965   99.02228    
         966   101.6699    
         967   102.1995    
         968   102.7290    
         969   88.96119    
         970   100.6109    
         971   91.07932    
         972   92.66791    
         973   90.54978    
         974   89.49072    
         975   96.37462    
         976   85.25447    
         977   87.37260    
         978   87.90213    
         979   86.84306    
         980   85.25447    
         981   79.95917    
         982   86.31354    
         983   81.01823    
         984   79.95917    
         985   84.19541    
         986   78.90010    
         987   79.42963    
         988   85.25447    
         989   71.48667    
         990   88.96119    
         991   78.37057    
         992   75.19338    
         993   77.31151    
         994   76.25245    
         995   78.37057    
         996   75.19339    
         997   76.25245    
         998   77.31151    
         999   67.25042    
        1000   66.19136    
        1001   75.19339    
        1002   67.25042    
        1003   71.48667    
        1004   69.36855    
        1005   64.60277    
        1006   69.89808    
        1007   64.60277    
        1008   66.72089    
        1009   61.42558    
        1010   59.83699    
        1011   57.71886    
        1012   56.13027    
        1013   60.36652    
        1014   61.42558    
        1015   52.42356    
        1016   54.54168    
        1017   64.07323    
        1018   55.60074    
        1019   49.77590    
        1020   61.95511    
        1021   51.36449    
        1022   50.30544    
        1023   50.30544    
        1024   57.71887    
