 #   Y    A
           1  0.0000000E+00
           2  0.0000000E+00
           3  0.0000000E+00
           4  0.0000000E+00
           5  0.0000000E+00
           6  0.0000000E+00
           7  0.0000000E+00
           8  0.0000000E+00
           9  0.0000000E+00
          10  0.0000000E+00
          11  0.0000000E+00
          12  0.0000000E+00
          13  0.0000000E+00
          14  0.0000000E+00
          15  0.0000000E+00
          16  0.0000000E+00
          17  0.0000000E+00
          18  0.0000000E+00
          19  0.0000000E+00
          20  0.0000000E+00
          21  0.0000000E+00
          22  0.0000000E+00
          23  0.0000000E+00
          24  0.0000000E+00
          25  0.0000000E+00
          26  0.0000000E+00
          27  0.0000000E+00
          28  0.0000000E+00
          29  0.0000000E+00
          30  0.0000000E+00
          31  0.0000000E+00
          32  0.0000000E+00
          33  0.0000000E+00
          34  0.0000000E+00
          35  0.0000000E+00
          36  0.0000000E+00
          37  0.0000000E+00
          38  0.0000000E+00
          39  0.0000000E+00
          40  0.0000000E+00
          41  0.0000000E+00
          42  0.0000000E+00
          43  0.0000000E+00
          44  0.0000000E+00
          45  0.0000000E+00
          46  0.0000000E+00
          47  0.0000000E+00
          48  0.0000000E+00
          49  0.0000000E+00
          50  0.0000000E+00
          51  0.0000000E+00
          52  0.0000000E+00
          53  0.0000000E+00
          54  0.0000000E+00
          55  0.0000000E+00
          56  0.0000000E+00
          57  0.0000000E+00
          58  0.0000000E+00
          59  0.0000000E+00
          60  0.0000000E+00
          61  0.0000000E+00
          62  0.0000000E+00
          63  0.0000000E+00
          64  0.0000000E+00
          65  0.0000000E+00
          66  0.0000000E+00
          67  0.0000000E+00
          68  0.0000000E+00
          69  0.0000000E+00
          70  0.0000000E+00
          71  0.0000000E+00
          72  0.0000000E+00
          73  0.0000000E+00
          74  0.0000000E+00
          75  0.0000000E+00
          76  0.0000000E+00
          77  0.0000000E+00
          78  0.0000000E+00
          79  0.0000000E+00
          80  0.0000000E+00
          81  0.0000000E+00
          82  0.0000000E+00
          83  0.0000000E+00
          84  0.0000000E+00
          85  0.0000000E+00
          86  0.0000000E+00
          87  0.0000000E+00
          88  0.0000000E+00
          89  0.0000000E+00
          90  0.0000000E+00
          91  0.0000000E+00
          92  0.0000000E+00
          93  0.0000000E+00
          94  0.0000000E+00
          95  0.0000000E+00
          96  0.0000000E+00
          97  0.0000000E+00
          98  0.0000000E+00
          99  0.0000000E+00
         100  0.0000000E+00
         101  0.0000000E+00
         102  0.0000000E+00
         103  0.0000000E+00
         104  0.0000000E+00
         105  0.0000000E+00
         106  0.0000000E+00
         107  0.0000000E+00
         108  0.0000000E+00
         109  0.0000000E+00
         110  0.0000000E+00
         111  0.0000000E+00
         112  0.0000000E+00
         113  0.0000000E+00
         114  0.0000000E+00
         115  0.0000000E+00
         116  0.0000000E+00
         117  0.0000000E+00
         118  0.0000000E+00
         119  0.0000000E+00
         120  0.0000000E+00
         121  0.0000000E+00
         122  0.0000000E+00
         123  0.0000000E+00
         124  0.0000000E+00
         125  0.0000000E+00
         126  0.0000000E+00
         127  0.0000000E+00
         128  0.0000000E+00
         129  0.0000000E+00
         130  0.0000000E+00
         131  0.0000000E+00
         132  0.0000000E+00
         133  0.0000000E+00
         134  0.0000000E+00
         135  0.0000000E+00
         136  0.0000000E+00
         137  0.0000000E+00
         138  0.0000000E+00
         139  0.0000000E+00
         140  0.0000000E+00
         141  0.0000000E+00
         142  0.0000000E+00
         143  0.0000000E+00
         144  0.0000000E+00
         145  0.0000000E+00
         146  0.0000000E+00
         147  0.0000000E+00
         148  0.0000000E+00
         149  0.0000000E+00
         150  0.0000000E+00
         151  0.0000000E+00
         152  0.0000000E+00
         153  0.0000000E+00
         154  0.0000000E+00
         155  0.0000000E+00
         156  0.0000000E+00
         157  0.0000000E+00
         158  0.0000000E+00
         159  0.0000000E+00
         160  0.0000000E+00
         161  0.0000000E+00
         162  0.0000000E+00
         163  0.0000000E+00
         164  0.0000000E+00
         165  0.0000000E+00
         166  0.0000000E+00
         167  0.0000000E+00
         168  0.0000000E+00
         169  0.0000000E+00
         170  0.0000000E+00
         171  0.0000000E+00
         172  0.0000000E+00
         173  0.0000000E+00
         174  0.0000000E+00
         175  0.0000000E+00
         176  0.0000000E+00
         177  0.0000000E+00
         178  0.0000000E+00
         179  0.0000000E+00
         180  0.0000000E+00
         181  0.0000000E+00
         182  0.0000000E+00
         183  0.0000000E+00
         184  0.0000000E+00
         185  0.0000000E+00
         186  0.0000000E+00
         187  0.0000000E+00
         188  0.0000000E+00
         189  0.0000000E+00
         190  0.0000000E+00
         191  0.0000000E+00
         192  0.0000000E+00
         193  0.0000000E+00
         194  0.0000000E+00
         195  0.0000000E+00
         196  0.0000000E+00
         197  0.0000000E+00
         198  0.0000000E+00
         199  0.0000000E+00
         200  0.0000000E+00
         201  0.0000000E+00
         202  0.0000000E+00
         203  0.0000000E+00
         204  0.0000000E+00
         205  0.0000000E+00
         206  0.0000000E+00
         207  0.0000000E+00
         208  0.0000000E+00
         209  0.0000000E+00
         210  0.0000000E+00
         211  0.0000000E+00
         212  0.0000000E+00
         213  0.0000000E+00
         214  0.0000000E+00
         215  0.0000000E+00
         216  0.0000000E+00
         217  0.0000000E+00
         218  0.0000000E+00
         219  0.0000000E+00
         220  0.0000000E+00
         221  0.0000000E+00
         222  0.0000000E+00
         223  0.0000000E+00
         224  0.0000000E+00
         225  0.0000000E+00
         226  0.0000000E+00
         227  0.0000000E+00
         228  0.0000000E+00
         229  0.0000000E+00
         230  0.0000000E+00
         231  0.0000000E+00
         232  0.0000000E+00
         233  0.0000000E+00
         234  0.0000000E+00
         235  0.0000000E+00
         236  0.0000000E+00
         237  0.0000000E+00
         238  0.0000000E+00
         239  0.0000000E+00
         240  0.0000000E+00
         241  0.0000000E+00
         242  0.0000000E+00
         243  0.0000000E+00
         244  0.0000000E+00
         245  0.0000000E+00
         246  0.0000000E+00
         247  0.0000000E+00
         248  0.0000000E+00
         249  0.0000000E+00
         250  0.0000000E+00
         251  0.0000000E+00
         252  0.0000000E+00
         253  0.0000000E+00
         254  0.0000000E+00
         255  0.0000000E+00
         256  0.0000000E+00
         257  0.0000000E+00
         258  0.0000000E+00
         259  0.0000000E+00
         260  0.0000000E+00
         261  0.0000000E+00
         262  0.0000000E+00
         263  0.0000000E+00
         264  0.0000000E+00
         265  0.0000000E+00
         266  0.0000000E+00
         267  0.0000000E+00
         268  0.0000000E+00
         269  0.0000000E+00
         270  0.0000000E+00
         271  0.0000000E+00
         272  0.0000000E+00
         273  0.0000000E+00
         274  0.0000000E+00
         275  0.0000000E+00
         276  0.0000000E+00
         277  0.0000000E+00
         278  0.0000000E+00
         279  0.0000000E+00
         280  0.0000000E+00
         281  0.0000000E+00
         282  0.0000000E+00
         283  0.0000000E+00
         284  0.0000000E+00
         285  0.0000000E+00
         286  0.0000000E+00
         287  0.0000000E+00
         288  0.0000000E+00
         289  0.0000000E+00
         290  0.0000000E+00
         291  0.0000000E+00
         292  0.0000000E+00
         293  0.0000000E+00
         294  0.0000000E+00
         295  0.0000000E+00
         296  0.0000000E+00
         297  0.0000000E+00
         298  0.0000000E+00
         299  0.0000000E+00
         300  0.0000000E+00
         301  0.0000000E+00
         302  0.0000000E+00
         303  0.0000000E+00
         304  0.0000000E+00
         305  0.0000000E+00
         306  0.0000000E+00
         307  0.0000000E+00
         308  0.0000000E+00
         309  0.0000000E+00
         310  0.0000000E+00
         311  0.0000000E+00
         312  0.0000000E+00
         313  0.0000000E+00
         314  0.0000000E+00
         315  0.0000000E+00
         316  0.0000000E+00
         317  0.0000000E+00
         318  0.0000000E+00
         319  0.0000000E+00
         320  0.0000000E+00
         321  0.0000000E+00
         322  0.0000000E+00
         323  0.0000000E+00
         324  0.0000000E+00
         325  0.0000000E+00
         326  0.0000000E+00
         327  0.0000000E+00
         328  0.0000000E+00
         329  0.0000000E+00
         330  0.0000000E+00
         331  0.0000000E+00
         332  0.0000000E+00
         333  0.0000000E+00
         334  0.0000000E+00
         335  0.0000000E+00
         336  0.0000000E+00
         337  0.0000000E+00
         338  0.5295309    
         339   6.354371    
         340   14.29733    
         341   22.76983    
         342   28.06514    
         343   29.12420    
         344   32.83091    
         345   36.53763    
         346   32.83091    
         347   28.59467    
         348   29.12420    
         349   56.13027    
         350   37.06716    
         351   38.65575    
         352   36.53763    
         353   36.00810    
         354   38.65575    
         355   40.24435    
         356   39.18529    
         357   42.89200    
         358   50.83496    
         359   47.12825    
         360   47.65778    
         361   42.89200    
         362   60.36652    
         363   50.30544    
         364   62.48465    
         365   41.30341    
         366   50.83496    
         367   51.36449    
         368   42.89200    
         369   57.18933    
         370   55.07121    
         371   49.24637    
         372   50.83496    
         373   44.48059    
         374   59.83699    
         375   61.42558    
         376   51.89403    
         377   72.01620    
         378   58.77793    
         379   62.48465    
         380   68.83901    
         381   74.13432    
         382   59.83699    
         383   65.13230    
         384   81.01823    
         385   68.30949    
         386   66.19136    
         387   84.72494    
         388   69.36855    
         389   82.07729    
         390   94.78603    
         391   81.01823    
         392   82.07729    
         393   95.31556    
         394   100.6109    
         395   104.8471    
         396   101.1404    
         397   105.9062    
         398   102.1995    
         399   117.5559    
         400   132.9122    
         401   128.6760    
         402   124.4398    
         403   139.2666    
         404   147.7391    
         405   167.8613    
         406   162.5660    
         407   181.0996    
         408   196.9855    
         409   207.5761    
         410   218.6963    
         411   246.7614    
         412   255.2339    
         413   292.3011    
         414   302.3621    
         415   346.8427    
         416   365.3763    
         417   406.1502    
         418   457.5147    
         419   472.8711    
         420   557.5960    
         421   656.0887    
         422   726.5164    
         423   756.6996    
         424   802.2393    
         425   800.6507    
         426   783.7057    
         427   847.7789    
         428   776.8218    
         429   786.3533    
         430   734.9889    
         431   752.9929    
         432   794.8259    
         433   736.5775    
         434   780.5285    
         435   765.7017    
         436   758.2882    
         437   779.4695    
         438   725.4573    
         439   765.1721    
         440   765.1721    
         441   790.5896    
         442   827.1273    
         443   817.5957    
         444   853.0742    
         445   853.0742    
         446   867.9011    
         447   904.4387    
         448   890.6710    
         449   949.9784    
         450   949.4489    
         451   1031.526    
         452   1035.233    
         453   1099.306    
         454   1131.078    
         455   1225.864    
         456   1270.874    
         457   1329.652    
         458   1437.676    
         459   1556.821    
         460   1585.415    
         461   1779.224    
         462   1814.173    
         463   1832.177    
         464   1869.244    
         465   1933.847    
         466   1974.621    
         467   2140.893    
         468   2320.404    
         469   2726.554    
         470   3146.472    
         471   3654.292    
         472   4006.960    
         473   4971.236    
         474   6335.308    
         475   5792.539    
         476   4497.306    
         477   3728.427    
         478   3368.875    
         479   3109.405    
         480   2663.011    
         481   2309.814    
         482   2120.771    
         483   1973.562    
         484   1836.943    
         485   1765.985    
         486   1673.847    
         487   1634.662    
         488   1598.124    
         489   1548.348    
         490   1477.391    
         491   1487.452    
         492   1467.860    
         493   1392.666    
         494   1414.377    
         495   1366.719    
         496   1417.554    
         497   1339.184    
         498   1457.269    
         499   1390.019    
         500   1388.430    
         501   1376.780    
         502   1377.839    
         503   1346.597    
         504   1356.658    
         505   1347.656    
         506   1329.652    
         507   1329.652    
         508   1297.351    
         509   1326.475    
         510   1308.471    
         511   1260.283    
         512   1254.459    
         513   1295.762    
         514   1256.577    
         515   1162.850    
         516   1217.391    
         517   1182.443    
         518   1209.448    
         519   1200.976    
         520   1140.609    
         521   1134.255    
         522   1101.424    
         523   1131.078    
         524   1158.084    
         525   1055.355    
         526   1106.190    
         527   997.6362    
         528   1070.182    
         529   1029.408    
         530   1010.874    
         531   1054.296    
         532   979.6321    
         533   1014.581    
         534   1005.579    
         535   1003.991    
         536   1002.402    
         537   1075.477    
         538   1003.461    
         539   981.7502    
         540   1062.239    
         541   1001.872    
         542   965.3348    
         543   1059.062    
         544   1019.347    
         545   1105.661    
         546   1012.993    
         547   1099.306    
         548   1037.351    
         549   1055.885    
         550   1035.762    
         551   1060.650    
         552   1053.237    
         553   1085.009    
         554   1027.819    
         555   1108.308    
         556   1078.654    
         557   1012.993    
         558   1090.834    
         559   1031.526    
         560   1091.363    
         561   1059.062    
         562   984.3979    
         563   1076.007    
         564   1036.822    
         565   1098.777    
         566   1061.180    
         567   1030.467    
         568   1066.475    
         569   1069.123    
         570   1006.109    
         571   1058.003    
         572   1103.013    
         573   1028.349    
         574   1136.903    
         575   1085.009    
         576   1078.125    
         577   1042.646    
         578   1079.184    
         579   1139.550    
         580   1089.775    
         581   1110.956    
         582   1010.874    
         583   1080.243    
         584   1059.591    
         585   1055.885    
         586   1044.764    
         587   1110.426    
         588   1046.883    
         589   1096.658    
         590   1042.646    
         591   1105.661    
         592   1080.773    
         593   1094.011    
         594   1069.123    
         595   1016.170    
         596   1069.123    
         597   1070.182    
         598   1030.467    
         599   1106.190    
         600   1010.874    
         601   1023.583    
         602   1033.115    
         603   1022.524    
         604   1049.001    
         605   1046.353    
         606   1085.009    
         607   1062.239    
         608   1096.658    
         609   1082.361    
         610   1086.597    
         611   1118.369    
         612   1112.544    
         613   1080.243    
         614   1084.479    
         615   1099.306    
         616   1091.363    
         617   1079.184    
         618   1088.186    
         619   1079.184    
         620   1058.532    
         621   1089.775    
         622   1074.948    
         623   1100.895    
         624   1093.481    
         625   1089.775    
         626   1039.999    
         627   1121.017    
         628   1073.359    
         629   1049.530    
         630   1089.245    
         631   1063.298    
         632   1058.532    
         633   1063.828    
         634   1056.944    
         635   1042.646    
         636   1076.007    
         637   1046.353    
         638   1106.719    
         639   1074.418    
         640   1060.121    
         641   1046.353    
         642   1085.538    
         643   1024.642    
         644   976.4550    
         645   1019.347    
         646   1018.288    
         647   958.9804    
         648   1000.813    
         649   943.6240    
         650   929.3267    
         651   910.2635    
         652   857.8400    
         653   813.8890    
         654   795.3554    
         655   767.8198    
         656   751.4043    
         657   691.0378    
         658   718.5734    
         659   649.7344    
         660   663.5022    
         661   579.3068    
         662   592.0155    
         663   574.0115    
         664   547.5349    
         665   510.9973    
         666   517.3517    
         667   507.2906    
         668   487.1684    
         669   494.5818    
         670   478.6959    
         671   429.9791    
         672   427.8610    
         673   436.8630    
         674   413.0341    
         675   386.0280    
         676   374.9079    
         677   370.6716    
         678   373.3193    
         679   347.9018    
         680   343.6656    
         681   348.4313    
         682   342.0770    
         683   320.3662    
         684   328.8387    
         685   323.0139    
         686   310.8346    
         687   312.9528    
         688   287.5353    
         689   300.7735    
         690   303.9507    
         691   274.2970    
         692   265.2950    
         693   245.1728    
         694   261.0587    
         695   268.4722    
         696   236.7003    
         697   212.8714    
         698   223.9916    
         699   224.5211    
         700   217.6372    
         701   204.9285    
         702   190.1016    
         703   196.9855    
         704   208.1056    
         705   192.7492    
         706   180.0405    
         707   156.7411    
         708   165.2136    
         709   169.4499    
         710   147.2096    
         711   154.0935    
         712   138.7371    
         713   131.3237    
         714   115.9673    
         715   109.6129    
         716   78.37057    
         717   25.41748    
         718  0.0000000E+00
         719  0.0000000E+00
         720  0.0000000E+00
         721  0.0000000E+00
         722  0.0000000E+00
         723  0.0000000E+00
         724  0.0000000E+00
         725  0.0000000E+00
         726  0.0000000E+00
         727  0.0000000E+00
         728  0.0000000E+00
         729  0.0000000E+00
         730  0.0000000E+00
         731  0.0000000E+00
         732  0.0000000E+00
         733  0.0000000E+00
         734  0.0000000E+00
         735  0.0000000E+00
         736  0.0000000E+00
         737  0.0000000E+00
         738  0.0000000E+00
         739  0.0000000E+00
         740  0.0000000E+00
         741  0.0000000E+00
         742  0.0000000E+00
         743  0.0000000E+00
         744  0.0000000E+00
         745  0.0000000E+00
         746  0.0000000E+00
         747  0.0000000E+00
         748  0.0000000E+00
         749  0.0000000E+00
         750  0.0000000E+00
         751  0.0000000E+00
         752  0.0000000E+00
         753  0.0000000E+00
         754  0.0000000E+00
         755  0.0000000E+00
         756  0.0000000E+00
         757  0.0000000E+00
         758  0.0000000E+00
         759  0.0000000E+00
         760  0.0000000E+00
         761  0.0000000E+00
         762  0.0000000E+00
         763  0.0000000E+00
         764  0.0000000E+00
         765  0.0000000E+00
         766  0.0000000E+00
         767  0.0000000E+00
         768  0.0000000E+00
         769  0.0000000E+00
         770  0.0000000E+00
         771  0.0000000E+00
         772  0.0000000E+00
         773  0.0000000E+00
         774  0.0000000E+00
         775  0.0000000E+00
         776  0.0000000E+00
         777  0.0000000E+00
         778  0.0000000E+00
         779  0.0000000E+00
         780  0.0000000E+00
         781  0.0000000E+00
         782  0.0000000E+00
         783  0.0000000E+00
         784  0.0000000E+00
         785  0.0000000E+00
         786  0.0000000E+00
         787  0.0000000E+00
         788  0.0000000E+00
         789  0.0000000E+00
         790  0.0000000E+00
         791  0.0000000E+00
         792  0.0000000E+00
         793  0.0000000E+00
         794  0.0000000E+00
         795  0.0000000E+00
         796  0.0000000E+00
         797  0.0000000E+00
         798  0.0000000E+00
         799  0.0000000E+00
         800  0.0000000E+00
         801  0.0000000E+00
         802  0.0000000E+00
         803  0.0000000E+00
         804  0.0000000E+00
         805  0.0000000E+00
         806  0.0000000E+00
         807  0.0000000E+00
         808  0.0000000E+00
         809  0.0000000E+00
         810  0.0000000E+00
         811  0.0000000E+00
         812  0.0000000E+00
         813  0.0000000E+00
         814  0.0000000E+00
         815  0.0000000E+00
         816  0.0000000E+00
         817  0.0000000E+00
         818  0.0000000E+00
         819  0.0000000E+00
         820  0.0000000E+00
         821  0.0000000E+00
         822  0.0000000E+00
         823  0.0000000E+00
         824  0.0000000E+00
         825  0.0000000E+00
         826  0.0000000E+00
         827  0.0000000E+00
         828  0.0000000E+00
         829  0.0000000E+00
         830  0.0000000E+00
         831  0.0000000E+00
         832  0.0000000E+00
         833  0.0000000E+00
         834  0.0000000E+00
         835  0.0000000E+00
         836  0.0000000E+00
         837  0.0000000E+00
         838  0.0000000E+00
         839  0.0000000E+00
         840  0.0000000E+00
         841  0.0000000E+00
         842  0.0000000E+00
         843  0.0000000E+00
         844  0.0000000E+00
         845  0.0000000E+00
         846  0.0000000E+00
         847  0.0000000E+00
         848  0.0000000E+00
         849  0.0000000E+00
         850  0.0000000E+00
         851  0.0000000E+00
         852  0.0000000E+00
         853  0.0000000E+00
         854  0.0000000E+00
         855  0.0000000E+00
         856  0.0000000E+00
         857  0.0000000E+00
         858  0.0000000E+00
         859  0.0000000E+00
         860  0.0000000E+00
         861  0.0000000E+00
         862  0.0000000E+00
         863  0.0000000E+00
         864  0.0000000E+00
         865  0.0000000E+00
         866  0.0000000E+00
         867  0.0000000E+00
         868  0.0000000E+00
         869  0.0000000E+00
         870  0.0000000E+00
         871  0.0000000E+00
         872  0.0000000E+00
         873  0.0000000E+00
         874  0.0000000E+00
         875  0.0000000E+00
         876  0.0000000E+00
         877  0.0000000E+00
         878  0.0000000E+00
         879  0.0000000E+00
         880  0.0000000E+00
         881  0.0000000E+00
         882  0.0000000E+00
         883  0.0000000E+00
         884  0.0000000E+00
         885  0.0000000E+00
         886  0.0000000E+00
         887  0.0000000E+00
         888  0.0000000E+00
         889  0.0000000E+00
         890  0.0000000E+00
         891  0.0000000E+00
         892  0.0000000E+00
         893  0.0000000E+00
         894  0.0000000E+00
         895  0.0000000E+00
         896  0.0000000E+00
         897  0.0000000E+00
         898  0.0000000E+00
         899  0.0000000E+00
         900  0.0000000E+00
         901  0.0000000E+00
         902  0.0000000E+00
         903  0.0000000E+00
         904  0.0000000E+00
         905  0.0000000E+00
         906  0.0000000E+00
         907  0.0000000E+00
         908  0.0000000E+00
         909  0.0000000E+00
         910  0.0000000E+00
         911  0.0000000E+00
         912  0.0000000E+00
         913  0.0000000E+00
         914  0.0000000E+00
         915  0.0000000E+00
         916  0.0000000E+00
         917  0.0000000E+00
         918  0.0000000E+00
         919  0.0000000E+00
         920  0.0000000E+00
         921  0.0000000E+00
         922  0.0000000E+00
         923  0.0000000E+00
         924  0.0000000E+00
         925  0.0000000E+00
         926  0.0000000E+00
         927  0.0000000E+00
         928  0.0000000E+00
         929  0.0000000E+00
         930  0.0000000E+00
         931  0.0000000E+00
         932  0.0000000E+00
         933  0.0000000E+00
         934  0.0000000E+00
         935  0.0000000E+00
         936  0.0000000E+00
         937  0.0000000E+00
         938  0.0000000E+00
         939  0.0000000E+00
         940  0.0000000E+00
         941  0.0000000E+00
         942  0.0000000E+00
         943  0.0000000E+00
         944  0.0000000E+00
         945  0.0000000E+00
         946  0.0000000E+00
         947  0.0000000E+00
         948  0.0000000E+00
         949  0.0000000E+00
         950  0.0000000E+00
         951  0.0000000E+00
         952  0.0000000E+00
         953  0.0000000E+00
         954  0.0000000E+00
         955  0.0000000E+00
         956  0.0000000E+00
         957  0.0000000E+00
         958  0.0000000E+00
         959  0.0000000E+00
         960  0.0000000E+00
         961  0.0000000E+00
         962  0.0000000E+00
         963  0.0000000E+00
         964  0.0000000E+00
         965  0.0000000E+00
         966  0.0000000E+00
         967  0.0000000E+00
         968  0.0000000E+00
         969  0.0000000E+00
         970  0.0000000E+00
         971  0.0000000E+00
         972  0.0000000E+00
         973  0.0000000E+00
         974  0.0000000E+00
         975  0.0000000E+00
         976  0.0000000E+00
         977  0.0000000E+00
         978  0.0000000E+00
         979  0.0000000E+00
         980  0.0000000E+00
         981  0.0000000E+00
         982  0.0000000E+00
         983  0.0000000E+00
         984  0.0000000E+00
         985  0.0000000E+00
         986  0.0000000E+00
         987  0.0000000E+00
         988  0.0000000E+00
         989  0.0000000E+00
         990  0.0000000E+00
         991  0.0000000E+00
         992  0.0000000E+00
         993  0.0000000E+00
         994  0.0000000E+00
         995  0.0000000E+00
         996  0.0000000E+00
         997  0.0000000E+00
         998  0.0000000E+00
         999  0.0000000E+00
        1000  0.0000000E+00
        1001  0.0000000E+00
        1002  0.0000000E+00
        1003  0.0000000E+00
        1004  0.0000000E+00
        1005  0.0000000E+00
        1006  0.0000000E+00
        1007  0.0000000E+00
        1008  0.0000000E+00
        1009  0.0000000E+00
        1010  0.0000000E+00
        1011  0.0000000E+00
        1012  0.0000000E+00
        1013  0.0000000E+00
        1014  0.0000000E+00
        1015  0.0000000E+00
        1016  0.0000000E+00
        1017  0.0000000E+00
        1018  0.0000000E+00
        1019  0.0000000E+00
        1020  0.0000000E+00
        1021  0.0000000E+00
        1022  0.0000000E+00
        1023  0.0000000E+00
        1024  0.0000000E+00
