 #   Y    A
           1  0.0000000E+00
           2  0.0000000E+00
           3  0.0000000E+00
           4  0.0000000E+00
           5  0.0000000E+00
           6  0.0000000E+00
           7  0.0000000E+00
           8  0.0000000E+00
           9  0.0000000E+00
          10  0.0000000E+00
          11  0.0000000E+00
          12  0.0000000E+00
          13  0.0000000E+00
          14  0.0000000E+00
          15  0.0000000E+00
          16  0.0000000E+00
          17  0.0000000E+00
          18  0.0000000E+00
          19  0.0000000E+00
          20  0.0000000E+00
          21  0.0000000E+00
          22  0.0000000E+00
          23  0.0000000E+00
          24  0.0000000E+00
          25  0.0000000E+00
          26  0.0000000E+00
          27  0.0000000E+00
          28  0.0000000E+00
          29  0.0000000E+00
          30  0.0000000E+00
          31  0.0000000E+00
          32  0.0000000E+00
          33  0.0000000E+00
          34  0.0000000E+00
          35  0.0000000E+00
          36  0.0000000E+00
          37  0.0000000E+00
          38  0.0000000E+00
          39  0.0000000E+00
          40  0.0000000E+00
          41  0.0000000E+00
          42  0.0000000E+00
          43  0.0000000E+00
          44  0.0000000E+00
          45  0.0000000E+00
          46  0.0000000E+00
          47  0.0000000E+00
          48  0.0000000E+00
          49  0.0000000E+00
          50  0.0000000E+00
          51  0.0000000E+00
          52  0.0000000E+00
          53  0.0000000E+00
          54  0.0000000E+00
          55  0.0000000E+00
          56  0.0000000E+00
          57  0.0000000E+00
          58  0.0000000E+00
          59  0.0000000E+00
          60  0.0000000E+00
          61  0.0000000E+00
          62  0.0000000E+00
          63  0.0000000E+00
          64  0.0000000E+00
          65  0.0000000E+00
          66  0.0000000E+00
          67  0.0000000E+00
          68  0.0000000E+00
          69  0.0000000E+00
          70  0.0000000E+00
          71  0.0000000E+00
          72  0.0000000E+00
          73  0.0000000E+00
          74  0.0000000E+00
          75  0.0000000E+00
          76  0.0000000E+00
          77  0.0000000E+00
          78  0.0000000E+00
          79  0.0000000E+00
          80  0.0000000E+00
          81  0.0000000E+00
          82  0.0000000E+00
          83  0.0000000E+00
          84  0.0000000E+00
          85  0.0000000E+00
          86  0.0000000E+00
          87  0.0000000E+00
          88  0.0000000E+00
          89  0.0000000E+00
          90  0.0000000E+00
          91  0.0000000E+00
          92  0.0000000E+00
          93  0.0000000E+00
          94  0.0000000E+00
          95  0.0000000E+00
          96  0.0000000E+00
          97  0.0000000E+00
          98  0.0000000E+00
          99  0.0000000E+00
         100  0.0000000E+00
         101  0.0000000E+00
         102  0.0000000E+00
         103  0.0000000E+00
         104  0.0000000E+00
         105  0.0000000E+00
         106  0.0000000E+00
         107  0.0000000E+00
         108  0.0000000E+00
         109  0.0000000E+00
         110  0.0000000E+00
         111  0.0000000E+00
         112  0.0000000E+00
         113  0.0000000E+00
         114  0.0000000E+00
         115  0.0000000E+00
         116  0.0000000E+00
         117  0.0000000E+00
         118  0.0000000E+00
         119  0.0000000E+00
         120  0.0000000E+00
         121  0.0000000E+00
         122  0.0000000E+00
         123  0.0000000E+00
         124  0.0000000E+00
         125  0.0000000E+00
         126  0.0000000E+00
         127  0.0000000E+00
         128  0.0000000E+00
         129  0.0000000E+00
         130  0.0000000E+00
         131  0.0000000E+00
         132  0.0000000E+00
         133  0.0000000E+00
         134  0.0000000E+00
         135  0.0000000E+00
         136  0.0000000E+00
         137  0.0000000E+00
         138  0.0000000E+00
         139  0.0000000E+00
         140  0.0000000E+00
         141  0.0000000E+00
         142  0.0000000E+00
         143  0.0000000E+00
         144  0.0000000E+00
         145  0.0000000E+00
         146  0.0000000E+00
         147  0.0000000E+00
         148  0.0000000E+00
         149  0.0000000E+00
         150  0.0000000E+00
         151  0.0000000E+00
         152  0.0000000E+00
         153  0.0000000E+00
         154  0.0000000E+00
         155  0.0000000E+00
         156  0.0000000E+00
         157  0.0000000E+00
         158  0.0000000E+00
         159  0.0000000E+00
         160  0.0000000E+00
         161  0.0000000E+00
         162  0.0000000E+00
         163  0.0000000E+00
         164  0.0000000E+00
         165  0.0000000E+00
         166  0.0000000E+00
         167  0.0000000E+00
         168  0.0000000E+00
         169  0.0000000E+00
         170  0.0000000E+00
         171  0.0000000E+00
         172  0.0000000E+00
         173  0.0000000E+00
         174  0.0000000E+00
         175  0.0000000E+00
         176  0.0000000E+00
         177  0.0000000E+00
         178  0.0000000E+00
         179  0.0000000E+00
         180  0.0000000E+00
         181  0.0000000E+00
         182  0.0000000E+00
         183  0.0000000E+00
         184  0.0000000E+00
         185  0.0000000E+00
         186  0.0000000E+00
         187  0.0000000E+00
         188  0.0000000E+00
         189  0.0000000E+00
         190  0.0000000E+00
         191  0.0000000E+00
         192  0.0000000E+00
         193  0.0000000E+00
         194  0.0000000E+00
         195  0.0000000E+00
         196  0.0000000E+00
         197  0.0000000E+00
         198  0.0000000E+00
         199  0.0000000E+00
         200  0.0000000E+00
         201  0.0000000E+00
         202  0.0000000E+00
         203  0.0000000E+00
         204  0.0000000E+00
         205  0.0000000E+00
         206  0.0000000E+00
         207  0.0000000E+00
         208  0.0000000E+00
         209  0.0000000E+00
         210  0.0000000E+00
         211  0.0000000E+00
         212  0.0000000E+00
         213  0.0000000E+00
         214  0.0000000E+00
         215  0.0000000E+00
         216  0.0000000E+00
         217  0.0000000E+00
         218  0.0000000E+00
         219  0.0000000E+00
         220  0.0000000E+00
         221  0.0000000E+00
         222  0.0000000E+00
         223  0.0000000E+00
         224  0.0000000E+00
         225  0.0000000E+00
         226  0.0000000E+00
         227  0.0000000E+00
         228  0.0000000E+00
         229  0.0000000E+00
         230  0.0000000E+00
         231  0.0000000E+00
         232  0.0000000E+00
         233  0.0000000E+00
         234  0.0000000E+00
         235  0.0000000E+00
         236  0.0000000E+00
         237  0.0000000E+00
         238  0.0000000E+00
         239  0.0000000E+00
         240  0.0000000E+00
         241  0.0000000E+00
         242  0.0000000E+00
         243  0.0000000E+00
         244  0.0000000E+00
         245  0.0000000E+00
         246  0.0000000E+00
         247  0.0000000E+00
         248  0.0000000E+00
         249  0.0000000E+00
         250  0.0000000E+00
         251  0.0000000E+00
         252  0.0000000E+00
         253  0.0000000E+00
         254  0.0000000E+00
         255  0.0000000E+00
         256  0.0000000E+00
         257  0.0000000E+00
         258  0.0000000E+00
         259  0.0000000E+00
         260  0.0000000E+00
         261  0.0000000E+00
         262  0.0000000E+00
         263  0.0000000E+00
         264  0.0000000E+00
         265  0.0000000E+00
         266  0.0000000E+00
         267  0.0000000E+00
         268  0.0000000E+00
         269  0.0000000E+00
         270  0.0000000E+00
         271  0.0000000E+00
         272  0.0000000E+00
         273  0.0000000E+00
         274  0.0000000E+00
         275  0.0000000E+00
         276  0.0000000E+00
         277  0.0000000E+00
         278  0.0000000E+00
         279  0.0000000E+00
         280  0.0000000E+00
         281  0.0000000E+00
         282  0.0000000E+00
         283  0.0000000E+00
         284  0.0000000E+00
         285  0.0000000E+00
         286  0.0000000E+00
         287  0.0000000E+00
         288  0.0000000E+00
         289  0.0000000E+00
         290  0.0000000E+00
         291  0.0000000E+00
         292  0.0000000E+00
         293  0.0000000E+00
         294  0.0000000E+00
         295  0.0000000E+00
         296  0.0000000E+00
         297  0.0000000E+00
         298  0.0000000E+00
         299  0.0000000E+00
         300  0.0000000E+00
         301  0.0000000E+00
         302  0.0000000E+00
         303  0.0000000E+00
         304  0.0000000E+00
         305  0.0000000E+00
         306  0.0000000E+00
         307  0.0000000E+00
         308  0.0000000E+00
         309  0.0000000E+00
         310  0.0000000E+00
         311  0.0000000E+00
         312  0.0000000E+00
         313  0.0000000E+00
         314  0.0000000E+00
         315  0.0000000E+00
         316  0.0000000E+00
         317  0.0000000E+00
         318  0.0000000E+00
         319  0.0000000E+00
         320  0.0000000E+00
         321  0.0000000E+00
         322  0.0000000E+00
         323  0.0000000E+00
         324  0.0000000E+00
         325  0.0000000E+00
         326  0.0000000E+00
         327  0.0000000E+00
         328  0.0000000E+00
         329  0.0000000E+00
         330  0.0000000E+00
         331  0.5295309    
         332   7.413432    
         333   12.70874    
         334   19.06311    
         335   27.53561    
         336   23.82889    
         337   31.24232    
         338   30.71279    
         339   32.30138    
         340   22.76983    
         341   33.88998    
         342   24.88795    
         343   47.65778    
         344   36.53763    
         345   32.30138    
         346   28.59467    
         347   33.36045    
         348   30.18326    
         349   37.59669    
         350   35.47857    
         351   33.88998    
         352   35.47857    
         353   46.59872    
         354   36.00810    
         355   45.01012    
         356   37.06716    
         357   40.24435    
         358   47.12825    
         359   48.71684    
         360   43.95107    
         361   46.06919    
         362   39.18529    
         363   39.18529    
         364   45.53966    
         365   38.12622    
         366   42.89200    
         367   56.13028    
         368   42.36247    
         369   43.42153    
         370   39.18529    
         371   38.12622    
         372   54.01215    
         373   49.77590    
         374   46.06919    
         375   48.71684    
         376   52.42356    
         377   48.18731    
         378   49.77590    
         379   64.60277    
         380   57.18933    
         381   54.01215    
         382   50.83496    
         383   60.89605    
         384   63.01418    
         385   63.01418    
         386   57.71887    
         387   56.65981    
         388   73.07526    
         389   61.42558    
         390   59.30746    
         391   78.37057    
         392   72.54573    
         393   71.48667    
         394   74.13432    
         395   70.42760    
         396   90.54978    
         397   82.60682    
         398   82.07729    
         399   85.25447    
         400   91.60884    
         401   88.43166    
         402   88.43166    
         403   110.1424    
         404   112.2606    
         405   101.1404    
         406   108.0243    
         407   118.6149    
         408   127.6169    
         409   128.1465    
         410   148.2686    
         411   140.8552    
         412   158.3297    
         413   176.8633    
         414   173.6861    
         415   192.7492    
         416   201.7513    
         417   231.9345    
         418   255.2339    
         419   260.5292    
         420   288.0648    
         421   321.9548    
         422   355.8448    
         423   379.6736    
         424   417.2703    
         425   457.5147    
         426   526.3537    
         427   608.4310    
         428   666.1498    
         429   689.4492    
         430   718.0439    
         431   651.3230    
         432   679.9177    
         433   706.3942    
         434   689.4492    
         435   700.0398    
         436   684.1539    
         437   677.7996    
         438   677.7995    
         439   712.2191    
         440   680.9767    
         441   691.5673    
         442   697.9217    
         443   680.9767    
         444   683.6244    
         445   706.3942    
         446   674.6223    
         447   715.9258    
         448   734.9889    
         449   734.9889    
         450   731.8117    
         451   768.8788    
         452   763.0540    
         453   790.0601    
         454   799.0621    
         455   850.4266    
         456   870.0192    
         457   919.7952    
         458   936.2106    
         459   998.6953    
         460   1000.813    
         461   1078.125    
         462   1123.665    
         463   1175.029    
         464   1167.616    
         465   1186.149    
         466   1188.267    
         467   1220.039    
         468   1203.624    
         469   1200.447    
         470   1182.443    
         471   1211.037    
         472   1185.620    
         473   1197.269    
         474   1243.868    
         475   1205.212    
         476   1302.646    
         477   1285.172    
         478   1339.713    
         479   1368.837    
         480   1410.670    
         481   1431.852    
         482   1540.405    
         483   1507.045    
         484   1605.008    
         485   1642.605    
         486   1695.558    
         487   1730.507    
         488   1810.466    
         489   1897.839    
         490   2001.097    
         491   2274.335    
         492   2418.368    
         493   2806.514    
         494   3149.120    
         495   3540.973    
         496   3963.539    
         497   4153.111    
         498   4473.477    
         499   4619.627    
         500   4355.392    
         501   4023.376    
         502   3919.588    
         503   4030.789    
         504   3531.971    
         505   3213.723    
         506   2879.589    
         507   2553.398    
         508   2321.463    
         509   2376.005    
         510   2236.739    
         511   2020.690    
         512   1855.476    
         513   1672.259    
         514   1618.246    
         515   1600.772    
         516   1608.715    
         517   1495.925    
         518   1484.275    
         519   1380.487    
         520   1370.426    
         521   1373.603    
         522   1318.532    
         523   1324.886    
         524   1277.229    
         525   1260.283    
         526   1259.224    
         527   1211.037    
         528   1207.860    
         529   1194.622    
         530   1168.145    
         531   1142.728    
         532   1161.791    
         533   1152.259    
         534   1158.614    
         535   1108.308    
         536   1160.202    
         537   1143.257    
         538   1114.662    
         539   1125.783    
         540   1153.318    
         541   1086.068    
         542   1119.428    
         543   1108.308    
         544   1079.184    
         545   1166.027    
         546   1090.834    
         547   1151.730    
         548   1126.842    
         549   1175.029    
         550   1137.962    
         551   1129.489    
         552   1140.080    
         553   1145.905    
         554   1143.787    
         555   1165.497    
         556   1155.436    
         557   1195.681    
         558   1134.255    
         559   1153.318    
         560   1158.614    
         561   1077.066    
         562   1124.724    
         563   1088.715    
         564   1116.251    
         565   1118.899    
         566   1133.196    
         567   1106.720    
         568   1116.781    
         569   1097.718    
         570   1139.550    
         571   1122.076    
         572   1067.005    
         573   1122.076    
         574   1080.772    
         575   1136.903    
         576   1075.477    
         577   1072.300    
         578   1059.062    
         579   1087.656    
         580   1045.823    
         581   1072.830    
         582   1004.520    
         583   1027.819    
         584   1078.125    
         585   993.4000    
         586   1085.538    
         587   1019.347    
         588   1081.302    
         589   1017.758    
         590   1084.479    
         591   1039.999    
         592   1063.828    
         593   1037.880    
         594   1095.070    
         595   1047.942    
         596   1055.885    
         597   1014.581    
         598   1139.021    
         599   1014.581    
         600   1036.822    
         601   1001.343    
         602   992.8704    
         603   1019.347    
         604   1035.762    
         605   1044.235    
         606   1055.885    
         607   1051.119    
         608   1052.178    
         609   1042.646    
         610   1075.477    
         611   1072.300    
         612   1114.662    
         613   1069.652    
         614   1073.889    
         615   1071.241    
         616   1137.962    
         617   1079.184    
         618   1091.363    
         619   1117.840    
         620   1088.186    
         621   1066.475    
         622   1083.420    
         623   1071.241    
         624   1086.597    
         625   1056.414    
         626   1081.302    
         627   1043.705    
         628   1087.127    
         629   1012.463    
         630   1042.646    
         631   1023.583    
         632   994.9885    
         633   993.9294    
         634   1018.817    
         635   992.8704    
         636   989.1637    
         637   1029.408    
         638   936.7401    
         639   1012.993    
         640   1000.284    
         641   980.1617    
         642   957.3918    
         643   947.8603    
         644   932.5039    
         645   900.2025    
         646   909.2045    
         647   864.7239    
         648   898.0844    
         649   834.0112    
         650   816.0071    
         651   849.8971    
         652   777.8809    
         653   778.4104    
         654   721.2211    
         655   723.3392    
         656   675.1519    
         657   645.4982    
         658   668.7975    
         659   605.2538    
         660   598.8994    
         661   572.4229    
         662   548.5940    
         663   550.7121    
         664   545.4168    
         665   504.6429    
         666   506.2315    
         667   472.8711    
         668   461.2214    
         669   468.6348    
         670   434.2153    
         671   422.0361    
         672   426.2724    
         673   393.4414    
         674   417.7999    
         675   377.0260    
         676   391.8528    
         677   362.1991    
         678   365.3763    
         679   360.0810    
         680   374.3783    
         681   322.4843    
         682   342.6065    
         683   323.0139    
         684   324.6024    
         685   314.5414    
         686   299.1849    
         687   292.3011    
         688   287.5353    
         689   280.6514    
         690   292.3011    
         691   264.7654    
         692   264.2359    
         693   262.1178    
         694   266.8836    
         695   265.2950    
         696   245.1728    
         697   246.2319    
         698   243.5842    
         699   246.7614    
         700   240.4070    
         701   231.9345    
         702   235.6412    
         703   221.3439    
         704   232.9936    
         705   214.9895    
         706   224.5211    
         707   204.3989    
         708   217.1077    
         709   198.0446    
         710   189.5721    
         711   192.2197    
         712   198.5741    
         713   208.6352    
         714   178.4519    
         715   169.9794    
         716   172.6271    
         717   179.5110    
         718   167.3318    
         719   171.5680    
         720   162.5660    
         721   158.8593    
         722   153.5639    
         723   148.7982    
         724   163.6250    
         725   150.9163    
         726   150.9163    
         727   133.4418    
         728   127.0874    
         729   138.7371    
         730   131.3237    
         731   133.9713    
         732   121.7921    
         733   124.4398    
         734   121.7921    
         735   114.3787    
         736   110.1424    
         737   109.6129    
         738   99.02228    
         739   7.413432    
         740  0.0000000E+00
         741  0.0000000E+00
         742  0.0000000E+00
         743  0.0000000E+00
         744  0.0000000E+00
         745  0.0000000E+00
         746  0.0000000E+00
         747  0.0000000E+00
         748  0.0000000E+00
         749  0.0000000E+00
         750  0.0000000E+00
         751  0.0000000E+00
         752  0.0000000E+00
         753  0.0000000E+00
         754  0.0000000E+00
         755  0.0000000E+00
         756  0.0000000E+00
         757  0.0000000E+00
         758  0.0000000E+00
         759  0.0000000E+00
         760  0.0000000E+00
         761  0.0000000E+00
         762  0.0000000E+00
         763  0.0000000E+00
         764  0.0000000E+00
         765  0.0000000E+00
         766  0.0000000E+00
         767  0.0000000E+00
         768  0.0000000E+00
         769  0.0000000E+00
         770  0.0000000E+00
         771  0.0000000E+00
         772  0.0000000E+00
         773  0.0000000E+00
         774  0.0000000E+00
         775  0.0000000E+00
         776  0.0000000E+00
         777  0.0000000E+00
         778  0.0000000E+00
         779  0.0000000E+00
         780  0.0000000E+00
         781  0.0000000E+00
         782  0.0000000E+00
         783  0.0000000E+00
         784  0.0000000E+00
         785  0.0000000E+00
         786  0.0000000E+00
         787  0.0000000E+00
         788  0.0000000E+00
         789  0.0000000E+00
         790  0.0000000E+00
         791  0.0000000E+00
         792  0.0000000E+00
         793  0.0000000E+00
         794  0.0000000E+00
         795  0.0000000E+00
         796  0.0000000E+00
         797  0.0000000E+00
         798  0.0000000E+00
         799  0.0000000E+00
         800  0.0000000E+00
         801  0.0000000E+00
         802  0.0000000E+00
         803  0.0000000E+00
         804  0.0000000E+00
         805  0.0000000E+00
         806  0.0000000E+00
         807  0.0000000E+00
         808  0.0000000E+00
         809  0.0000000E+00
         810  0.0000000E+00
         811  0.0000000E+00
         812  0.0000000E+00
         813  0.0000000E+00
         814  0.0000000E+00
         815  0.0000000E+00
         816  0.0000000E+00
         817  0.0000000E+00
         818  0.0000000E+00
         819  0.0000000E+00
         820  0.0000000E+00
         821  0.0000000E+00
         822  0.0000000E+00
         823  0.0000000E+00
         824  0.0000000E+00
         825  0.0000000E+00
         826  0.0000000E+00
         827  0.0000000E+00
         828  0.0000000E+00
         829  0.0000000E+00
         830  0.0000000E+00
         831  0.0000000E+00
         832  0.0000000E+00
         833  0.0000000E+00
         834  0.0000000E+00
         835  0.0000000E+00
         836  0.0000000E+00
         837  0.0000000E+00
         838  0.0000000E+00
         839  0.0000000E+00
         840  0.0000000E+00
         841  0.0000000E+00
         842  0.0000000E+00
         843  0.0000000E+00
         844  0.0000000E+00
         845  0.0000000E+00
         846  0.0000000E+00
         847  0.0000000E+00
         848  0.0000000E+00
         849  0.0000000E+00
         850  0.0000000E+00
         851  0.0000000E+00
         852  0.0000000E+00
         853  0.0000000E+00
         854  0.0000000E+00
         855  0.0000000E+00
         856  0.0000000E+00
         857  0.0000000E+00
         858  0.0000000E+00
         859  0.0000000E+00
         860  0.0000000E+00
         861  0.0000000E+00
         862  0.0000000E+00
         863  0.0000000E+00
         864  0.0000000E+00
         865  0.0000000E+00
         866  0.0000000E+00
         867  0.0000000E+00
         868  0.0000000E+00
         869  0.0000000E+00
         870  0.0000000E+00
         871  0.0000000E+00
         872  0.0000000E+00
         873  0.0000000E+00
         874  0.0000000E+00
         875  0.0000000E+00
         876  0.0000000E+00
         877  0.0000000E+00
         878  0.0000000E+00
         879  0.0000000E+00
         880  0.0000000E+00
         881  0.0000000E+00
         882  0.0000000E+00
         883  0.0000000E+00
         884  0.0000000E+00
         885  0.0000000E+00
         886  0.0000000E+00
         887  0.0000000E+00
         888  0.0000000E+00
         889  0.0000000E+00
         890  0.0000000E+00
         891  0.0000000E+00
         892  0.0000000E+00
         893  0.0000000E+00
         894  0.0000000E+00
         895  0.0000000E+00
         896  0.0000000E+00
         897  0.0000000E+00
         898  0.0000000E+00
         899  0.0000000E+00
         900  0.0000000E+00
         901  0.0000000E+00
         902  0.0000000E+00
         903  0.0000000E+00
         904  0.0000000E+00
         905  0.0000000E+00
         906  0.0000000E+00
         907  0.0000000E+00
         908  0.0000000E+00
         909  0.0000000E+00
         910  0.0000000E+00
         911  0.0000000E+00
         912  0.0000000E+00
         913  0.0000000E+00
         914  0.0000000E+00
         915  0.0000000E+00
         916  0.0000000E+00
         917  0.0000000E+00
         918  0.0000000E+00
         919  0.0000000E+00
         920  0.0000000E+00
         921  0.0000000E+00
         922  0.0000000E+00
         923  0.0000000E+00
         924  0.0000000E+00
         925  0.0000000E+00
         926  0.0000000E+00
         927  0.0000000E+00
         928  0.0000000E+00
         929  0.0000000E+00
         930  0.0000000E+00
         931  0.0000000E+00
         932  0.0000000E+00
         933  0.0000000E+00
         934  0.0000000E+00
         935  0.0000000E+00
         936  0.0000000E+00
         937  0.0000000E+00
         938  0.0000000E+00
         939  0.0000000E+00
         940  0.0000000E+00
         941  0.0000000E+00
         942  0.0000000E+00
         943  0.0000000E+00
         944  0.0000000E+00
         945  0.0000000E+00
         946  0.0000000E+00
         947  0.0000000E+00
         948  0.0000000E+00
         949  0.0000000E+00
         950  0.0000000E+00
         951  0.0000000E+00
         952  0.0000000E+00
         953  0.0000000E+00
         954  0.0000000E+00
         955  0.0000000E+00
         956  0.0000000E+00
         957  0.0000000E+00
         958  0.0000000E+00
         959  0.0000000E+00
         960  0.0000000E+00
         961  0.0000000E+00
         962  0.0000000E+00
         963  0.0000000E+00
         964  0.0000000E+00
         965  0.0000000E+00
         966  0.0000000E+00
         967  0.0000000E+00
         968  0.0000000E+00
         969  0.0000000E+00
         970  0.0000000E+00
         971  0.0000000E+00
         972  0.0000000E+00
         973  0.0000000E+00
         974  0.0000000E+00
         975  0.0000000E+00
         976  0.0000000E+00
         977  0.0000000E+00
         978  0.0000000E+00
         979  0.0000000E+00
         980  0.0000000E+00
         981  0.0000000E+00
         982  0.0000000E+00
         983  0.0000000E+00
         984  0.0000000E+00
         985  0.0000000E+00
         986  0.0000000E+00
         987  0.0000000E+00
         988  0.0000000E+00
         989  0.0000000E+00
         990  0.0000000E+00
         991  0.0000000E+00
         992  0.0000000E+00
         993  0.0000000E+00
         994  0.0000000E+00
         995  0.0000000E+00
         996  0.0000000E+00
         997  0.0000000E+00
         998  0.0000000E+00
         999  0.0000000E+00
        1000  0.0000000E+00
        1001  0.0000000E+00
        1002  0.0000000E+00
        1003  0.0000000E+00
        1004  0.0000000E+00
        1005  0.0000000E+00
        1006  0.0000000E+00
        1007  0.0000000E+00
        1008  0.0000000E+00
        1009  0.0000000E+00
        1010  0.0000000E+00
        1011  0.0000000E+00
        1012  0.0000000E+00
        1013  0.0000000E+00
        1014  0.0000000E+00
        1015  0.0000000E+00
        1016  0.0000000E+00
        1017  0.0000000E+00
        1018  0.0000000E+00
        1019  0.0000000E+00
        1020  0.0000000E+00
        1021  0.0000000E+00
        1022  0.0000000E+00
        1023  0.0000000E+00
        1024  0.0000000E+00
