 #   Y    A
           1  0.0000000E+00
           2  0.0000000E+00
           3  0.0000000E+00
           4  0.0000000E+00
           5  0.0000000E+00
           6  0.0000000E+00
           7  0.0000000E+00
           8  0.0000000E+00
           9  0.0000000E+00
          10  0.0000000E+00
          11  0.0000000E+00
          12  0.0000000E+00
          13  0.0000000E+00
          14  0.0000000E+00
          15  0.0000000E+00
          16  0.0000000E+00
          17  0.0000000E+00
          18  0.0000000E+00
          19  0.0000000E+00
          20  0.0000000E+00
          21  0.0000000E+00
          22  0.0000000E+00
          23  0.0000000E+00
          24  0.0000000E+00
          25  0.0000000E+00
          26  0.0000000E+00
          27  0.0000000E+00
          28  0.0000000E+00
          29  0.0000000E+00
          30  0.0000000E+00
          31  0.0000000E+00
          32  0.0000000E+00
          33  0.0000000E+00
          34  0.0000000E+00
          35  0.0000000E+00
          36  0.0000000E+00
          37  0.0000000E+00
          38  0.0000000E+00
          39  0.0000000E+00
          40  0.0000000E+00
          41  0.0000000E+00
          42  0.0000000E+00
          43  0.0000000E+00
          44  0.0000000E+00
          45  0.0000000E+00
          46  0.0000000E+00
          47  0.0000000E+00
          48  0.0000000E+00
          49  0.0000000E+00
          50  0.0000000E+00
          51  0.0000000E+00
          52  0.0000000E+00
          53  0.0000000E+00
          54  0.0000000E+00
          55  0.0000000E+00
          56  0.0000000E+00
          57  0.0000000E+00
          58  0.0000000E+00
          59  0.0000000E+00
          60  0.0000000E+00
          61  0.0000000E+00
          62  0.0000000E+00
          63  0.0000000E+00
          64  0.0000000E+00
          65  0.0000000E+00
          66  0.0000000E+00
          67  0.0000000E+00
          68  0.0000000E+00
          69  0.0000000E+00
          70  0.0000000E+00
          71  0.0000000E+00
          72  0.0000000E+00
          73  0.0000000E+00
          74  0.0000000E+00
          75  0.0000000E+00
          76  0.0000000E+00
          77  0.0000000E+00
          78  0.0000000E+00
          79  0.0000000E+00
          80  0.0000000E+00
          81  0.0000000E+00
          82  0.0000000E+00
          83  0.0000000E+00
          84  0.0000000E+00
          85  0.0000000E+00
          86  0.0000000E+00
          87  0.0000000E+00
          88  0.0000000E+00
          89  0.0000000E+00
          90  0.0000000E+00
          91  0.0000000E+00
          92  0.0000000E+00
          93  0.0000000E+00
          94  0.0000000E+00
          95  0.0000000E+00
          96  0.0000000E+00
          97  0.0000000E+00
          98  0.0000000E+00
          99  0.0000000E+00
         100  0.0000000E+00
         101  0.0000000E+00
         102  0.0000000E+00
         103  0.0000000E+00
         104  0.0000000E+00
         105  0.0000000E+00
         106  0.0000000E+00
         107  0.0000000E+00
         108  0.0000000E+00
         109  0.0000000E+00
         110  0.0000000E+00
         111  0.0000000E+00
         112  0.0000000E+00
         113  0.0000000E+00
         114  0.0000000E+00
         115  0.0000000E+00
         116  0.0000000E+00
         117  0.0000000E+00
         118  0.0000000E+00
         119  0.0000000E+00
         120  0.0000000E+00
         121  0.0000000E+00
         122  0.0000000E+00
         123  0.0000000E+00
         124  0.0000000E+00
         125  0.0000000E+00
         126  0.0000000E+00
         127  0.0000000E+00
         128  0.0000000E+00
         129  0.0000000E+00
         130  0.0000000E+00
         131  0.0000000E+00
         132  0.0000000E+00
         133  0.0000000E+00
         134  0.0000000E+00
         135  0.0000000E+00
         136  0.0000000E+00
         137  0.0000000E+00
         138  0.0000000E+00
         139  0.0000000E+00
         140  0.0000000E+00
         141  0.0000000E+00
         142  0.0000000E+00
         143  0.0000000E+00
         144  0.0000000E+00
         145  0.0000000E+00
         146  0.0000000E+00
         147  0.0000000E+00
         148  0.0000000E+00
         149  0.0000000E+00
         150  0.0000000E+00
         151  0.0000000E+00
         152  0.0000000E+00
         153  0.0000000E+00
         154  0.0000000E+00
         155  0.0000000E+00
         156  0.0000000E+00
         157  0.0000000E+00
         158  0.0000000E+00
         159  0.0000000E+00
         160  0.0000000E+00
         161  0.0000000E+00
         162  0.0000000E+00
         163  0.0000000E+00
         164  0.0000000E+00
         165  0.0000000E+00
         166  0.0000000E+00
         167  0.0000000E+00
         168  0.0000000E+00
         169  0.0000000E+00
         170  0.0000000E+00
         171  0.0000000E+00
         172  0.0000000E+00
         173  0.0000000E+00
         174  0.0000000E+00
         175  0.0000000E+00
         176  0.0000000E+00
         177  0.0000000E+00
         178  0.0000000E+00
         179  0.0000000E+00
         180  0.0000000E+00
         181  0.0000000E+00
         182  0.0000000E+00
         183  0.0000000E+00
         184  0.0000000E+00
         185  0.0000000E+00
         186  0.0000000E+00
         187  0.0000000E+00
         188  0.0000000E+00
         189  0.0000000E+00
         190  0.0000000E+00
         191  0.0000000E+00
         192  0.0000000E+00
         193  0.0000000E+00
         194  0.0000000E+00
         195  0.0000000E+00
         196  0.0000000E+00
         197  0.0000000E+00
         198  0.0000000E+00
         199  0.0000000E+00
         200  0.0000000E+00
         201  0.0000000E+00
         202  0.0000000E+00
         203  0.0000000E+00
         204  0.0000000E+00
         205  0.0000000E+00
         206  0.0000000E+00
         207  0.0000000E+00
         208  0.0000000E+00
         209  0.0000000E+00
         210  0.0000000E+00
         211  0.0000000E+00
         212  0.0000000E+00
         213  0.0000000E+00
         214  0.0000000E+00
         215  0.0000000E+00
         216  0.0000000E+00
         217  0.0000000E+00
         218  0.0000000E+00
         219  0.0000000E+00
         220  0.0000000E+00
         221  0.0000000E+00
         222  0.0000000E+00
         223  0.0000000E+00
         224  0.0000000E+00
         225  0.0000000E+00
         226  0.0000000E+00
         227  0.0000000E+00
         228  0.0000000E+00
         229  0.0000000E+00
         230  0.0000000E+00
         231  0.0000000E+00
         232  0.0000000E+00
         233  0.0000000E+00
         234  0.0000000E+00
         235  0.0000000E+00
         236  0.0000000E+00
         237  0.0000000E+00
         238  0.0000000E+00
         239  0.0000000E+00
         240  0.0000000E+00
         241  0.0000000E+00
         242  0.0000000E+00
         243  0.0000000E+00
         244   1.059062    
         245   6.883902    
         246   12.70874    
         247   14.82686    
         248   17.47452    
         249   18.53358    
         250   20.65170    
         251   23.29936    
         252   20.65170    
         253   22.76983    
         254   20.65170    
         255   22.24030    
         256   16.94499    
         257   19.06311    
         258   20.65170    
         259   16.94499    
         260   29.65373    
         261   33.88998    
         262   22.24030    
         263   21.18124    
         264   24.88795    
         265   16.41546    
         266   19.59264    
         267   27.53561    
         268   21.71077    
         269   22.76983    
         270   27.00607    
         271   28.59467    
         272   18.53358    
         273   25.41748    
         274   23.82889    
         275   24.88795    
         276   22.24030    
         277   29.65373    
         278   26.47654    
         279   27.53561    
         280   23.82889    
         281   25.41748    
         282   21.71077    
         283   25.94701    
         284   38.12622    
         285   29.65373    
         286   27.53561    
         287   29.12420    
         288   32.30138    
         289   28.06514    
         290   30.71279    
         291   20.65170    
         292   27.53561    
         293   24.35842    
         294   28.06514    
         295   31.77185    
         296   31.24232    
         297   33.88998    
         298   35.47857    
         299   31.24232    
         300   31.24232    
         301   32.30138    
         302   28.06514    
         303   34.94904    
         304   31.77185    
         305   39.71482    
         306   29.65373    
         307   45.53966    
         308   40.77388    
         309   31.24232    
         310   36.00810    
         311   37.06716    
         312   32.30138    
         313   33.36045    
         314   31.77185    
         315   36.53763    
         316   55.60074    
         317   36.00810    
         318   39.18529    
         319   35.47857    
         320   36.00810    
         321   45.01012    
         322   56.65981    
         323   44.48059    
         324   57.71886    
         325   50.30544    
         326   41.30341    
         327   45.01012    
         328   50.30544    
         329   42.89200    
         330   51.36449    
         331   53.48262    
         332   64.07323    
         333   56.65981    
         334   55.60074    
         335   54.01215    
         336   57.18933    
         337   74.13432    
         338   67.25042    
         339   72.54573    
         340   82.07729    
         341   69.36855    
         342   79.95917    
         343   91.07932    
         344   87.37260    
         345   104.3176    
         346   97.96321    
         347   116.4968    
         348   103.2585    
         349   123.3807    
         350   115.9673    
         351   137.6780    
         352   145.0915    
         353   139.7962    
         354   151.4458    
         355   159.3888    
         356   181.0996    
         357   198.0446    
         358   189.0425    
         359   200.1627    
         360   186.9244    
         361   211.2828    
         362   207.5761    
         363   212.3419    
         364   219.2258    
         365   213.4009    
         366   228.7573    
         367   231.4050    
         368   208.6352    
         369   201.2217    
         370   230.3459    
         371   234.0526    
         372   210.7533    
         373   229.8164    
         374   220.8144    
         375   228.7573    
         376   236.7003    
         377   212.3419    
         378   229.8164    
         379   235.1117    
         380   232.9936    
         381   227.6983    
         382   237.2298    
         383   236.7003    
         384   262.6473    
         385   255.2339    
         386   264.2359    
         387   266.3540    
         388   276.4151    
         389   305.5393    
         390   306.0688    
         391   314.0118    
         392   324.6024    
         393   343.1360    
         394   342.0770    
         395   321.9548    
         396   370.1421    
         397   372.2602    
         398   361.1401    
         399   410.9160    
         400   396.6186    
         401   398.7368    
         402   412.5045    
         403   453.2784    
         404   413.0341    
         405   396.6186    
         406   437.9220    
         407   438.4516    
         408   457.5147    
         409   410.9160    
         410   458.0442    
         411   444.2764    
         412   447.4536    
         413   479.7550    
         414   478.6959    
         415   486.6389    
         416   513.6450    
         417   491.4047    
         418   508.8792    
         419   538.5329    
         420   513.6450    
         421   523.1765    
         422   560.2437    
         423   549.1235    
         424   569.2457    
         425   589.8974    
         426   589.8974    
         427   550.1826    
         428   610.5491    
         429   615.8444    
         430   575.6000    
         431   614.7853    
         432   619.5511    
         433   601.0176    
         434   607.9014    
         435   595.7222    
         436   588.3088    
         437   619.0216    
         438   613.7263    
         439   612.1377    
         440   622.7283    
         441   590.9565    
         442   634.3780    
         443   616.9035    
         444   615.8444    
         445   620.0807    
         446   602.0766    
         447   623.7874    
         448   623.7874    
         449   615.3149    
         450   659.2659    
         451   616.9035    
         452   656.6183    
         453   634.3780    
         454   660.3250    
         455   665.6203    
         456   651.3230    
         457   667.2089    
         458   680.9767    
         459   710.6304    
         460   704.8056    
         461   712.7485    
         462   727.0459    
         463   749.2862    
         464   757.2292    
         465   750.3453    
         466   793.2372    
         467   816.5366    
         468   817.5957    
         469   836.1293    
         470   870.5488    
         471   884.3166    
         472   825.5386    
         473   880.0803    
         474   827.1273    
         475   899.6730    
         476   881.1394    
         477   859.4286    
         478   892.2595    
         479   890.1414    
         480   864.1944    
         481   890.6710    
         482   864.1944    
         483   900.2025    
         484   847.2494    
         485   919.7952    
         486   908.6750    
         487   837.1883    
         488   926.6791    
         489   903.9092    
         490   908.6750    
         491   911.8522    
         492   920.8542    
         493   902.3206    
         494   938.8583    
         495   935.1516    
         496   973.8073    
         497   949.9784    
         498   965.3348    
         499   1004.520    
         500   1014.052    
         501   981.7502    
         502   974.8663    
         503   1061.180    
         504   992.8704    
         505   1085.538    
         506   1051.648    
         507   1008.227    
         508   1023.054    
         509   1029.408    
         510   1049.530    
         511   1059.062    
         512   1064.357    
         513   1068.064    
         514   1069.652    
         515   1110.956    
         516   1109.367    
         517   1150.141    
         518   1129.489    
         519   1131.608    
         520   1187.208    
         521   1151.200    
         522   1160.202    
         523   1180.854    
         524   1166.557    
         525   1195.151    
         526   1190.385    
         527   1189.326    
         528   1236.455    
         529   1203.094    
         530   1203.094    
         531   1240.161    
         532   1218.451    
         533   1200.976    
         534   1224.805    
         535   1192.504    
         536   1206.271    
         537   1191.444    
         538   1169.734    
         539   1216.862    
         540   1189.326    
         541   1201.506    
         542   1183.501    
         543   1169.734    
         544   1173.440    
         545   1159.143    
         546   1150.671    
         547   1146.964    
         548   1113.603    
         549   1121.017    
         550   1103.542    
         551   1158.614    
         552   1096.129    
         553   1150.671    
         554   1151.730    
         555   1177.677    
         556   1154.907    
         557   1203.624    
         558   1211.567    
         559   1199.387    
         560   1212.626    
         561   1211.567    
         562   1241.220    
         563   1261.343    
         564   1254.988    
         565   1254.459    
         566   1257.106    
         567   1287.290    
         568   1239.632    
         569   1279.347    
         570   1279.347    
         571   1280.935    
         572   1332.300    
         573   1329.652    
         574   1331.770    
         575   1338.125    
         576   1347.127    
         577   1359.306    
         578   1341.831    
         579   1320.650    
         580   1352.422    
         581   1266.638    
         582   1362.483    
         583   1301.057    
         584   1299.469    
         585   1315.884    
         586   1305.294    
         587   1299.998    
         588   1325.945    
         589   1302.646    
         590   1368.308    
         591   1334.418    
         592   1327.534    
         593   1281.994    
         594   1336.006    
         595   1314.296    
         596   1305.294    
         597   1320.650    
         598   1348.186    
         599   1334.418    
         600   1365.131    
         601   1318.532    
         602   1362.483    
         603   1334.947    
         604   1354.540    
         605   1364.072    
         606   1358.776    
         607   1381.017    
         608   1361.953    
         609   1413.318    
         610   1416.495    
         611   1450.385    
         612   1424.968    
         613   1475.273    
         614   1548.348    
         615   1539.346    
         616   1582.238    
         617   1686.556    
         618   1666.963    
         619   1805.700    
         620   1877.717    
         621   1952.910    
         622   2027.044    
         623   2150.954    
         624   2400.893    
         625   2563.989    
         626   2774.742    
         627   3166.595    
         628   3780.321    
         629   4332.622    
         630   4850.503    
         631   4558.731    
         632   4038.203    
         633   3626.757    
         634   3116.819    
         635   2582.522    
         636   2302.400    
         637   2071.525    
         638   1905.252    
         639   1704.030    
         640   1634.132    
         641   1527.167    
         642   1480.039    
         643   1429.204    
         644   1327.534    
         645   1274.051    
         646   1222.157    
         647   1189.856    
         648   1112.015    
         649   1070.182    
         650   1023.583    
         651   976.4550    
         652   989.6932    
         653   937.2697    
         654   890.6710    
         655   879.5508    
         656   858.3696    
         657   871.0783    
         658   841.4246    
         659   826.0682    
         660   824.4796    
         661   818.1252    
         662   790.0601    
         663   786.3533    
         664   778.4104    
         665   764.6426    
         666   754.5815    
         667   730.2231    
         668   730.2231    
         669   709.5714    
         670   732.3412    
         671   666.1498    
         672   661.3841    
         673   695.2740    
         674   639.1438    
         675   667.2089    
         676   657.1478    
         677   602.6061    
         678   611.6082    
         679   606.3129    
         680   574.0115    
         681   581.4249    
         682   583.0135    
         683   532.1785    
         684   558.1255    
         685   554.4188    
         686   509.4087    
         687   505.7020    
         688   519.9993    
         689   506.7610    
         690   453.2784    
         691   459.1033    
         692   437.9220    
         693   443.2173    
         694   420.9771    
         695   417.7999    
         696   411.4455    
         697   379.1441    
         698   404.0321    
         699   370.6716    
         700   398.2072    
         701   357.4333    
         702   361.1401    
         703   376.4965    
         704   340.4884    
         705   359.5515    
         706   348.4313    
         707   343.1360    
         708   355.3152    
         709   333.0749    
         710   330.9568    
         711   319.8366    
         712   329.3682    
         713   308.7165    
         714   320.3662    
         715   297.5963    
         716   316.6595    
         717   294.9487    
         718   299.7145    
         719   285.4171    
         720   299.1849    
         721   292.3011    
         722   295.4782    
         723   300.7735    
         724   286.4762    
         725   278.5332    
         726   286.4762    
         727   280.1218    
         728   269.5312    
         729   278.5332    
         730   267.9426    
         731   287.5353    
         732   265.2950    
         733   267.4131    
         734   270.0608    
         735   261.5883    
         736   260.5292    
         737   261.5883    
         738   260.5292    
         739   264.7654    
         740   253.6453    
         741   253.6453    
         742   250.4681    
         743   244.6433    
         744   270.5903    
         745   234.5822    
         746   261.0587    
         747   243.5842    
         748   242.5251    
         749   234.0526    
         750   245.7023    
         751   243.0547    
         752   244.1137    
         753   227.1687    
         754   243.0547    
         755   230.8755    
         756   236.7003    
         757   248.3500    
         758   232.4641    
         759   222.4030    
         760   238.8184    
         761   225.5802    
         762   231.9345    
         763   230.3459    
         764   230.8755    
         765   209.6942    
         766   225.5802    
         767   236.1708    
         768   221.8734    
         769   218.1667    
         770   218.1667    
         771   241.4661    
         772   204.3989    
         773   212.8714    
         774   216.5781    
         775   210.2238    
         776   218.6963    
         777   199.1036    
         778   216.0486    
         779   207.5761    
         780   216.0486    
         781   201.2217    
         782   201.7513    
         783   196.4560    
         784   216.0486    
         785   215.5191    
         786   197.5150    
         787   218.6963    
         788   216.5781    
         789   196.4560    
         790   222.4030    
         791   198.0446    
         792   217.6372    
         793   208.6352    
         794   213.4009    
         795   218.1667    
         796   209.6942    
         797   214.9895    
         798   222.4030    
         799   214.9895    
         800   212.8714    
         801   214.4600    
         802   214.9895    
         803   207.5761    
         804   224.5211    
         805   203.3399    
         806   220.2849    
         807   203.8694    
         808   215.5191    
         809   203.8694    
         810   205.4580    
         811   200.1627    
         812   214.4600    
         813   196.4560    
         814   185.3358    
         815   208.1056    
         816   200.1627    
         817   190.1016    
         818   203.8694    
         819   189.0425    
         820   208.1056    
         821   181.6291    
         822   191.1606    
         823   181.0996    
         824   187.4539    
         825   184.8063    
         826   185.3358    
         827   177.3928    
         828   173.6861    
         829   179.5110    
         830   172.0975    
         831   182.1586    
         832   168.3908    
         833   158.8593    
         834   167.8613    
         835   156.2116    
         836   170.5089    
         837   148.7982    
         838   164.1546    
         839   158.8593    
         840   166.2727    
         841   139.7962    
         842   147.2096    
         843   167.8613    
         844   139.2666    
         845   149.8572    
         846   136.6190    
         847   138.7371    
         848   132.3827    
         849   147.7391    
         850   137.1485    
         851   129.7351    
         852   135.0304    
         853   138.7371    
         854   124.4398    
         855   120.2035    
         856   119.6740    
         857   129.7351    
         858   114.3787    
         859   115.4377    
         860   114.3787    
         861   101.6699    
         862   101.1404    
         863   70.42760    
         864   75.19338    
         865   72.54573    
         866   68.30949    
         867   76.78197    
         868   68.83901    
         869   69.89808    
         870   70.42760    
         871   61.95511    
         872   69.89808    
         873   66.19136    
         874   61.95511    
         875   67.77995    
         876   66.72089    
         877   60.36652    
         878   68.30949    
         879   60.89605    
         880   65.13230    
         881   62.48465    
         882   59.83699    
         883   57.18933    
         884   66.19136    
         885   61.95511    
         886   55.60074    
         887   59.30746    
         888   57.18933    
         889   62.48465    
         890   55.60074    
         891   56.13028    
         892   58.24840    
         893   52.42356    
         894   56.65981    
         895   57.18933    
         896   55.60074    
         897   52.42356    
         898   52.95309    
         899   57.18933    
         900   51.36449    
         901   56.13027    
         902   50.83496    
         903   59.83699    
         904   54.54168    
         905   50.83496    
         906   48.71684    
         907   51.89403    
         908   52.42356    
         909   52.42356    
         910   57.18933    
         911   48.71684    
         912   58.77793    
         913   50.83496    
         914   56.13028    
         915   59.83699    
         916   55.07121    
         917   85.78400    
         918   105.9062    
         919   5.824840    
         920  0.0000000E+00
         921  0.0000000E+00
         922  0.0000000E+00
         923  0.0000000E+00
         924  0.0000000E+00
         925  0.0000000E+00
         926  0.0000000E+00
         927  0.0000000E+00
         928  0.0000000E+00
         929  0.0000000E+00
         930  0.0000000E+00
         931  0.0000000E+00
         932  0.0000000E+00
         933  0.0000000E+00
         934  0.0000000E+00
         935  0.0000000E+00
         936  0.0000000E+00
         937  0.0000000E+00
         938  0.0000000E+00
         939  0.0000000E+00
         940  0.0000000E+00
         941  0.0000000E+00
         942  0.0000000E+00
         943  0.0000000E+00
         944  0.0000000E+00
         945  0.0000000E+00
         946  0.0000000E+00
         947  0.0000000E+00
         948  0.0000000E+00
         949  0.0000000E+00
         950  0.0000000E+00
         951  0.0000000E+00
         952  0.0000000E+00
         953  0.0000000E+00
         954  0.0000000E+00
         955  0.0000000E+00
         956  0.0000000E+00
         957  0.0000000E+00
         958  0.0000000E+00
         959  0.0000000E+00
         960  0.0000000E+00
         961  0.0000000E+00
         962  0.0000000E+00
         963  0.0000000E+00
         964  0.0000000E+00
         965  0.0000000E+00
         966  0.0000000E+00
         967  0.0000000E+00
         968  0.0000000E+00
         969  0.0000000E+00
         970  0.0000000E+00
         971  0.0000000E+00
         972  0.0000000E+00
         973  0.0000000E+00
         974  0.0000000E+00
         975  0.0000000E+00
         976  0.0000000E+00
         977  0.0000000E+00
         978  0.0000000E+00
         979  0.0000000E+00
         980  0.0000000E+00
         981  0.0000000E+00
         982  0.0000000E+00
         983  0.0000000E+00
         984  0.0000000E+00
         985  0.0000000E+00
         986  0.0000000E+00
         987  0.0000000E+00
         988  0.0000000E+00
         989  0.0000000E+00
         990  0.0000000E+00
         991  0.0000000E+00
         992  0.0000000E+00
         993  0.0000000E+00
         994  0.0000000E+00
         995  0.0000000E+00
         996  0.0000000E+00
         997  0.0000000E+00
         998  0.0000000E+00
         999  0.0000000E+00
        1000  0.0000000E+00
        1001  0.0000000E+00
        1002  0.0000000E+00
        1003  0.0000000E+00
        1004  0.0000000E+00
        1005  0.0000000E+00
        1006  0.0000000E+00
        1007  0.0000000E+00
        1008  0.0000000E+00
        1009  0.0000000E+00
        1010  0.0000000E+00
        1011  0.0000000E+00
        1012  0.0000000E+00
        1013  0.0000000E+00
        1014  0.0000000E+00
        1015  0.0000000E+00
        1016  0.0000000E+00
        1017  0.0000000E+00
        1018  0.0000000E+00
        1019  0.0000000E+00
        1020  0.0000000E+00
        1021  0.0000000E+00
        1022  0.0000000E+00
        1023  0.0000000E+00
        1024  0.0000000E+00
