 #   Y    A
           1  0.0000000E+00
           2  0.0000000E+00
           3  0.0000000E+00
           4  0.0000000E+00
           5  0.0000000E+00
           6  0.0000000E+00
           7  0.0000000E+00
           8  0.0000000E+00
           9  0.0000000E+00
          10  0.0000000E+00
          11  0.0000000E+00
          12  0.0000000E+00
          13  0.0000000E+00
          14  0.0000000E+00
          15  0.0000000E+00
          16  0.0000000E+00
          17  0.0000000E+00
          18  0.0000000E+00
          19  0.0000000E+00
          20  0.0000000E+00
          21  0.0000000E+00
          22  0.0000000E+00
          23  0.0000000E+00
          24  0.0000000E+00
          25  0.0000000E+00
          26  0.0000000E+00
          27  0.0000000E+00
          28  0.0000000E+00
          29  0.0000000E+00
          30  0.0000000E+00
          31  0.0000000E+00
          32  0.0000000E+00
          33  0.0000000E+00
          34  0.0000000E+00
          35  0.0000000E+00
          36  0.0000000E+00
          37  0.0000000E+00
          38  0.0000000E+00
          39  0.0000000E+00
          40  0.0000000E+00
          41  0.0000000E+00
          42  0.0000000E+00
          43  0.0000000E+00
          44  0.0000000E+00
          45  0.0000000E+00
          46  0.0000000E+00
          47  0.0000000E+00
          48  0.0000000E+00
          49  0.0000000E+00
          50  0.0000000E+00
          51  0.0000000E+00
          52  0.0000000E+00
          53  0.0000000E+00
          54  0.0000000E+00
          55  0.0000000E+00
          56  0.0000000E+00
          57  0.0000000E+00
          58  0.0000000E+00
          59  0.0000000E+00
          60  0.0000000E+00
          61  0.0000000E+00
          62  0.0000000E+00
          63  0.0000000E+00
          64  0.0000000E+00
          65  0.0000000E+00
          66  0.0000000E+00
          67  0.0000000E+00
          68  0.0000000E+00
          69  0.0000000E+00
          70  0.0000000E+00
          71  0.0000000E+00
          72  0.0000000E+00
          73  0.0000000E+00
          74  0.0000000E+00
          75  0.0000000E+00
          76  0.0000000E+00
          77  0.0000000E+00
          78  0.0000000E+00
          79  0.0000000E+00
          80  0.0000000E+00
          81  0.0000000E+00
          82  0.0000000E+00
          83  0.0000000E+00
          84  0.0000000E+00
          85  0.0000000E+00
          86  0.0000000E+00
          87  0.0000000E+00
          88  0.0000000E+00
          89  0.0000000E+00
          90  0.0000000E+00
          91  0.0000000E+00
          92  0.0000000E+00
          93  0.0000000E+00
          94  0.0000000E+00
          95  0.0000000E+00
          96  0.0000000E+00
          97  0.0000000E+00
          98  0.0000000E+00
          99  0.0000000E+00
         100  0.0000000E+00
         101  0.0000000E+00
         102  0.0000000E+00
         103  0.0000000E+00
         104  0.0000000E+00
         105  0.0000000E+00
         106  0.0000000E+00
         107  0.0000000E+00
         108  0.0000000E+00
         109  0.0000000E+00
         110  0.0000000E+00
         111  0.0000000E+00
         112  0.0000000E+00
         113  0.0000000E+00
         114  0.0000000E+00
         115  0.0000000E+00
         116  0.0000000E+00
         117  0.0000000E+00
         118  0.0000000E+00
         119  0.0000000E+00
         120  0.0000000E+00
         121  0.0000000E+00
         122  0.0000000E+00
         123  0.0000000E+00
         124  0.0000000E+00
         125  0.0000000E+00
         126  0.0000000E+00
         127  0.0000000E+00
         128  0.0000000E+00
         129  0.0000000E+00
         130  0.0000000E+00
         131  0.0000000E+00
         132  0.0000000E+00
         133  0.0000000E+00
         134  0.0000000E+00
         135  0.0000000E+00
         136  0.0000000E+00
         137  0.0000000E+00
         138  0.0000000E+00
         139  0.0000000E+00
         140  0.0000000E+00
         141  0.0000000E+00
         142  0.0000000E+00
         143  0.0000000E+00
         144  0.0000000E+00
         145  0.0000000E+00
         146  0.0000000E+00
         147  0.0000000E+00
         148  0.0000000E+00
         149  0.0000000E+00
         150  0.0000000E+00
         151  0.0000000E+00
         152  0.0000000E+00
         153  0.0000000E+00
         154  0.0000000E+00
         155  0.0000000E+00
         156  0.0000000E+00
         157  0.0000000E+00
         158  0.0000000E+00
         159  0.0000000E+00
         160  0.0000000E+00
         161  0.0000000E+00
         162  0.0000000E+00
         163  0.0000000E+00
         164  0.0000000E+00
         165  0.0000000E+00
         166  0.0000000E+00
         167  0.0000000E+00
         168  0.0000000E+00
         169  0.0000000E+00
         170  0.0000000E+00
         171  0.0000000E+00
         172  0.0000000E+00
         173  0.0000000E+00
         174  0.0000000E+00
         175  0.0000000E+00
         176  0.0000000E+00
         177  0.0000000E+00
         178  0.0000000E+00
         179  0.0000000E+00
         180  0.0000000E+00
         181  0.0000000E+00
         182  0.0000000E+00
         183  0.0000000E+00
         184  0.0000000E+00
         185  0.0000000E+00
         186  0.0000000E+00
         187  0.0000000E+00
         188  0.0000000E+00
         189  0.0000000E+00
         190  0.0000000E+00
         191  0.0000000E+00
         192  0.0000000E+00
         193  0.0000000E+00
         194  0.0000000E+00
         195   1.588593    
         196   3.706716    
         197   9.002025    
         198   13.23827    
         199   16.41546    
         200   18.00405    
         201   14.82686    
         202   16.41546    
         203   21.71077    
         204   18.00405    
         205   21.18124    
         206   21.71077    
         207   18.53358    
         208   19.59264    
         209   12.70874    
         210   20.12217    
         211   19.06311    
         212   12.70874    
         213   22.24030    
         214   29.65373    
         215   25.94701    
         216   18.53358    
         217   17.47452    
         218   22.24030    
         219   16.41546    
         220   18.53358    
         221   22.76983    
         222   20.12217    
         223   18.53358    
         224   23.82889    
         225   27.00607    
         226   22.24030    
         227   18.00405    
         228   23.82889    
         229   20.65170    
         230   22.76983    
         231   20.65170    
         232   22.24030    
         233   25.41748    
         234   26.47654    
         235   23.82889    
         236   25.41748    
         237   19.59264    
         238   21.71077    
         239   22.24030    
         240   31.24232    
         241   30.71279    
         242   25.41748    
         243   24.35842    
         244   25.94701    
         245   30.71279    
         246   27.53561    
         247   28.59467    
         248   18.53358    
         249   25.41748    
         250   25.41748    
         251   24.88795    
         252   27.53561    
         253   34.41951    
         254   30.18326    
         255   25.94701    
         256   35.47857    
         257   26.47654    
         258   32.30138    
         259   30.18326    
         260   28.06514    
         261   37.06716    
         262   31.24232    
         263   38.65575    
         264   28.59467    
         265   37.59669    
         266   42.36247    
         267   30.18326    
         268   38.12622    
         269   33.36045    
         270   36.00810    
         271   36.00810    
         272   30.71279    
         273   36.00810    
         274   51.89403    
         275   36.53763    
         276   39.18529    
         277   35.47857    
         278   39.71482    
         279   52.42356    
         280   52.95309    
         281   47.12825    
         282   58.77793    
         283   50.83496    
         284   43.42153    
         285   50.30544    
         286   57.18933    
         287   52.42356    
         288   54.01215    
         289   73.07526    
         290   67.25042    
         291   60.89605    
         292   55.60074    
         293   78.90010    
         294   78.37057    
         295   83.66588    
         296   73.60479    
         297   97.96321    
         298   96.37462    
         299   94.78603    
         300   120.2035    
         301   113.3196    
         302   133.4418    
         303   118.0854    
         304   142.9733    
         305   149.3277    
         306   156.2116    
         307   153.0344    
         308   167.3318    
         309   162.5660    
         310   176.3338    
         311   191.6902    
         312   189.5721    
         313   163.6250    
         314   200.6922    
         315   170.5089    
         316   170.5089    
         317   174.2157    
         318   166.2727    
         319   180.5700    
         320   162.0365    
         321   172.6271    
         322   175.2747    
         323   183.7472    
         324   154.0935    
         325   171.0385    
         326   163.0955    
         327   180.0405    
         328   162.0365    
         329   164.1546    
         330   177.9224    
         331   170.5089    
         332   175.8043    
         333   172.6271    
         334   175.8043    
         335   193.8083    
         336   169.9794    
         337   181.0996    
         338   177.9224    
         339   195.3969    
         340   181.0996    
         341   198.0446    
         342   200.6922    
         343   199.6331    
         344   204.9285    
         345   215.5191    
         346   219.2258    
         347   231.4050    
         348   238.8184    
         349   235.1117    
         350   237.7594    
         351   240.4070    
         352   255.2339    
         353   246.7614    
         354   264.7654    
         355   248.8795    
         356   277.4742    
         357   263.1768    
         358   265.8245    
         359   280.6514    
         360   287.0057    
         361   280.1218    
         362   291.2420    
         363   293.8896    
         364   290.1829    
         365   309.7756    
         366   289.1239    
         367   303.4212    
         368   292.3011    
         369   316.6595    
         370   290.1829    
         371   302.8917    
         372   307.1279    
         373   286.4762    
         374   310.8346    
         375   297.0668    
         376   317.7185    
         377   297.0668    
         378   318.7776    
         379   308.7165    
         380   323.5434    
         381   283.8286    
         382   310.8346    
         383   308.7165    
         384   328.3091    
         385   305.0098    
         386   322.4843    
         387   311.8937    
         388   320.3662    
         389   311.3642    
         390   324.6024    
         391   320.3662    
         392   312.4232    
         393   321.9548    
         394   322.4843    
         395   306.0688    
         396   323.0138    
         397   323.0138    
         398   309.7756    
         399   312.9528    
         400   318.7776    
         401   317.7185    
         402   316.6595    
         403   318.2480    
         404   314.5414    
         405   317.7185    
         406   320.8957    
         407   329.3682    
         408   328.8387    
         409   322.4843    
         410   323.5434    
         411   333.6045    
         412   318.7776    
         413   327.7796    
         414   351.0790    
         415   326.7206    
         416   336.7816    
         417   350.5494    
         418   347.3723    
         419   338.3702    
         420   345.2542    
         421   359.5515    
         422   354.7857    
         423   356.3743    
         424   372.2602    
         425   363.2582    
         426   368.0240    
         427   362.7286    
         428   372.7897    
         429   376.4965    
         430   377.5555    
         431   390.2643    
         432   401.3844    
         433   396.0891    
         434   410.9160    
         435   394.5005    
         436   401.3844    
         437   419.3885    
         438   404.5616    
         439   431.5677    
         440   409.8569    
         441   445.8650    
         442   436.8630    
         443   447.4536    
         444   456.4556    
         445   452.2194    
         446   504.6429    
         447   497.2295    
         448   508.3496    
         449   504.6429    
         450   499.8771    
         451   522.1174    
         452   532.7081    
         453   518.9402    
         454   571.3638    
         455   545.4168    
         456   556.0074    
         457   569.2457    
         458   549.6531    
         459   566.5980    
         460   556.5370    
         461   552.3007    
         462   579.8363    
         463   575.0706    
         464   594.1337    
         465   581.9545    
         466   587.7793    
         467   599.9585    
         468   588.3088    
         469   602.0766    
         470   595.7222    
         471   629.0827    
         472   586.1907    
         473   613.1968    
         474   639.6733    
         475   635.4371    
         476   633.8484    
         477   629.0827    
         478   632.7894    
         479   656.0887    
         480   612.6672    
         481   642.3210    
         482   694.7445    
         483   654.5002    
         484   638.6143    
         485   736.0479    
         486   666.1498    
         487   701.6284    
         488   693.6854    
         489   684.1539    
         490   730.7526    
         491   698.4512    
         492   710.6304    
         493   703.7465    
         494   757.2292    
         495   763.5836    
         496   767.2902    
         497   777.3513    
         498   740.8137    
         499   816.5366    
         500   733.9298    
         501   820.7729    
         502   823.4205    
         503   820.2433    
         504   778.9399    
         505   825.5386    
         506   822.3615    
         507   808.0641    
         508   819.7138    
         509   831.3635    
         510   821.8319    
         511   917.6770    
         512   848.3085    
         513   804.8870    
         514   929.3267    
         515   877.4327    
         516   844.6017    
         517   822.3615    
         518   949.4489    
         519   895.4367    
         520   909.7341    
         521   927.7381    
         522   943.0945    
         523   874.7850    
         524   895.4367    
         525   923.5018    
         526   938.8583    
         527   880.6099    
         528   952.0965    
         529   933.5629    
         530   901.7911    
         531   898.0844    
         532   930.9153    
         533   935.6811    
         534   919.7952    
         535   929.3267    
         536   890.6710    
         537   938.3287    
         538   886.4347    
         539   884.3166    
         540   924.5609    
         541   875.3146    
         542   915.5589    
         543   926.1495    
         544   922.9724    
         545   917.6770    
         546   911.8522    
         547   906.5569    
         548   935.1516    
         549   942.5649    
         550   935.6811    
         551   976.4550    
         552   950.5079    
         553   1013.522    
         554   1008.756    
         555   1002.932    
         556   1049.001    
         557   1024.113    
         558   1034.703    
         559   1033.644    
         560   1055.355    
         561   1047.942    
         562   1014.581    
         563   1052.178    
         564   1033.644    
         565   1059.591    
         566   1058.532    
         567   1061.180    
         568   1051.648    
         569   1055.355    
         570   1070.711    
         571   1045.823    
         572   1061.709    
         573   1035.233    
         574   1061.709    
         575   1043.705    
         576   1034.174    
         577   1032.056    
         578   1007.697    
         579   1058.003    
         580   1009.815    
         581   1046.353    
         582   1049.001    
         583   1011.404    
         584   997.1066    
         585   1009.815    
         586   1027.290    
         587   990.7523    
         588   1014.581    
         589   992.3409    
         590   1009.815    
         591   1001.343    
         592   1005.579    
         593   1005.050    
         594   998.1657    
         595   1012.993    
         596   982.8093    
         597   1019.347    
         598   986.5161    
         599   993.4000    
         600   992.3409    
         601   998.1657    
         602   989.1637    
         603   984.9274    
         604   994.4590    
         605   982.2798    
         606   967.9825    
         607   984.3979    
         608   999.2248    
         609   968.5120    
         610   987.0455    
         611   993.9294    
         612   980.1617    
         613   995.5181    
         614   958.4509    
         615   994.4590    
         616   961.6281    
         617   987.5751    
         618   976.9845    
         619   950.5079    
         620   975.3959    
         621   987.0455    
         622   933.5629    
         623   978.0435    
         624   933.5629    
         625   967.9824    
         626   940.9764    
         627   937.7992    
         628   932.5039    
         629   919.2656    
         630   968.5120    
         631   913.9703    
         632   933.0334    
         633   917.1475    
         634   919.7952    
         635   917.1475    
         636   934.0925    
         637   886.4347    
         638   943.6240    
         639   898.0844    
         640   922.9724    
         641   877.9622    
         642   919.7952    
         643   881.1394    
         644   900.7321    
         645   893.3186    
         646   891.7300    
         647   901.7911    
         648   876.9031    
         649   903.9092    
         650   874.2555    
         651   929.8562    
         652   874.7850    
         653   919.7952    
         654   907.0864    
         655   931.9744    
         656   938.3287    
         657   946.2717    
         658   935.6811    
         659   999.2248    
         660   949.4489    
         661   999.2248    
         662   980.1617    
         663   1019.347    
         664   1029.408    
         665   1018.817    
         666   1043.705    
         667   1036.292    
         668   1063.828    
         669   1072.300    
         670   1100.365    
         671   1112.015    
         672   1139.021    
         673   1194.092    
         674   1185.620    
         675   1186.149    
         676   1299.469    
         677   1324.886    
         678   1415.966    
         679   1446.149    
         680   1494.866    
         681   1603.949    
         682   1759.631    
         683   1927.492    
         684   2116.535    
         685   2240.975    
         686   2528.510    
         687   2729.732    
         688   2795.923    
         689   2671.483    
         690   2512.624    
         691   2134.539    
         692   1862.890    
         693   1560.527    
         694   1384.194    
         695   1198.858    
         696   1077.066    
         697   1010.345    
         698   961.0986    
         699   850.4266    
         700   832.9521    
         701   803.2983    
         702   759.8768    
         703   721.2211    
         704   691.0378    
         705   700.0399    
         706   666.6794    
         707   617.9625    
         708   628.0236    
         709   608.4310    
         710   600.4880    
         711   560.2437    
         712   570.8343    
         713   549.6531    
         714   534.2966    
         715   515.2335    
         716   514.7040    
         717   531.6490    
         718   505.1725    
         719   491.9342    
         720   494.0523    
         721   490.8751    
         722   489.2865    
         723   479.7550    
         724   467.0462    
         725   442.1583    
         726   470.2234    
         727   444.8059    
         728   442.6878    
         729   462.8100    
         730   422.0361    
         731   440.5697    
         732   429.9791    
         733   434.7448    
         734   426.8019    
         735   395.0300    
         736   413.0341    
         737   396.0891    
         738   418.3294    
         739   418.3294    
         740   385.4985    
         741   394.5005    
         742   379.1441    
         743   381.7918    
         744   375.4374    
         745   377.5555    
         746   383.3804    
         747   374.3783    
         748   354.7857    
         749   357.9629    
         750   349.4904    
         751   347.3723    
         752   360.0810    
         753   352.6676    
         754   338.3702    
         755   334.6635    
         756   337.8407    
         757   319.8366    
         758   328.3091    
         759   341.5474    
         760   318.7776    
         761   317.1890    
         762   292.8306    
         763   303.4212    
         764   299.7145    
         765   292.8306    
         766   281.7104    
         767   297.5963    
         768   278.5332    
         769   280.1218    
         770   266.8836    
         771   286.4762    
         772   259.4701    
         773   267.4131    
         774   259.9997    
         775   244.6433    
         776   258.9406    
         777   239.8775    
         778   241.9956    
         779   238.8184    
         780   226.6392    
         781   236.7003    
         782   222.9325    
         783   222.9325    
         784   221.3439    
         785   204.3989    
         786   207.0466    
         787   208.6352    
         788   198.5741    
         789   207.0466    
         790   185.3358    
         791   182.6882    
         792   181.6291    
         793   171.5680    
         794   183.2177    
         795   166.2727    
         796   177.3929    
         797   158.8593    
         798   175.8043    
         799   166.8022    
         800   151.9754    
         801   174.7452    
         802   160.9774    
         803   164.6841    
         804   156.2116    
         805   157.2707    
         806   157.2707    
         807   157.8002    
         808   153.0344    
         809   156.2116    
         810   149.8572    
         811   141.9143    
         812   154.0935    
         813   132.9122    
         814   157.2707    
         815   140.8552    
         816   152.5049    
         817   144.5619    
         818   126.5579    
         819   154.6230    
         820   127.6169    
         821   134.5008    
         822   141.3848    
         823   145.0915    
         824   132.9122    
         825   130.2646    
         826   134.5008    
         827   138.2076    
         828   123.9102    
         829   131.8532    
         830   130.7941    
         831   118.6149    
         832   134.5008    
         833   118.0854    
         834   128.6760    
         835   123.3807    
         836   119.1444    
         837   117.0263    
         838   126.0284    
         839   127.0874    
         840   122.8512    
         841   115.4377    
         842   127.6169    
         843   117.0263    
         844   120.2035    
         845   116.4968    
         846   114.3787    
         847   126.0284    
         848   109.6129    
         849   123.3807    
         850   116.4968    
         851   117.0263    
         852   126.0284    
         853   110.1424    
         854   108.0243    
         855   127.6169    
         856   110.6720    
         857   107.4948    
         858   108.5538    
         859   108.0243    
         860   99.55180    
         861   109.6129    
         862   113.3196    
         863   104.3176    
         864   102.1995    
         865   117.5559    
         866   96.90415    
         867   113.3196    
         868   93.72697    
         869   112.2606    
         870   112.2605    
         871   99.55180    
         872   104.8471    
         873   105.3766    
         874   102.7290    
         875   104.3176    
         876   102.7290    
         877   96.37462    
         878   110.1424    
         879   95.31556    
         880   102.1995    
         881   111.2015    
         882   99.02228    
         883   100.0813    
         884   101.6699    
         885   99.55180    
         886   99.55180    
         887   106.4357    
         888   97.96321    
         889   113.3196    
         890   101.6699    
         891   101.6699    
         892   95.31556    
         893   109.0834    
         894   105.3766    
         895   105.3766    
         896   104.3176    
         897   103.2585    
         898   111.7310    
         899   113.3196    
         900   115.9673    
         901   107.4948    
         902   112.7901    
         903   109.6129    
         904   117.5559    
         905   121.2626    
         906   114.9082    
         907   114.3787    
         908   123.3807    
         909   126.5579    
         910   111.7310    
         911   136.0894    
         912   115.9673    
         913   124.4398    
         914   130.2646    
         915   115.9673    
         916   131.3237    
         917   118.6149    
         918   118.6149    
         919   128.6760    
         920   126.0284    
         921   115.9673    
         922   131.3237    
         923   111.7310    
         924   116.4968    
         925   114.3787    
         926   123.9102    
         927   128.6760    
         928   120.7330    
         929   130.2646    
         930   117.5559    
         931   125.4988    
         932   115.4377    
         933   124.9693    
         934   113.3196    
         935   129.7351    
         936   120.2035    
         937   117.5559    
         938   120.2035    
         939   116.4968    
         940   115.4377    
         941   116.4968    
         942   121.7921    
         943   112.2606    
         944   115.4377    
         945   121.7921    
         946   122.8512    
         947   115.4377    
         948   111.2015    
         949   108.0243    
         950   111.7310    
         951   115.4377    
         952   104.8471    
         953   115.4377    
         954   117.5559    
         955   100.0813    
         956   104.8471    
         957   107.4948    
         958   109.0834    
         959   99.55180    
         960   104.3176    
         961   95.84509    
         962   108.5538    
         963   104.8471    
         964   88.43166    
         965   98.49274    
         966   99.55180    
         967   97.96321    
         968   92.66791    
         969   90.02025    
         970   93.19743    
         971   86.84306    
         972   93.19743    
         973   82.07729    
         974   83.66588    
         975   94.78603    
         976   82.60682    
         977   83.13635    
         978   85.25447    
         979   76.25245    
         980   79.42963    
         981   82.07729    
         982   71.48667    
         983   66.19136    
         984   56.13028    
         985   49.77590    
         986   58.24840    
         987   49.77590    
         988   61.95511    
         989   47.65778    
         990   45.53966    
         991   48.18731    
         992   47.12825    
         993   52.95309    
         994   41.83294    
         995   56.65981    
         996   39.71482    
         997   41.83294    
         998   40.24435    
         999   40.24435    
        1000   41.30341    
        1001   44.48059    
        1002   43.95107    
        1003   47.12825    
        1004   60.36652    
        1005   81.54776    
        1006   41.30341    
        1007  0.5295309    
        1008  0.0000000E+00
        1009  0.0000000E+00
        1010  0.0000000E+00
        1011  0.0000000E+00
        1012  0.0000000E+00
        1013  0.0000000E+00
        1014  0.0000000E+00
        1015  0.0000000E+00
        1016  0.0000000E+00
        1017  0.0000000E+00
        1018  0.0000000E+00
        1019  0.0000000E+00
        1020  0.0000000E+00
        1021  0.0000000E+00
        1022  0.0000000E+00
        1023  0.0000000E+00
        1024  0.0000000E+00
