 #   Y    A
           1  0.0000000E+00
           2  0.0000000E+00
           3  0.0000000E+00
           4  0.0000000E+00
           5  0.0000000E+00
           6  0.0000000E+00
           7  0.0000000E+00
           8  0.0000000E+00
           9  0.0000000E+00
          10  0.0000000E+00
          11  0.0000000E+00
          12  0.0000000E+00
          13  0.0000000E+00
          14  0.0000000E+00
          15  0.0000000E+00
          16  0.0000000E+00
          17  0.0000000E+00
          18  0.0000000E+00
          19  0.0000000E+00
          20  0.0000000E+00
          21  0.0000000E+00
          22  0.0000000E+00
          23  0.0000000E+00
          24  0.0000000E+00
          25  0.0000000E+00
          26  0.0000000E+00
          27  0.0000000E+00
          28  0.0000000E+00
          29  0.0000000E+00
          30  0.0000000E+00
          31  0.0000000E+00
          32  0.0000000E+00
          33  0.0000000E+00
          34  0.0000000E+00
          35  0.0000000E+00
          36  0.0000000E+00
          37  0.0000000E+00
          38  0.0000000E+00
          39  0.0000000E+00
          40  0.0000000E+00
          41  0.0000000E+00
          42  0.0000000E+00
          43  0.0000000E+00
          44  0.0000000E+00
          45  0.0000000E+00
          46  0.0000000E+00
          47  0.0000000E+00
          48  0.0000000E+00
          49  0.0000000E+00
          50  0.0000000E+00
          51  0.0000000E+00
          52  0.0000000E+00
          53  0.0000000E+00
          54  0.0000000E+00
          55  0.0000000E+00
          56  0.0000000E+00
          57  0.0000000E+00
          58  0.0000000E+00
          59  0.0000000E+00
          60  0.0000000E+00
          61  0.0000000E+00
          62  0.0000000E+00
          63  0.0000000E+00
          64  0.0000000E+00
          65  0.0000000E+00
          66  0.0000000E+00
          67  0.0000000E+00
          68  0.0000000E+00
          69  0.0000000E+00
          70  0.0000000E+00
          71  0.0000000E+00
          72  0.0000000E+00
          73  0.0000000E+00
          74  0.0000000E+00
          75  0.0000000E+00
          76  0.0000000E+00
          77  0.0000000E+00
          78  0.0000000E+00
          79  0.0000000E+00
          80  0.0000000E+00
          81  0.0000000E+00
          82  0.0000000E+00
          83  0.0000000E+00
          84  0.0000000E+00
          85  0.0000000E+00
          86  0.0000000E+00
          87  0.0000000E+00
          88  0.0000000E+00
          89  0.0000000E+00
          90  0.0000000E+00
          91  0.0000000E+00
          92  0.0000000E+00
          93  0.0000000E+00
          94  0.0000000E+00
          95  0.0000000E+00
          96  0.0000000E+00
          97  0.0000000E+00
          98  0.0000000E+00
          99  0.0000000E+00
         100  0.0000000E+00
         101  0.0000000E+00
         102  0.0000000E+00
         103  0.0000000E+00
         104  0.0000000E+00
         105  0.0000000E+00
         106  0.0000000E+00
         107  0.0000000E+00
         108  0.0000000E+00
         109  0.0000000E+00
         110  0.0000000E+00
         111  0.0000000E+00
         112  0.0000000E+00
         113  0.0000000E+00
         114  0.0000000E+00
         115  0.0000000E+00
         116  0.0000000E+00
         117  0.0000000E+00
         118  0.0000000E+00
         119  0.0000000E+00
         120  0.0000000E+00
         121  0.0000000E+00
         122  0.0000000E+00
         123  0.0000000E+00
         124  0.0000000E+00
         125  0.0000000E+00
         126  0.0000000E+00
         127  0.0000000E+00
         128  0.0000000E+00
         129  0.0000000E+00
         130  0.0000000E+00
         131  0.0000000E+00
         132  0.0000000E+00
         133  0.0000000E+00
         134  0.0000000E+00
         135  0.0000000E+00
         136  0.0000000E+00
         137  0.0000000E+00
         138  0.0000000E+00
         139  0.0000000E+00
         140  0.0000000E+00
         141  0.0000000E+00
         142  0.0000000E+00
         143  0.0000000E+00
         144  0.0000000E+00
         145  0.0000000E+00
         146  0.0000000E+00
         147  0.0000000E+00
         148  0.0000000E+00
         149  0.0000000E+00
         150  0.0000000E+00
         151  0.0000000E+00
         152  0.0000000E+00
         153  0.0000000E+00
         154  0.0000000E+00
         155  0.0000000E+00
         156  0.0000000E+00
         157  0.0000000E+00
         158  0.0000000E+00
         159  0.0000000E+00
         160  0.0000000E+00
         161  0.0000000E+00
         162  0.0000000E+00
         163  0.0000000E+00
         164  0.0000000E+00
         165  0.0000000E+00
         166  0.0000000E+00
         167  0.0000000E+00
         168  0.0000000E+00
         169  0.0000000E+00
         170  0.0000000E+00
         171  0.0000000E+00
         172  0.0000000E+00
         173  0.0000000E+00
         174  0.0000000E+00
         175  0.0000000E+00
         176  0.0000000E+00
         177  0.0000000E+00
         178  0.0000000E+00
         179  0.0000000E+00
         180  0.0000000E+00
         181  0.0000000E+00
         182  0.0000000E+00
         183  0.0000000E+00
         184  0.0000000E+00
         185  0.0000000E+00
         186  0.0000000E+00
         187  0.0000000E+00
         188  0.0000000E+00
         189  0.0000000E+00
         190  0.0000000E+00
         191  0.0000000E+00
         192  0.0000000E+00
         193  0.0000000E+00
         194  0.0000000E+00
         195  0.0000000E+00
         196  0.0000000E+00
         197  0.0000000E+00
         198  0.0000000E+00
         199  0.0000000E+00
         200  0.0000000E+00
         201  0.0000000E+00
         202  0.0000000E+00
         203  0.0000000E+00
         204  0.0000000E+00
         205  0.0000000E+00
         206  0.0000000E+00
         207  0.0000000E+00
         208  0.0000000E+00
         209  0.0000000E+00
         210  0.0000000E+00
         211  0.0000000E+00
         212  0.0000000E+00
         213  0.0000000E+00
         214  0.0000000E+00
         215  0.0000000E+00
         216  0.0000000E+00
         217  0.0000000E+00
         218  0.0000000E+00
         219  0.0000000E+00
         220  0.0000000E+00
         221  0.0000000E+00
         222  0.0000000E+00
         223  0.0000000E+00
         224  0.0000000E+00
         225  0.0000000E+00
         226  0.0000000E+00
         227  0.0000000E+00
         228  0.0000000E+00
         229  0.0000000E+00
         230  0.0000000E+00
         231  0.0000000E+00
         232  0.0000000E+00
         233  0.0000000E+00
         234  0.0000000E+00
         235  0.0000000E+00
         236  0.0000000E+00
         237  0.0000000E+00
         238  0.0000000E+00
         239  0.0000000E+00
         240  0.0000000E+00
         241  0.0000000E+00
         242  0.0000000E+00
         243  0.0000000E+00
         244  0.0000000E+00
         245  0.0000000E+00
         246  0.0000000E+00
         247  0.0000000E+00
         248  0.0000000E+00
         249  0.0000000E+00
         250  0.0000000E+00
         251  0.0000000E+00
         252  0.0000000E+00
         253  0.0000000E+00
         254  0.0000000E+00
         255  0.0000000E+00
         256  0.0000000E+00
         257  0.0000000E+00
         258  0.0000000E+00
         259  0.0000000E+00
         260  0.0000000E+00
         261  0.0000000E+00
         262  0.0000000E+00
         263  0.0000000E+00
         264  0.0000000E+00
         265  0.0000000E+00
         266  0.0000000E+00
         267  0.0000000E+00
         268  0.0000000E+00
         269  0.0000000E+00
         270  0.0000000E+00
         271  0.0000000E+00
         272  0.0000000E+00
         273  0.0000000E+00
         274  0.0000000E+00
         275  0.0000000E+00
         276  0.0000000E+00
         277  0.0000000E+00
         278  0.0000000E+00
         279  0.0000000E+00
         280  0.0000000E+00
         281  0.0000000E+00
         282  0.0000000E+00
         283  0.0000000E+00
         284  0.0000000E+00
         285  0.0000000E+00
         286  0.0000000E+00
         287  0.0000000E+00
         288  0.0000000E+00
         289  0.0000000E+00
         290  0.0000000E+00
         291  0.0000000E+00
         292  0.0000000E+00
         293  0.0000000E+00
         294  0.0000000E+00
         295  0.0000000E+00
         296  0.0000000E+00
         297  0.0000000E+00
         298  0.0000000E+00
         299  0.0000000E+00
         300  0.0000000E+00
         301  0.0000000E+00
         302  0.0000000E+00
         303  0.0000000E+00
         304  0.0000000E+00
         305  0.0000000E+00
         306  0.0000000E+00
         307  0.0000000E+00
         308  0.0000000E+00
         309  0.0000000E+00
         310  0.0000000E+00
         311  0.0000000E+00
         312  0.0000000E+00
         313  0.0000000E+00
         314  0.0000000E+00
         315  0.0000000E+00
         316  0.0000000E+00
         317  0.0000000E+00
         318  0.0000000E+00
         319  0.0000000E+00
         320  0.0000000E+00
         321  0.0000000E+00
         322  0.0000000E+00
         323  0.0000000E+00
         324  0.0000000E+00
         325  0.0000000E+00
         326  0.0000000E+00
         327  0.0000000E+00
         328  0.0000000E+00
         329  0.0000000E+00
         330  0.0000000E+00
         331  0.0000000E+00
         332  0.0000000E+00
         333  0.0000000E+00
         334  0.0000000E+00
         335  0.0000000E+00
         336  0.0000000E+00
         337  0.0000000E+00
         338  0.0000000E+00
         339  0.0000000E+00
         340  0.0000000E+00
         341  0.0000000E+00
         342  0.0000000E+00
         343  0.0000000E+00
         344  0.0000000E+00
         345  0.0000000E+00
         346  0.5295309    
         347   7.413432    
         348   21.18124    
         349   30.18326    
         350   42.36247    
         351   52.42356    
         352   45.53966    
         353   47.65778    
         354   67.77995    
         355   64.07323    
         356   60.36652    
         357   61.95511    
         358   67.77995    
         359   79.42963    
         360   79.42963    
         361   83.13635    
         362   97.96321    
         363   99.55180    
         364   93.19743    
         365   87.37260    
         366   103.7881    
         367   88.96119    
         368   93.72697    
         369   104.3176    
         370   121.7921    
         371   121.7921    
         372   126.5579    
         373   129.7351    
         374   135.5599    
         375   130.7941    
         376   141.9143    
         377   163.0955    
         378   149.3277    
         379   187.9835    
         380   181.0996    
         381   176.8633    
         382   212.8714    
         383   209.6942    
         384   222.4030    
         385   252.5862    
         386   239.3480    
         387   287.5353    
         388   287.0057    
         389   320.3662    
         390   334.1340    
         391   357.4333    
         392   391.8528    
         393   399.7958    
         394   429.9791    
         395   458.5737    
         396   484.5208    
         397   503.0543    
         398   554.4188    
         399   570.8343    
         400   621.6693    
         401   657.6774    
         402   715.3962    
         403   732.8707    
         404   819.7138    
         405   843.0132    
         406   896.4958    
         407   997.6362    
         408   1044.235    
         409   1139.550    
         410   1207.860    
         411   1382.076    
         412   1587.534    
         413   1951.321    
         414   2380.241    
         415   3001.381    
         416   3641.584    
         417   4505.249    
         418   5186.226    
         419   4826.674    
         420   4203.416    
         421   4110.748    
         422   3486.961    
         423   3006.147    
         424   2868.469    
         425   2602.115    
         426   2346.351    
         427   2130.832    
         428   1971.443    
         429   1838.531    
         430   1652.136    
         431   1695.028    
         432   1561.587    
         433   1502.809    
         434   1516.576    
         435   1466.271    
         436   1395.314    
         437   1372.015    
         438   1297.880    
         439   1318.532    
         440   1247.575    
         441   1195.681    
         442   1240.691    
         443   1224.275    
         444   1154.377    
         445   1143.787    
         446   1133.196    
         447   1155.966    
         448   1146.964    
         449   1123.135    
         450   1101.954    
         451   1136.903    
         452   1190.915    
         453   1132.667    
         454   1144.316    
         455   1128.960    
         456   1149.612    
         457   1211.037    
         458   1214.744    
         459   1176.088    
         460   1163.909    
         461   1169.734    
         462   1161.261    
         463   1222.687    
         464   1177.147    
         465   1148.023    
         466   1162.850    
         467   1088.715    
         468   1117.310    
         469   1068.064    
         470   1109.367    
         471   1077.595    
         472   1056.944    
         473   1067.534    
         474   1058.003    
         475   1067.534    
         476   1030.467    
         477   1035.233    
         478   1042.117    
         479   1036.821    
         480   1028.349    
         481   1041.587    
         482   1107.249    
         483   1068.593    
         484   1096.129    
         485   1117.840    
         486   1086.068    
         487   1096.658    
         488   1103.542    
         489   1038.410    
         490   1101.954    
         491   1053.237    
         492   1059.591    
         493   1065.416    
         494   1080.773    
         495   1072.830    
         496   1104.072    
         497   1088.186    
         498   1061.709    
         499   1114.133    
         500   1098.247    
         501   1091.893    
         502   1041.587    
         503   1099.836    
         504   1061.180    
         505   1090.304    
         506   1076.536    
         507   1072.300    
         508   1065.946    
         509   1061.180    
         510   1076.536    
         511   1073.359    
         512   1067.005    
         513   1074.948    
         514   1069.652    
         515   1051.648    
         516   1063.298    
         517   1097.718    
         518   1085.538    
         519   1088.715    
         520   1064.357    
         521   1073.889    
         522   1078.125    
         523   1056.414    
         524   1079.714    
         525   1083.420    
         526   1078.125    
         527   1049.001    
         528   1077.595    
         529   1043.705    
         530   1039.469    
         531   1072.830    
         532   1044.764    
         533   1044.764    
         534   1056.944    
         535   1102.483    
         536   1070.711    
         537   1078.125    
         538   1082.891    
         539   1071.241    
         540   1049.530    
         541   1056.944    
         542   1042.117    
         543   1073.359    
         544   1075.477    
         545   1056.944    
         546   1076.536    
         547   1055.355    
         548   1067.534    
         549   1071.771    
         550   1091.893    
         551   1041.587    
         552   1047.942    
         553   1035.762    
         554   1091.363    
         555   1028.879    
         556   1077.066    
         557   1070.711    
         558   1094.011    
         559   1082.891    
         560   1024.642    
         561   1052.707    
         562   1048.471    
         563   1070.182    
         564   1070.711    
         565   1056.944    
         566   1057.473    
         567   1103.013    
         568   1046.353    
         569   1080.773    
         570   1063.298    
         571   1064.357    
         572   1069.123    
         573   1050.589    
         574   1048.471    
         575   1048.471    
         576   1073.889    
         577   1063.828    
         578   1099.836    
         579   1079.184    
         580   1073.359    
         581   1061.180    
         582   1074.418    
         583   1062.239    
         584   1058.532    
         585   1078.125    
         586   1053.237    
         587   1052.178    
         588   1062.768    
         589   1106.720    
         590   1079.184    
         591   1064.357    
         592   1071.241    
         593   1039.999    
         594   1072.300    
         595   1045.294    
         596   1064.357    
         597   1050.589    
         598   1083.950    
         599   1094.540    
         600   1100.895    
         601   1078.654    
         602   1044.764    
         603   1034.174    
         604   1042.646    
         605   1045.294    
         606   1062.768    
         607   1086.068    
         608   1073.889    
         609   1053.237    
         610   1099.836    
         611   1060.121    
         612   1072.830    
         613   1075.477    
         614   1063.828    
         615   1044.764    
         616   1068.593    
         617   1062.768    
         618   1063.828    
         619   1076.536    
         620   1050.060    
         621   1081.302    
         622   1059.062    
         623   1080.243    
         624   1071.241    
         625   1062.768    
         626   1065.416    
         627   1036.292    
         628   1071.771    
         629   1060.121    
         630   1074.418    
         631   1087.127    
         632   1058.532    
         633   1056.414    
         634   1061.709    
         635   1067.534    
         636   1041.058    
         637   1086.068    
         638   1038.940    
         639   1093.481    
         640   1048.471    
         641   1034.703    
         642   1080.773    
         643   1091.893    
         644   1049.001    
         645   1061.709    
         646   1037.880    
         647   1057.473    
         648   1063.828    
         649   1076.536    
         650   1087.127    
         651   1050.060    
         652   1073.359    
         653   1063.298    
         654   1064.357    
         655   1085.009    
         656   1074.948    
         657   1019.347    
         658   1034.174    
         659   1004.520    
         660   1023.583    
         661   1012.993    
         662   974.8663    
         663   937.7992    
         664   845.6608    
         665   843.0132    
         666   814.9480    
         667   794.8259    
         668   779.9990    
         669   741.3433    
         670   731.8117    
         671   635.4371    
         672   611.6082    
         673   501.9953    
         674   496.1704    
         675   432.6267    
         676   420.4475    
         677   382.8508    
         678   305.5393    
         679   282.7695    
         680   238.2889    
         681   196.4560    
         682   153.0344    
         683   113.3196    
         684   67.25042    
         685   31.77185    
         686   4.236247    
         687  0.0000000E+00
         688  0.0000000E+00
         689  0.0000000E+00
         690  0.0000000E+00
         691  0.0000000E+00
         692  0.0000000E+00
         693  0.0000000E+00
         694  0.0000000E+00
         695  0.0000000E+00
         696  0.0000000E+00
         697  0.0000000E+00
         698  0.0000000E+00
         699  0.0000000E+00
         700  0.0000000E+00
         701  0.0000000E+00
         702  0.0000000E+00
         703  0.0000000E+00
         704  0.0000000E+00
         705  0.0000000E+00
         706  0.0000000E+00
         707  0.0000000E+00
         708  0.0000000E+00
         709  0.0000000E+00
         710  0.0000000E+00
         711  0.0000000E+00
         712  0.0000000E+00
         713  0.0000000E+00
         714  0.0000000E+00
         715  0.0000000E+00
         716  0.0000000E+00
         717  0.0000000E+00
         718  0.0000000E+00
         719  0.0000000E+00
         720  0.0000000E+00
         721  0.0000000E+00
         722  0.0000000E+00
         723  0.0000000E+00
         724  0.0000000E+00
         725  0.0000000E+00
         726  0.0000000E+00
         727  0.0000000E+00
         728  0.0000000E+00
         729  0.0000000E+00
         730  0.0000000E+00
         731  0.0000000E+00
         732  0.0000000E+00
         733  0.0000000E+00
         734  0.0000000E+00
         735  0.0000000E+00
         736  0.0000000E+00
         737  0.0000000E+00
         738  0.0000000E+00
         739  0.0000000E+00
         740  0.0000000E+00
         741  0.0000000E+00
         742  0.0000000E+00
         743  0.0000000E+00
         744  0.0000000E+00
         745  0.0000000E+00
         746  0.0000000E+00
         747  0.0000000E+00
         748  0.0000000E+00
         749  0.0000000E+00
         750  0.0000000E+00
         751  0.0000000E+00
         752  0.0000000E+00
         753  0.0000000E+00
         754  0.0000000E+00
         755  0.0000000E+00
         756  0.0000000E+00
         757  0.0000000E+00
         758  0.0000000E+00
         759  0.0000000E+00
         760  0.0000000E+00
         761  0.0000000E+00
         762  0.0000000E+00
         763  0.0000000E+00
         764  0.0000000E+00
         765  0.0000000E+00
         766  0.0000000E+00
         767  0.0000000E+00
         768  0.0000000E+00
         769  0.0000000E+00
         770  0.0000000E+00
         771  0.0000000E+00
         772  0.0000000E+00
         773  0.0000000E+00
         774  0.0000000E+00
         775  0.0000000E+00
         776  0.0000000E+00
         777  0.0000000E+00
         778  0.0000000E+00
         779  0.0000000E+00
         780  0.0000000E+00
         781  0.0000000E+00
         782  0.0000000E+00
         783  0.0000000E+00
         784  0.0000000E+00
         785  0.0000000E+00
         786  0.0000000E+00
         787  0.0000000E+00
         788  0.0000000E+00
         789  0.0000000E+00
         790  0.0000000E+00
         791  0.0000000E+00
         792  0.0000000E+00
         793  0.0000000E+00
         794  0.0000000E+00
         795  0.0000000E+00
         796  0.0000000E+00
         797  0.0000000E+00
         798  0.0000000E+00
         799  0.0000000E+00
         800  0.0000000E+00
         801  0.0000000E+00
         802  0.0000000E+00
         803  0.0000000E+00
         804  0.0000000E+00
         805  0.0000000E+00
         806  0.0000000E+00
         807  0.0000000E+00
         808  0.0000000E+00
         809  0.0000000E+00
         810  0.0000000E+00
         811  0.0000000E+00
         812  0.0000000E+00
         813  0.0000000E+00
         814  0.0000000E+00
         815  0.0000000E+00
         816  0.0000000E+00
         817  0.0000000E+00
         818  0.0000000E+00
         819  0.0000000E+00
         820  0.0000000E+00
         821  0.0000000E+00
         822  0.0000000E+00
         823  0.0000000E+00
         824  0.0000000E+00
         825  0.0000000E+00
         826  0.0000000E+00
         827  0.0000000E+00
         828  0.0000000E+00
         829  0.0000000E+00
         830  0.0000000E+00
         831  0.0000000E+00
         832  0.0000000E+00
         833  0.0000000E+00
         834  0.0000000E+00
         835  0.0000000E+00
         836  0.0000000E+00
         837  0.0000000E+00
         838  0.0000000E+00
         839  0.0000000E+00
         840  0.0000000E+00
         841  0.0000000E+00
         842  0.0000000E+00
         843  0.0000000E+00
         844  0.0000000E+00
         845  0.0000000E+00
         846  0.0000000E+00
         847  0.0000000E+00
         848  0.0000000E+00
         849  0.0000000E+00
         850  0.0000000E+00
         851  0.0000000E+00
         852  0.0000000E+00
         853  0.0000000E+00
         854  0.0000000E+00
         855  0.0000000E+00
         856  0.0000000E+00
         857  0.0000000E+00
         858  0.0000000E+00
         859  0.0000000E+00
         860  0.0000000E+00
         861  0.0000000E+00
         862  0.0000000E+00
         863  0.0000000E+00
         864  0.0000000E+00
         865  0.0000000E+00
         866  0.0000000E+00
         867  0.0000000E+00
         868  0.0000000E+00
         869  0.0000000E+00
         870  0.0000000E+00
         871  0.0000000E+00
         872  0.0000000E+00
         873  0.0000000E+00
         874  0.0000000E+00
         875  0.0000000E+00
         876  0.0000000E+00
         877  0.0000000E+00
         878  0.0000000E+00
         879  0.0000000E+00
         880  0.0000000E+00
         881  0.0000000E+00
         882  0.0000000E+00
         883  0.0000000E+00
         884  0.0000000E+00
         885  0.0000000E+00
         886  0.0000000E+00
         887  0.0000000E+00
         888  0.0000000E+00
         889  0.0000000E+00
         890  0.0000000E+00
         891  0.0000000E+00
         892  0.0000000E+00
         893  0.0000000E+00
         894  0.0000000E+00
         895  0.0000000E+00
         896  0.0000000E+00
         897  0.0000000E+00
         898  0.0000000E+00
         899  0.0000000E+00
         900  0.0000000E+00
         901  0.0000000E+00
         902  0.0000000E+00
         903  0.0000000E+00
         904  0.0000000E+00
         905  0.0000000E+00
         906  0.0000000E+00
         907  0.0000000E+00
         908  0.0000000E+00
         909  0.0000000E+00
         910  0.0000000E+00
         911  0.0000000E+00
         912  0.0000000E+00
         913  0.0000000E+00
         914  0.0000000E+00
         915  0.0000000E+00
         916  0.0000000E+00
         917  0.0000000E+00
         918  0.0000000E+00
         919  0.0000000E+00
         920  0.0000000E+00
         921  0.0000000E+00
         922  0.0000000E+00
         923  0.0000000E+00
         924  0.0000000E+00
         925  0.0000000E+00
         926  0.0000000E+00
         927  0.0000000E+00
         928  0.0000000E+00
         929  0.0000000E+00
         930  0.0000000E+00
         931  0.0000000E+00
         932  0.0000000E+00
         933  0.0000000E+00
         934  0.0000000E+00
         935  0.0000000E+00
         936  0.0000000E+00
         937  0.0000000E+00
         938  0.0000000E+00
         939  0.0000000E+00
         940  0.0000000E+00
         941  0.0000000E+00
         942  0.0000000E+00
         943  0.0000000E+00
         944  0.0000000E+00
         945  0.0000000E+00
         946  0.0000000E+00
         947  0.0000000E+00
         948  0.0000000E+00
         949  0.0000000E+00
         950  0.0000000E+00
         951  0.0000000E+00
         952  0.0000000E+00
         953  0.0000000E+00
         954  0.0000000E+00
         955  0.0000000E+00
         956  0.0000000E+00
         957  0.0000000E+00
         958  0.0000000E+00
         959  0.0000000E+00
         960  0.0000000E+00
         961  0.0000000E+00
         962  0.0000000E+00
         963  0.0000000E+00
         964  0.0000000E+00
         965  0.0000000E+00
         966  0.0000000E+00
         967  0.0000000E+00
         968  0.0000000E+00
         969  0.0000000E+00
         970  0.0000000E+00
         971  0.0000000E+00
         972  0.0000000E+00
         973  0.0000000E+00
         974  0.0000000E+00
         975  0.0000000E+00
         976  0.0000000E+00
         977  0.0000000E+00
         978  0.0000000E+00
         979  0.0000000E+00
         980  0.0000000E+00
         981  0.0000000E+00
         982  0.0000000E+00
         983  0.0000000E+00
         984  0.0000000E+00
         985  0.0000000E+00
         986  0.0000000E+00
         987  0.0000000E+00
         988  0.0000000E+00
         989  0.0000000E+00
         990  0.0000000E+00
         991  0.0000000E+00
         992  0.0000000E+00
         993  0.0000000E+00
         994  0.0000000E+00
         995  0.0000000E+00
         996  0.0000000E+00
         997  0.0000000E+00
         998  0.0000000E+00
         999  0.0000000E+00
        1000  0.0000000E+00
        1001  0.0000000E+00
        1002  0.0000000E+00
        1003  0.0000000E+00
        1004  0.0000000E+00
        1005  0.0000000E+00
        1006  0.0000000E+00
        1007  0.0000000E+00
        1008  0.0000000E+00
        1009  0.0000000E+00
        1010  0.0000000E+00
        1011  0.0000000E+00
        1012  0.0000000E+00
        1013  0.0000000E+00
        1014  0.0000000E+00
        1015  0.0000000E+00
        1016  0.0000000E+00
        1017  0.0000000E+00
        1018  0.0000000E+00
        1019  0.0000000E+00
        1020  0.0000000E+00
        1021  0.0000000E+00
        1022  0.0000000E+00
        1023  0.0000000E+00
        1024  0.0000000E+00
