 #   Y    A
           1  0.0000000E+00
           2  0.0000000E+00
           3  0.0000000E+00
           4  0.0000000E+00
           5  0.0000000E+00
           6  0.0000000E+00
           7  0.0000000E+00
           8  0.0000000E+00
           9  0.0000000E+00
          10  0.0000000E+00
          11  0.0000000E+00
          12  0.0000000E+00
          13  0.0000000E+00
          14  0.0000000E+00
          15  0.0000000E+00
          16  0.0000000E+00
          17  0.0000000E+00
          18  0.0000000E+00
          19  0.0000000E+00
          20  0.0000000E+00
          21  0.0000000E+00
          22  0.0000000E+00
          23  0.0000000E+00
          24  0.0000000E+00
          25  0.0000000E+00
          26  0.0000000E+00
          27  0.0000000E+00
          28  0.0000000E+00
          29  0.0000000E+00
          30  0.0000000E+00
          31  0.0000000E+00
          32  0.0000000E+00
          33  0.0000000E+00
          34  0.0000000E+00
          35  0.0000000E+00
          36  0.0000000E+00
          37  0.0000000E+00
          38  0.0000000E+00
          39  0.0000000E+00
          40  0.0000000E+00
          41  0.0000000E+00
          42  0.0000000E+00
          43  0.0000000E+00
          44  0.0000000E+00
          45  0.0000000E+00
          46  0.0000000E+00
          47  0.0000000E+00
          48  0.0000000E+00
          49  0.0000000E+00
          50  0.0000000E+00
          51  0.0000000E+00
          52  0.0000000E+00
          53  0.0000000E+00
          54  0.0000000E+00
          55  0.0000000E+00
          56  0.0000000E+00
          57  0.0000000E+00
          58  0.0000000E+00
          59  0.0000000E+00
          60  0.0000000E+00
          61  0.0000000E+00
          62  0.0000000E+00
          63  0.0000000E+00
          64  0.0000000E+00
          65  0.0000000E+00
          66  0.0000000E+00
          67  0.0000000E+00
          68  0.0000000E+00
          69  0.0000000E+00
          70  0.0000000E+00
          71  0.0000000E+00
          72  0.0000000E+00
          73  0.0000000E+00
          74  0.0000000E+00
          75  0.0000000E+00
          76  0.0000000E+00
          77  0.0000000E+00
          78  0.0000000E+00
          79  0.0000000E+00
          80  0.0000000E+00
          81  0.0000000E+00
          82  0.0000000E+00
          83  0.0000000E+00
          84  0.0000000E+00
          85  0.0000000E+00
          86  0.0000000E+00
          87  0.0000000E+00
          88  0.0000000E+00
          89  0.0000000E+00
          90  0.0000000E+00
          91  0.0000000E+00
          92  0.0000000E+00
          93  0.0000000E+00
          94  0.0000000E+00
          95  0.0000000E+00
          96  0.0000000E+00
          97  0.0000000E+00
          98  0.0000000E+00
          99  0.0000000E+00
         100  0.0000000E+00
         101  0.0000000E+00
         102  0.0000000E+00
         103  0.0000000E+00
         104  0.0000000E+00
         105  0.0000000E+00
         106  0.0000000E+00
         107  0.0000000E+00
         108  0.0000000E+00
         109  0.0000000E+00
         110  0.0000000E+00
         111  0.0000000E+00
         112  0.0000000E+00
         113  0.0000000E+00
         114  0.0000000E+00
         115  0.0000000E+00
         116  0.0000000E+00
         117  0.0000000E+00
         118  0.0000000E+00
         119  0.0000000E+00
         120  0.0000000E+00
         121  0.0000000E+00
         122  0.0000000E+00
         123  0.0000000E+00
         124  0.0000000E+00
         125  0.0000000E+00
         126  0.0000000E+00
         127  0.0000000E+00
         128  0.0000000E+00
         129  0.0000000E+00
         130  0.0000000E+00
         131  0.0000000E+00
         132  0.0000000E+00
         133  0.0000000E+00
         134  0.0000000E+00
         135  0.0000000E+00
         136  0.0000000E+00
         137  0.0000000E+00
         138  0.0000000E+00
         139  0.0000000E+00
         140  0.0000000E+00
         141  0.0000000E+00
         142  0.0000000E+00
         143  0.0000000E+00
         144  0.0000000E+00
         145  0.0000000E+00
         146  0.0000000E+00
         147  0.0000000E+00
         148  0.0000000E+00
         149  0.0000000E+00
         150  0.0000000E+00
         151  0.0000000E+00
         152  0.0000000E+00
         153  0.0000000E+00
         154  0.0000000E+00
         155  0.0000000E+00
         156  0.0000000E+00
         157  0.0000000E+00
         158  0.0000000E+00
         159  0.0000000E+00
         160  0.0000000E+00
         161  0.0000000E+00
         162  0.0000000E+00
         163  0.0000000E+00
         164  0.0000000E+00
         165  0.0000000E+00
         166  0.0000000E+00
         167  0.0000000E+00
         168  0.0000000E+00
         169  0.0000000E+00
         170  0.0000000E+00
         171  0.0000000E+00
         172  0.0000000E+00
         173  0.0000000E+00
         174  0.0000000E+00
         175  0.0000000E+00
         176  0.0000000E+00
         177  0.0000000E+00
         178  0.0000000E+00
         179  0.0000000E+00
         180  0.0000000E+00
         181  0.0000000E+00
         182  0.0000000E+00
         183  0.0000000E+00
         184  0.0000000E+00
         185  0.0000000E+00
         186  0.0000000E+00
         187  0.0000000E+00
         188  0.0000000E+00
         189  0.0000000E+00
         190  0.0000000E+00
         191  0.0000000E+00
         192  0.0000000E+00
         193  0.0000000E+00
         194  0.0000000E+00
         195  0.0000000E+00
         196  0.0000000E+00
         197  0.0000000E+00
         198  0.0000000E+00
         199  0.0000000E+00
         200  0.0000000E+00
         201  0.0000000E+00
         202  0.0000000E+00
         203  0.0000000E+00
         204  0.0000000E+00
         205  0.0000000E+00
         206  0.0000000E+00
         207  0.0000000E+00
         208  0.0000000E+00
         209  0.0000000E+00
         210  0.0000000E+00
         211  0.0000000E+00
         212  0.0000000E+00
         213  0.0000000E+00
         214  0.0000000E+00
         215  0.0000000E+00
         216  0.0000000E+00
         217  0.0000000E+00
         218  0.0000000E+00
         219  0.0000000E+00
         220  0.0000000E+00
         221  0.0000000E+00
         222  0.0000000E+00
         223  0.0000000E+00
         224  0.0000000E+00
         225  0.0000000E+00
         226  0.0000000E+00
         227  0.0000000E+00
         228  0.0000000E+00
         229  0.0000000E+00
         230  0.0000000E+00
         231  0.0000000E+00
         232  0.0000000E+00
         233  0.0000000E+00
         234  0.0000000E+00
         235  0.0000000E+00
         236  0.0000000E+00
         237  0.0000000E+00
         238  0.0000000E+00
         239  0.0000000E+00
         240  0.0000000E+00
         241  0.0000000E+00
         242  0.0000000E+00
         243  0.0000000E+00
         244  0.0000000E+00
         245  0.0000000E+00
         246  0.0000000E+00
         247  0.0000000E+00
         248  0.0000000E+00
         249  0.0000000E+00
         250  0.0000000E+00
         251  0.0000000E+00
         252  0.0000000E+00
         253  0.0000000E+00
         254  0.0000000E+00
         255  0.0000000E+00
         256  0.0000000E+00
         257  0.0000000E+00
         258  0.0000000E+00
         259  0.0000000E+00
         260  0.0000000E+00
         261  0.0000000E+00
         262  0.0000000E+00
         263  0.0000000E+00
         264  0.0000000E+00
         265  0.0000000E+00
         266  0.0000000E+00
         267  0.0000000E+00
         268  0.0000000E+00
         269  0.0000000E+00
         270  0.0000000E+00
         271  0.0000000E+00
         272  0.0000000E+00
         273  0.0000000E+00
         274  0.0000000E+00
         275  0.0000000E+00
         276  0.0000000E+00
         277  0.0000000E+00
         278  0.0000000E+00
         279  0.0000000E+00
         280  0.0000000E+00
         281  0.0000000E+00
         282  0.0000000E+00
         283  0.0000000E+00
         284  0.0000000E+00
         285  0.0000000E+00
         286  0.0000000E+00
         287  0.0000000E+00
         288  0.0000000E+00
         289  0.0000000E+00
         290  0.0000000E+00
         291  0.0000000E+00
         292  0.0000000E+00
         293  0.0000000E+00
         294  0.0000000E+00
         295  0.0000000E+00
         296  0.0000000E+00
         297  0.0000000E+00
         298  0.0000000E+00
         299  0.0000000E+00
         300  0.0000000E+00
         301  0.0000000E+00
         302  0.0000000E+00
         303  0.0000000E+00
         304  0.0000000E+00
         305  0.0000000E+00
         306  0.0000000E+00
         307  0.0000000E+00
         308  0.0000000E+00
         309  0.0000000E+00
         310  0.0000000E+00
         311  0.0000000E+00
         312  0.0000000E+00
         313  0.0000000E+00
         314  0.0000000E+00
         315  0.0000000E+00
         316  0.0000000E+00
         317  0.0000000E+00
         318  0.0000000E+00
         319  0.0000000E+00
         320  0.0000000E+00
         321  0.0000000E+00
         322  0.0000000E+00
         323  0.0000000E+00
         324  0.0000000E+00
         325  0.0000000E+00
         326  0.0000000E+00
         327  0.0000000E+00
         328  0.0000000E+00
         329  0.0000000E+00
         330  0.0000000E+00
         331  0.0000000E+00
         332   3.706716    
         333   11.12015    
         334   19.59264    
         335   22.24030    
         336   24.35842    
         337   29.12420    
         338   30.71279    
         339   31.24232    
         340   29.65373    
         341   27.53561    
         342   27.53561    
         343   37.59669    
         344   47.65778    
         345   29.65373    
         346   28.59467    
         347   34.41951    
         348   33.36045    
         349   32.83091    
         350   38.65575    
         351   33.36045    
         352   32.30138    
         353   43.42153    
         354   39.18528    
         355   47.12825    
         356   37.06716    
         357   39.71482    
         358   48.18731    
         359   45.53966    
         360   49.24637    
         361   45.01012    
         362   36.53763    
         363   39.18529    
         364   48.18731    
         365   36.53763    
         366   44.48059    
         367   49.24637    
         368   49.24637    
         369   41.83294    
         370   42.36247    
         371   35.47857    
         372   53.48262    
         373   50.30544    
         374   48.18731    
         375   48.18731    
         376   56.13028    
         377   48.71684    
         378   47.12825    
         379   65.13230    
         380   60.89605    
         381   54.54168    
         382   51.89403    
         383   59.30746    
         384   61.42558    
         385   62.48465    
         386   60.89605    
         387   57.71886    
         388   70.95714    
         389   61.42558    
         390   61.95511    
         391   78.90010    
         392   73.60479    
         393   72.01620    
         394   73.07526    
         395   73.07526    
         396   90.54978    
         397   82.07729    
         398   83.66588    
         399   86.31354    
         400   90.02025    
         401   91.60884    
         402   86.84306    
         403   113.8491    
         404   112.2605    
         405   103.7881    
         406   108.0243    
         407   121.2626    
         408   130.7941    
         409   130.7941    
         410   147.2096    
         411   140.3257    
         412   166.2727    
         413   174.7452    
         414   171.5680    
         415   205.9875    
         416   201.2217    
         417   238.8184    
         418   258.4111    
         419   263.1768    
         420   302.3621    
         421   316.6595    
         422   355.3152    
         423   390.7938    
         424   422.5656    
         425   471.8120    
         426   540.6510    
         427   624.3169    
         428   667.2089    
         429   694.7445    
         430   722.2801    
         431   677.2700    
         432   675.6814    
         433   706.9237    
         434   715.9258    
         435   686.2720    
         436   692.0969    
         437   693.6854    
         438   682.0358    
         439   712.2191    
         440   680.9767    
         441   705.8647    
         442   680.9767    
         443   683.0948    
         444   714.8667    
         445   682.0358    
         446   699.5103    
         447   721.2211    
         448   728.1050    
         449   740.8137    
         450   738.6956    
         451   786.8829    
         452   759.3473    
         453   790.0601    
         454   817.5957    
         455   832.4225    
         456   899.6730    
         457   931.9744    
         458   928.7972    
         459   999.7543    
         460   1045.823    
         461   1070.711    
         462   1120.487    
         463   1192.504    
         464   1163.909    
         465   1189.856    
         466   1217.921    
         467   1222.157    
         468   1206.271    
         469   1232.218    
         470   1196.740    
         471   1212.096    
         472   1214.214    
         473   1210.508    
         474   1265.579    
         475   1239.632    
         476   1305.823    
         477   1344.479    
         478   1349.245    
         479   1385.253    
         480   1456.740    
         481   1499.631    
         482   1547.289    
         483   1572.707    
         484   1668.552    
         485   1690.792    
         486   1769.692    
         487   1797.757    
         488   1887.248    
         489   2039.223    
         490   2229.854    
         491   2414.661    
         492   2819.222    
         493   3173.479    
         494   3598.162    
         495   4044.027    
         496   4243.131    
         497   4529.078    
         498   4638.161    
         499   4405.167    
         500   3958.773    
         501   3780.851    
         502   3911.645    
         503   3508.142    
         504   3156.004    
         505   2820.811    
         506   2513.683    
         507   2284.926    
         508   2277.512    
         509   2246.270    
         510   2043.989    
         511   1885.660    
         512   1697.146    
         513   1623.542    
         514   1548.348    
         515   1573.766    
         516   1558.409    
         517   1449.326    
         518   1442.442    
         519   1354.540    
         520   1326.475    
         521   1366.719    
         522   1289.408    
         523   1318.532    
         524   1243.339    
         525   1256.047    
         526   1240.691    
         527   1213.685    
         528   1196.210    
         529   1175.559    
         530   1143.787    
         531   1177.147    
         532   1158.614    
         533   1132.137    
         534   1137.962    
         535   1135.844    
         536   1144.316    
         537   1158.614    
         538   1125.783    
         539   1132.667    
         540   1133.726    
         541   1075.477    
         542   1137.432    
         543   1097.718    
         544   1070.182    
         545   1184.561    
         546   1111.485    
         547   1171.322    
         548   1099.836    
         549   1190.385    
         550   1133.726    
         551   1125.783    
         552   1143.257    
         553   1136.373    
         554   1136.373    
         555   1183.501    
         556   1148.023    
         557   1201.506    
         558   1138.491    
         559   1131.078    
         560   1131.608    
         561   1090.834    
         562   1124.194    
         563   1073.359    
         564   1143.787    
         565   1110.426    
         566   1115.192    
         567   1090.834    
         568   1121.546    
         569   1115.722    
         570   1136.903    
         571   1106.720    
         572   1050.589    
         573   1106.719    
         574   1054.296    
         575   1128.960    
         576   1040.528    
         577   1044.764    
         578   1057.473    
         579   1092.422    
         580   1034.174    
         581   1085.009    
         582   1009.286    
         583   1017.229    
         584   1090.834    
         585   998.6953    
         586   1084.479    
         587   1012.463    
         588   1088.715    
         589   1004.520    
         590   1097.188    
         591   1043.176    
         592   1064.887    
         593   1041.058    
         594   1089.775    
         595   1047.942    
         596   1046.883    
         597   1027.290    
         598   1122.605    
         599   1024.642    
         600   1048.471    
         601   992.3409    
         602   998.1657    
         603   1014.052    
         604   1035.233    
         605   1046.883    
         606   1058.532    
         607   1048.471    
         608   1055.355    
         609   1043.176    
         610   1076.007    
         611   1069.652    
         612   1115.722    
         613   1078.654    
         614   1071.771    
         615   1078.125    
         616   1132.667    
         617   1077.595    
         618   1098.777    
         619   1114.133    
         620   1087.127    
         621   1071.771    
         622   1085.538    
         623   1069.652    
         624   1086.068    
         625   1058.532    
         626   1080.773    
         627   1038.410    
         628   1091.893    
         629   1028.349    
         630   1027.290    
         631   1026.231    
         632   1009.815    
         633   996.5771    
         634   1016.699    
         635   999.2248    
         636   985.9865    
         637   1038.940    
         638   941.5059    
         639   1023.583    
         640   1000.284    
         641   981.2207    
         642   966.3939    
         643   958.4509    
         644   943.6240    
         645   891.7300    
         646   906.0273    
         647   866.3125    
         648   923.5019    
         649   830.8339    
         650   831.8930    
         651   836.1293    
         652   780.5285    
         653   767.8198    
         654   755.6406    
         655   715.9258    
         656   667.7385    
         657   651.3230    
         658   656.0887    
         659   611.6082    
         660   586.7202    
         661   585.1316    
         662   547.5349    
         663   560.7732    
         664   535.8853    
         665   501.9953    
         666   496.1704    
         667   493.5228    
         668   452.2194    
         669   450.1013    
         670   447.4536    
         671   425.7428    
         672   414.0931    
         673   387.0871    
         674   414.6227    
         675   383.3804    
         676   392.9119    
         677   369.0830    
         678   372.7897    
         679   364.8468    
         680   341.5474    
         681   355.8448    
         682   314.5414    
         683   338.3702    
         684   322.4843    
         685   302.3621    
         686   304.4803    
         687   291.7715    
         688   288.5943    
         689   297.0668    
         690   271.6494    
         691   262.1178    
         692   270.5903    
         693   271.1198    
         694   263.1768    
         695   255.7634    
         696   243.0547    
         697   260.5292    
         698   234.0526    
         699   246.7614    
         700   245.7023    
         701   235.1117    
         702   215.5191    
         703   246.7614    
         704   209.1647    
         705   229.2869    
         706   221.3439    
         707   210.2238    
         708   202.2808    
         709   196.4560    
         710   194.8674    
         711   203.3399    
         712   202.2808    
         713   186.9244    
         714   167.8613    
         715   177.3929    
         716   175.8043    
         717   173.6861    
         718   173.6861    
         719   165.2136    
         720   160.9774    
         721   153.0344    
         722   149.8572    
         723   168.3908    
         724   153.5639    
         725   151.9754    
         726   132.9122    
         727   131.3237    
         728   135.5599    
         729   133.4418    
         730   138.2076    
         731   121.2626    
         732   126.0284    
         733   122.3216    
         734   114.9082    
         735   110.1424    
         736   110.1424    
         737   97.96321    
         738   7.942963    
         739  0.0000000E+00
         740  0.0000000E+00
         741  0.0000000E+00
         742  0.0000000E+00
         743  0.0000000E+00
         744  0.0000000E+00
         745  0.0000000E+00
         746  0.0000000E+00
         747  0.0000000E+00
         748  0.0000000E+00
         749  0.0000000E+00
         750  0.0000000E+00
         751  0.0000000E+00
         752  0.0000000E+00
         753  0.0000000E+00
         754  0.0000000E+00
         755  0.0000000E+00
         756  0.0000000E+00
         757  0.0000000E+00
         758  0.0000000E+00
         759  0.0000000E+00
         760  0.0000000E+00
         761  0.0000000E+00
         762  0.0000000E+00
         763  0.0000000E+00
         764  0.0000000E+00
         765  0.0000000E+00
         766  0.0000000E+00
         767  0.0000000E+00
         768  0.0000000E+00
         769  0.0000000E+00
         770  0.0000000E+00
         771  0.0000000E+00
         772  0.0000000E+00
         773  0.0000000E+00
         774  0.0000000E+00
         775  0.0000000E+00
         776  0.0000000E+00
         777  0.0000000E+00
         778  0.0000000E+00
         779  0.0000000E+00
         780  0.0000000E+00
         781  0.0000000E+00
         782  0.0000000E+00
         783  0.0000000E+00
         784  0.0000000E+00
         785  0.0000000E+00
         786  0.0000000E+00
         787  0.0000000E+00
         788  0.0000000E+00
         789  0.0000000E+00
         790  0.0000000E+00
         791  0.0000000E+00
         792  0.0000000E+00
         793  0.0000000E+00
         794  0.0000000E+00
         795  0.0000000E+00
         796  0.0000000E+00
         797  0.0000000E+00
         798  0.0000000E+00
         799  0.0000000E+00
         800  0.0000000E+00
         801  0.0000000E+00
         802  0.0000000E+00
         803  0.0000000E+00
         804  0.0000000E+00
         805  0.0000000E+00
         806  0.0000000E+00
         807  0.0000000E+00
         808  0.0000000E+00
         809  0.0000000E+00
         810  0.0000000E+00
         811  0.0000000E+00
         812  0.0000000E+00
         813  0.0000000E+00
         814  0.0000000E+00
         815  0.0000000E+00
         816  0.0000000E+00
         817  0.0000000E+00
         818  0.0000000E+00
         819  0.0000000E+00
         820  0.0000000E+00
         821  0.0000000E+00
         822  0.0000000E+00
         823  0.0000000E+00
         824  0.0000000E+00
         825  0.0000000E+00
         826  0.0000000E+00
         827  0.0000000E+00
         828  0.0000000E+00
         829  0.0000000E+00
         830  0.0000000E+00
         831  0.0000000E+00
         832  0.0000000E+00
         833  0.0000000E+00
         834  0.0000000E+00
         835  0.0000000E+00
         836  0.0000000E+00
         837  0.0000000E+00
         838  0.0000000E+00
         839  0.0000000E+00
         840  0.0000000E+00
         841  0.0000000E+00
         842  0.0000000E+00
         843  0.0000000E+00
         844  0.0000000E+00
         845  0.0000000E+00
         846  0.0000000E+00
         847  0.0000000E+00
         848  0.0000000E+00
         849  0.0000000E+00
         850  0.0000000E+00
         851  0.0000000E+00
         852  0.0000000E+00
         853  0.0000000E+00
         854  0.0000000E+00
         855  0.0000000E+00
         856  0.0000000E+00
         857  0.0000000E+00
         858  0.0000000E+00
         859  0.0000000E+00
         860  0.0000000E+00
         861  0.0000000E+00
         862  0.0000000E+00
         863  0.0000000E+00
         864  0.0000000E+00
         865  0.0000000E+00
         866  0.0000000E+00
         867  0.0000000E+00
         868  0.0000000E+00
         869  0.0000000E+00
         870  0.0000000E+00
         871  0.0000000E+00
         872  0.0000000E+00
         873  0.0000000E+00
         874  0.0000000E+00
         875  0.0000000E+00
         876  0.0000000E+00
         877  0.0000000E+00
         878  0.0000000E+00
         879  0.0000000E+00
         880  0.0000000E+00
         881  0.0000000E+00
         882  0.0000000E+00
         883  0.0000000E+00
         884  0.0000000E+00
         885  0.0000000E+00
         886  0.0000000E+00
         887  0.0000000E+00
         888  0.0000000E+00
         889  0.0000000E+00
         890  0.0000000E+00
         891  0.0000000E+00
         892  0.0000000E+00
         893  0.0000000E+00
         894  0.0000000E+00
         895  0.0000000E+00
         896  0.0000000E+00
         897  0.0000000E+00
         898  0.0000000E+00
         899  0.0000000E+00
         900  0.0000000E+00
         901  0.0000000E+00
         902  0.0000000E+00
         903  0.0000000E+00
         904  0.0000000E+00
         905  0.0000000E+00
         906  0.0000000E+00
         907  0.0000000E+00
         908  0.0000000E+00
         909  0.0000000E+00
         910  0.0000000E+00
         911  0.0000000E+00
         912  0.0000000E+00
         913  0.0000000E+00
         914  0.0000000E+00
         915  0.0000000E+00
         916  0.0000000E+00
         917  0.0000000E+00
         918  0.0000000E+00
         919  0.0000000E+00
         920  0.0000000E+00
         921  0.0000000E+00
         922  0.0000000E+00
         923  0.0000000E+00
         924  0.0000000E+00
         925  0.0000000E+00
         926  0.0000000E+00
         927  0.0000000E+00
         928  0.0000000E+00
         929  0.0000000E+00
         930  0.0000000E+00
         931  0.0000000E+00
         932  0.0000000E+00
         933  0.0000000E+00
         934  0.0000000E+00
         935  0.0000000E+00
         936  0.0000000E+00
         937  0.0000000E+00
         938  0.0000000E+00
         939  0.0000000E+00
         940  0.0000000E+00
         941  0.0000000E+00
         942  0.0000000E+00
         943  0.0000000E+00
         944  0.0000000E+00
         945  0.0000000E+00
         946  0.0000000E+00
         947  0.0000000E+00
         948  0.0000000E+00
         949  0.0000000E+00
         950  0.0000000E+00
         951  0.0000000E+00
         952  0.0000000E+00
         953  0.0000000E+00
         954  0.0000000E+00
         955  0.0000000E+00
         956  0.0000000E+00
         957  0.0000000E+00
         958  0.0000000E+00
         959  0.0000000E+00
         960  0.0000000E+00
         961  0.0000000E+00
         962  0.0000000E+00
         963  0.0000000E+00
         964  0.0000000E+00
         965  0.0000000E+00
         966  0.0000000E+00
         967  0.0000000E+00
         968  0.0000000E+00
         969  0.0000000E+00
         970  0.0000000E+00
         971  0.0000000E+00
         972  0.0000000E+00
         973  0.0000000E+00
         974  0.0000000E+00
         975  0.0000000E+00
         976  0.0000000E+00
         977  0.0000000E+00
         978  0.0000000E+00
         979  0.0000000E+00
         980  0.0000000E+00
         981  0.0000000E+00
         982  0.0000000E+00
         983  0.0000000E+00
         984  0.0000000E+00
         985  0.0000000E+00
         986  0.0000000E+00
         987  0.0000000E+00
         988  0.0000000E+00
         989  0.0000000E+00
         990  0.0000000E+00
         991  0.0000000E+00
         992  0.0000000E+00
         993  0.0000000E+00
         994  0.0000000E+00
         995  0.0000000E+00
         996  0.0000000E+00
         997  0.0000000E+00
         998  0.0000000E+00
         999  0.0000000E+00
        1000  0.0000000E+00
        1001  0.0000000E+00
        1002  0.0000000E+00
        1003  0.0000000E+00
        1004  0.0000000E+00
        1005  0.0000000E+00
        1006  0.0000000E+00
        1007  0.0000000E+00
        1008  0.0000000E+00
        1009  0.0000000E+00
        1010  0.0000000E+00
        1011  0.0000000E+00
        1012  0.0000000E+00
        1013  0.0000000E+00
        1014  0.0000000E+00
        1015  0.0000000E+00
        1016  0.0000000E+00
        1017  0.0000000E+00
        1018  0.0000000E+00
        1019  0.0000000E+00
        1020  0.0000000E+00
        1021  0.0000000E+00
        1022  0.0000000E+00
        1023  0.0000000E+00
        1024  0.0000000E+00
