 #   Y    A
           1  0.0000000E+00
           2  0.0000000E+00
           3  0.0000000E+00
           4  0.0000000E+00
           5  0.0000000E+00
           6  0.0000000E+00
           7  0.0000000E+00
           8  0.0000000E+00
           9  0.0000000E+00
          10  0.0000000E+00
          11  0.0000000E+00
          12  0.0000000E+00
          13  0.0000000E+00
          14  0.0000000E+00
          15  0.0000000E+00
          16  0.0000000E+00
          17  0.0000000E+00
          18  0.0000000E+00
          19  0.0000000E+00
          20  0.0000000E+00
          21  0.0000000E+00
          22  0.0000000E+00
          23  0.0000000E+00
          24  0.0000000E+00
          25  0.0000000E+00
          26  0.0000000E+00
          27  0.0000000E+00
          28  0.0000000E+00
          29  0.0000000E+00
          30  0.0000000E+00
          31  0.0000000E+00
          32  0.0000000E+00
          33  0.0000000E+00
          34  0.0000000E+00
          35  0.0000000E+00
          36  0.0000000E+00
          37  0.0000000E+00
          38  0.0000000E+00
          39  0.0000000E+00
          40  0.0000000E+00
          41  0.0000000E+00
          42  0.0000000E+00
          43  0.0000000E+00
          44  0.0000000E+00
          45  0.0000000E+00
          46  0.0000000E+00
          47  0.0000000E+00
          48  0.0000000E+00
          49  0.0000000E+00
          50  0.0000000E+00
          51  0.0000000E+00
          52  0.0000000E+00
          53  0.0000000E+00
          54  0.0000000E+00
          55  0.0000000E+00
          56  0.0000000E+00
          57  0.0000000E+00
          58  0.0000000E+00
          59  0.0000000E+00
          60  0.0000000E+00
          61  0.0000000E+00
          62  0.0000000E+00
          63  0.0000000E+00
          64  0.0000000E+00
          65  0.0000000E+00
          66  0.0000000E+00
          67  0.0000000E+00
          68  0.0000000E+00
          69  0.0000000E+00
          70  0.0000000E+00
          71  0.0000000E+00
          72  0.0000000E+00
          73  0.0000000E+00
          74  0.0000000E+00
          75  0.0000000E+00
          76  0.0000000E+00
          77  0.0000000E+00
          78  0.0000000E+00
          79  0.0000000E+00
          80  0.0000000E+00
          81  0.0000000E+00
          82  0.0000000E+00
          83  0.0000000E+00
          84  0.0000000E+00
          85  0.0000000E+00
          86  0.0000000E+00
          87  0.0000000E+00
          88  0.0000000E+00
          89  0.0000000E+00
          90  0.0000000E+00
          91  0.0000000E+00
          92  0.0000000E+00
          93  0.0000000E+00
          94  0.0000000E+00
          95  0.0000000E+00
          96  0.0000000E+00
          97  0.0000000E+00
          98  0.0000000E+00
          99  0.0000000E+00
         100  0.0000000E+00
         101  0.0000000E+00
         102  0.0000000E+00
         103  0.0000000E+00
         104  0.0000000E+00
         105  0.0000000E+00
         106  0.0000000E+00
         107  0.0000000E+00
         108  0.0000000E+00
         109  0.0000000E+00
         110  0.0000000E+00
         111  0.0000000E+00
         112  0.0000000E+00
         113  0.0000000E+00
         114  0.0000000E+00
         115  0.0000000E+00
         116  0.0000000E+00
         117  0.0000000E+00
         118  0.0000000E+00
         119  0.0000000E+00
         120  0.0000000E+00
         121  0.0000000E+00
         122  0.0000000E+00
         123  0.0000000E+00
         124  0.0000000E+00
         125  0.0000000E+00
         126  0.0000000E+00
         127  0.0000000E+00
         128  0.0000000E+00
         129  0.0000000E+00
         130  0.0000000E+00
         131  0.0000000E+00
         132  0.0000000E+00
         133  0.0000000E+00
         134  0.0000000E+00
         135  0.0000000E+00
         136  0.0000000E+00
         137  0.0000000E+00
         138  0.0000000E+00
         139  0.0000000E+00
         140  0.0000000E+00
         141  0.0000000E+00
         142  0.0000000E+00
         143  0.0000000E+00
         144  0.0000000E+00
         145  0.0000000E+00
         146  0.0000000E+00
         147  0.0000000E+00
         148  0.0000000E+00
         149  0.0000000E+00
         150  0.0000000E+00
         151  0.0000000E+00
         152  0.0000000E+00
         153  0.0000000E+00
         154  0.0000000E+00
         155  0.0000000E+00
         156  0.0000000E+00
         157  0.0000000E+00
         158  0.0000000E+00
         159  0.0000000E+00
         160  0.0000000E+00
         161  0.0000000E+00
         162  0.0000000E+00
         163  0.0000000E+00
         164  0.0000000E+00
         165  0.0000000E+00
         166  0.0000000E+00
         167  0.0000000E+00
         168  0.0000000E+00
         169  0.0000000E+00
         170  0.0000000E+00
         171  0.0000000E+00
         172  0.0000000E+00
         173  0.0000000E+00
         174  0.0000000E+00
         175  0.0000000E+00
         176  0.0000000E+00
         177  0.0000000E+00
         178  0.0000000E+00
         179  0.0000000E+00
         180  0.0000000E+00
         181  0.0000000E+00
         182  0.0000000E+00
         183  0.0000000E+00
         184  0.0000000E+00
         185  0.0000000E+00
         186  0.0000000E+00
         187  0.0000000E+00
         188  0.0000000E+00
         189  0.0000000E+00
         190  0.0000000E+00
         191  0.0000000E+00
         192  0.0000000E+00
         193  0.0000000E+00
         194  0.0000000E+00
         195  0.0000000E+00
         196  0.0000000E+00
         197  0.0000000E+00
         198  0.0000000E+00
         199  0.0000000E+00
         200  0.0000000E+00
         201  0.0000000E+00
         202  0.0000000E+00
         203  0.0000000E+00
         204  0.0000000E+00
         205  0.0000000E+00
         206  0.0000000E+00
         207  0.0000000E+00
         208  0.0000000E+00
         209  0.0000000E+00
         210  0.0000000E+00
         211  0.0000000E+00
         212  0.0000000E+00
         213  0.0000000E+00
         214  0.0000000E+00
         215  0.0000000E+00
         216  0.0000000E+00
         217  0.0000000E+00
         218  0.0000000E+00
         219  0.0000000E+00
         220  0.0000000E+00
         221  0.0000000E+00
         222  0.0000000E+00
         223  0.0000000E+00
         224  0.0000000E+00
         225  0.0000000E+00
         226  0.0000000E+00
         227  0.0000000E+00
         228  0.0000000E+00
         229  0.0000000E+00
         230  0.0000000E+00
         231  0.0000000E+00
         232  0.0000000E+00
         233  0.0000000E+00
         234  0.0000000E+00
         235  0.0000000E+00
         236  0.0000000E+00
         237  0.0000000E+00
         238  0.0000000E+00
         239  0.0000000E+00
         240  0.0000000E+00
         241  0.0000000E+00
         242  0.0000000E+00
         243  0.0000000E+00
         244  0.0000000E+00
         245  0.0000000E+00
         246  0.0000000E+00
         247  0.0000000E+00
         248  0.0000000E+00
         249  0.0000000E+00
         250  0.0000000E+00
         251  0.0000000E+00
         252  0.0000000E+00
         253  0.0000000E+00
         254  0.0000000E+00
         255  0.0000000E+00
         256  0.0000000E+00
         257  0.0000000E+00
         258  0.0000000E+00
         259  0.0000000E+00
         260  0.0000000E+00
         261  0.0000000E+00
         262  0.0000000E+00
         263  0.0000000E+00
         264  0.0000000E+00
         265  0.0000000E+00
         266  0.0000000E+00
         267  0.0000000E+00
         268  0.0000000E+00
         269  0.0000000E+00
         270  0.0000000E+00
         271  0.0000000E+00
         272  0.0000000E+00
         273  0.0000000E+00
         274  0.0000000E+00
         275  0.0000000E+00
         276  0.0000000E+00
         277  0.0000000E+00
         278  0.0000000E+00
         279  0.0000000E+00
         280  0.0000000E+00
         281  0.0000000E+00
         282  0.0000000E+00
         283  0.0000000E+00
         284  0.0000000E+00
         285  0.0000000E+00
         286  0.0000000E+00
         287  0.0000000E+00
         288  0.0000000E+00
         289  0.0000000E+00
         290  0.0000000E+00
         291  0.0000000E+00
         292  0.0000000E+00
         293  0.0000000E+00
         294  0.0000000E+00
         295  0.0000000E+00
         296  0.0000000E+00
         297  0.0000000E+00
         298  0.0000000E+00
         299  0.0000000E+00
         300  0.0000000E+00
         301  0.0000000E+00
         302  0.0000000E+00
         303  0.0000000E+00
         304  0.0000000E+00
         305  0.0000000E+00
         306  0.0000000E+00
         307  0.0000000E+00
         308  0.0000000E+00
         309  0.0000000E+00
         310  0.0000000E+00
         311  0.0000000E+00
         312  0.0000000E+00
         313  0.0000000E+00
         314  0.0000000E+00
         315  0.0000000E+00
         316  0.0000000E+00
         317   2.647655    
         318   9.531556    
         319   18.53358    
         320   19.59264    
         321   23.82889    
         322   22.76983    
         323   27.00607    
         324   29.65373    
         325   27.00607    
         326   24.35842    
         327   27.00607    
         328   25.41748    
         329   30.18326    
         330   43.95107    
         331   28.59467    
         332   29.65373    
         333   23.29936    
         334   29.12420    
         335   29.12420    
         336   28.06514    
         337   36.00810    
         338   32.30138    
         339   27.53561    
         340   32.30138    
         341   34.41951    
         342   35.47857    
         343   41.83294    
         344   30.71279    
         345   34.41951    
         346   34.41951    
         347   44.48059    
         348   40.24435    
         349   36.53763    
         350   41.30341    
         351   31.24232    
         352   33.36045    
         353   36.00810    
         354   36.00810    
         355   32.83091    
         356   36.00810    
         357   46.59872    
         358   45.53966    
         359   33.36045    
         360   38.12622    
         361   36.00810    
         362   32.83091    
         363   43.95107    
         364   49.24637    
         365   48.18731    
         366   37.59669    
         367   38.65575    
         368   49.77590    
         369   40.24435    
         370   38.65575    
         371   42.89200    
         372   55.60074    
         373   44.48059    
         374   47.12825    
         375   42.36247    
         376   54.01215    
         377   54.54168    
         378   55.60074    
         379   51.89403    
         380   53.48262    
         381   45.53966    
         382   64.07323    
         383   49.77590    
         384   58.24840    
         385   57.71887    
         386   70.42760    
         387   62.48465    
         388   58.24840    
         389   63.54370    
         390   61.42558    
         391   68.30949    
         392   68.83901    
         393   74.66386    
         394   72.54573    
         395   74.13432    
         396   79.42963    
         397   76.25245    
         398   72.01620    
         399   84.72495    
         400   95.84509    
         401   103.7881    
         402   92.13837    
         403   102.7290    
         404   93.72697    
         405   114.3787    
         406   113.3196    
         407   117.0263    
         408   124.4398    
         409   131.3237    
         410   143.5029    
         411   166.2727    
         412   151.4458    
         413   172.0975    
         414   185.3358    
         415   201.2217    
         416   213.4009    
         417   222.4030    
         418   238.2889    
         419   275.8856    
         420   293.8896    
         421   316.6595    
         422   324.0729    
         423   361.6696    
         424   376.4965    
         425   409.3274    
         426   435.2744    
         427   456.4556    
         428   485.0503    
         429   483.9912    
         430   470.7530    
         431   486.1093    
         432   461.2214    
         433   482.4026    
         434   465.4576    
         435   476.0482    
         436   506.7610    
         437   493.5228    
         438   519.9993    
         439   532.1785    
         440   556.5369    
         441   555.4779    
         442   555.4779    
         443   586.1907    
         444   572.9524    
         445   577.7182    
         446   594.6632    
         447   604.1948    
         448   631.7303    
         449   647.0867    
         450   659.2659    
         451   656.0887    
         452   714.8667    
         453   729.6935    
         454   752.9929    
         455   773.6446    
         456   814.9480    
         457   888.0233    
         458   908.6750    
         459   943.6240    
         460   999.7543    
         461   1011.934    
         462   1099.306    
         463   1090.834    
         464   1111.485    
         465   1150.141    
         466   1140.080    
         467   1151.200    
         468   1117.310    
         469   1066.475    
         470   1087.127    
         471   1056.414    
         472   1027.819    
         473   983.3389    
         474   1025.172    
         475   1046.883    
         476   1010.345    
         477   1022.524    
         478   1019.876    
         479   1059.591    
         480   1029.938    
         481   1092.422    
         482   1083.950    
         483   1110.426    
         484   1141.669    
         485   1144.316    
         486   1164.968    
         487   1154.377    
         488   1167.616    
         489   1172.911    
         490   1201.506    
         491   1185.090    
         492   1154.907    
         493   1172.381    
         494   1182.972    
         495   1216.332    
         496   1169.734    
         497   1212.626    
         498   1241.220    
         499   1265.049    
         500   1279.876    
         501   1305.294    
         502   1303.705    
         503   1323.827    
         504   1334.947    
         505   1348.715    
         506   1325.945    
         507   1335.477    
         508   1364.072    
         509   1386.841    
         510   1399.021    
         511   1408.552    
         512   1449.326    
         513   1502.809    
         514   1501.750    
         515   1518.165    
         516   1579.061    
         517   1609.774    
         518   1630.955    
         519   1682.320    
         520   1785.049    
         521   1907.370    
         522   2021.749    
         523   2172.665    
         524   2310.343    
         525   2606.881    
         526   2922.481    
         527   3370.464    
         528   3960.362    
         529   4377.102    
         530   4712.825    
         531   4713.884    
         532   4687.407    
         533   4884.922    
         534   4798.079    
         535   4801.786    
         536   4659.872    
         537   4417.347    
         538   4049.323    
         539   3503.906    
         540   2766.799    
         541   2348.999    
         542   2148.307    
         543   1896.780    
         544   1810.996    
         545   1651.077    
         546   1573.236    
         547   1537.228    
         548   1376.780    
         549   1397.962    
         550   1350.304    
         551   1386.841    
         552   1262.931    
         553   1262.931    
         554   1250.752    
         555   1217.391    
         556   1177.147    
         557   1216.862    
         558   1222.687    
         559   1206.801    
         560   1196.740    
         561   1209.448    
         562   1146.964    
         563   1149.082    
         564   1123.665    
         565   1097.718    
         566   1083.950    
         567   1115.722    
         568   1121.017    
         569   1100.895    
         570   1117.310    
         571   1119.958    
         572   1134.785    
         573   1106.190    
         574   1110.426    
         575   1112.544    
         576   1105.131    
         577   1118.899    
         578   1124.724    
         579   1078.125    
         580   1103.542    
         581   1120.487    
         582   1101.424    
         583   1063.828    
         584   1034.703    
         585   1086.597    
         586   1079.714    
         587   1073.889    
         588   1108.308    
         589   1082.891    
         590   1087.127    
         591   1108.838    
         592   1115.192    
         593   1101.424    
         594   1065.416    
         595   1066.475    
         596   1109.367    
         597   1112.015    
         598   1114.662    
         599   1144.846    
         600   1158.084    
         601   1111.485    
         602   1074.948    
         603   1110.426    
         604   1085.009    
         605   1145.375    
         606   1160.732    
         607   1104.601    
         608   1145.905    
         609   1112.015    
         610   1106.190    
         611   1077.595    
         612   1093.481    
         613   1129.489    
         614   1090.834    
         615   1059.062    
         616   1104.601    
         617   1089.775    
         618   1071.241    
         619   1134.785    
         620   1061.709    
         621   1101.954    
         622   1125.253    
         623   1080.243    
         624   1082.361    
         625   1051.648    
         626   1047.942    
         627   1035.762    
         628   1021.995    
         629   1005.579    
         630   1010.874    
         631   1008.227    
         632   981.2207    
         633   950.5079    
         634   939.3878    
         635   918.2065    
         636   936.7401    
         637   903.3797    
         638   911.3226    
         639   879.5508    
         640   876.9031    
         641   865.7830    
         642   823.9501    
         643   818.1252    
         644   749.2862    
         645   795.3554    
         646   783.1761    
         647   728.1050    
         648   765.1721    
         649   718.5734    
         650   728.6345    
         651   704.8056    
         652   699.5103    
         653   666.1498    
         654   695.2740    
         655   662.9727    
         656   655.0297    
         657   673.5633    
         658   627.4941    
         659   607.3719    
         660   620.6102    
         661   618.4921    
         662   571.3638    
         663   568.1866    
         664   555.4779    
         665   549.1235    
         666   526.3537    
         667   519.9993    
         668   502.5248    
         669   486.6389    
         670   498.8181    
         671   465.9872    
         672   476.5778    
         673   451.1603    
         674   431.0381    
         675   454.3375    
         676   415.1522    
         677   422.5656    
         678   415.1522    
         679   390.2643    
         680   381.7918    
         681   400.3253    
         682   360.6105    
         683   374.3783    
         684   351.0790    
         685   357.4333    
         686   342.0770    
         687   334.1340    
         688   330.9568    
         689   332.0159    
         690   307.6574    
         691   331.4863    
         692   292.3011    
         693   297.5963    
         694   302.3621    
         695   285.4171    
         696   294.9487    
         697   268.4722    
         698   268.4722    
         699   292.8306    
         700   243.0547    
         701   270.5903    
         702   235.6412    
         703   256.2929    
         704   247.8204    
         705   235.6413    
         706   235.1117    
         707   235.6412    
         708   218.6963    
         709   227.1687    
         710   218.6963    
         711   216.5781    
         712   214.9895    
         713   204.3989    
         714   201.2217    
         715   206.5170    
         716   189.0425    
         717   205.4580    
         718   192.7492    
         719   190.1016    
         720   189.5721    
         721   181.0996    
         722   191.6902    
         723   171.5680    
         724   185.8653    
         725   170.5089    
         726   182.1586    
         727   164.1546    
         728   181.6291    
         729   154.0935    
         730   163.6250    
         731   181.6291    
         732   146.6801    
         733   164.1546    
         734   166.8022    
         735   143.5029    
         736   160.9774    
         737   150.3868    
         738   149.3277    
         739   136.0894    
         740   148.7982    
         741   146.6801    
         742   139.2666    
         743   154.0935    
         744   136.0894    
         745   123.3807    
         746   133.9713    
         747   130.7941    
         748   129.7351    
         749   129.2055    
         750   130.2646    
         751   123.3807    
         752   121.7921    
         753   124.4398    
         754   111.2015    
         755   114.9082    
         756   113.3196    
         757   121.7921    
         758   114.3787    
         759   119.1444    
         760   108.0243    
         761   104.8471    
         762   96.37462    
         763   106.9652    
         764   104.3176    
         765   101.6699    
         766   106.9652    
         767   92.13837    
         768   103.7881    
         769   95.84509    
         770   101.6699    
         771   94.25650    
         772   96.90415    
         773   106.4357    
         774   129.7351    
         775   9.002025    
         776  0.0000000E+00
         777  0.0000000E+00
         778  0.0000000E+00
         779  0.0000000E+00
         780  0.0000000E+00
         781  0.0000000E+00
         782  0.0000000E+00
         783  0.0000000E+00
         784  0.0000000E+00
         785  0.0000000E+00
         786  0.0000000E+00
         787  0.0000000E+00
         788  0.0000000E+00
         789  0.0000000E+00
         790  0.0000000E+00
         791  0.0000000E+00
         792  0.0000000E+00
         793  0.0000000E+00
         794  0.0000000E+00
         795  0.0000000E+00
         796  0.0000000E+00
         797  0.0000000E+00
         798  0.0000000E+00
         799  0.0000000E+00
         800  0.0000000E+00
         801  0.0000000E+00
         802  0.0000000E+00
         803  0.0000000E+00
         804  0.0000000E+00
         805  0.0000000E+00
         806  0.0000000E+00
         807  0.0000000E+00
         808  0.0000000E+00
         809  0.0000000E+00
         810  0.0000000E+00
         811  0.0000000E+00
         812  0.0000000E+00
         813  0.0000000E+00
         814  0.0000000E+00
         815  0.0000000E+00
         816  0.0000000E+00
         817  0.0000000E+00
         818  0.0000000E+00
         819  0.0000000E+00
         820  0.0000000E+00
         821  0.0000000E+00
         822  0.0000000E+00
         823  0.0000000E+00
         824  0.0000000E+00
         825  0.0000000E+00
         826  0.0000000E+00
         827  0.0000000E+00
         828  0.0000000E+00
         829  0.0000000E+00
         830  0.0000000E+00
         831  0.0000000E+00
         832  0.0000000E+00
         833  0.0000000E+00
         834  0.0000000E+00
         835  0.0000000E+00
         836  0.0000000E+00
         837  0.0000000E+00
         838  0.0000000E+00
         839  0.0000000E+00
         840  0.0000000E+00
         841  0.0000000E+00
         842  0.0000000E+00
         843  0.0000000E+00
         844  0.0000000E+00
         845  0.0000000E+00
         846  0.0000000E+00
         847  0.0000000E+00
         848  0.0000000E+00
         849  0.0000000E+00
         850  0.0000000E+00
         851  0.0000000E+00
         852  0.0000000E+00
         853  0.0000000E+00
         854  0.0000000E+00
         855  0.0000000E+00
         856  0.0000000E+00
         857  0.0000000E+00
         858  0.0000000E+00
         859  0.0000000E+00
         860  0.0000000E+00
         861  0.0000000E+00
         862  0.0000000E+00
         863  0.0000000E+00
         864  0.0000000E+00
         865  0.0000000E+00
         866  0.0000000E+00
         867  0.0000000E+00
         868  0.0000000E+00
         869  0.0000000E+00
         870  0.0000000E+00
         871  0.0000000E+00
         872  0.0000000E+00
         873  0.0000000E+00
         874  0.0000000E+00
         875  0.0000000E+00
         876  0.0000000E+00
         877  0.0000000E+00
         878  0.0000000E+00
         879  0.0000000E+00
         880  0.0000000E+00
         881  0.0000000E+00
         882  0.0000000E+00
         883  0.0000000E+00
         884  0.0000000E+00
         885  0.0000000E+00
         886  0.0000000E+00
         887  0.0000000E+00
         888  0.0000000E+00
         889  0.0000000E+00
         890  0.0000000E+00
         891  0.0000000E+00
         892  0.0000000E+00
         893  0.0000000E+00
         894  0.0000000E+00
         895  0.0000000E+00
         896  0.0000000E+00
         897  0.0000000E+00
         898  0.0000000E+00
         899  0.0000000E+00
         900  0.0000000E+00
         901  0.0000000E+00
         902  0.0000000E+00
         903  0.0000000E+00
         904  0.0000000E+00
         905  0.0000000E+00
         906  0.0000000E+00
         907  0.0000000E+00
         908  0.0000000E+00
         909  0.0000000E+00
         910  0.0000000E+00
         911  0.0000000E+00
         912  0.0000000E+00
         913  0.0000000E+00
         914  0.0000000E+00
         915  0.0000000E+00
         916  0.0000000E+00
         917  0.0000000E+00
         918  0.0000000E+00
         919  0.0000000E+00
         920  0.0000000E+00
         921  0.0000000E+00
         922  0.0000000E+00
         923  0.0000000E+00
         924  0.0000000E+00
         925  0.0000000E+00
         926  0.0000000E+00
         927  0.0000000E+00
         928  0.0000000E+00
         929  0.0000000E+00
         930  0.0000000E+00
         931  0.0000000E+00
         932  0.0000000E+00
         933  0.0000000E+00
         934  0.0000000E+00
         935  0.0000000E+00
         936  0.0000000E+00
         937  0.0000000E+00
         938  0.0000000E+00
         939  0.0000000E+00
         940  0.0000000E+00
         941  0.0000000E+00
         942  0.0000000E+00
         943  0.0000000E+00
         944  0.0000000E+00
         945  0.0000000E+00
         946  0.0000000E+00
         947  0.0000000E+00
         948  0.0000000E+00
         949  0.0000000E+00
         950  0.0000000E+00
         951  0.0000000E+00
         952  0.0000000E+00
         953  0.0000000E+00
         954  0.0000000E+00
         955  0.0000000E+00
         956  0.0000000E+00
         957  0.0000000E+00
         958  0.0000000E+00
         959  0.0000000E+00
         960  0.0000000E+00
         961  0.0000000E+00
         962  0.0000000E+00
         963  0.0000000E+00
         964  0.0000000E+00
         965  0.0000000E+00
         966  0.0000000E+00
         967  0.0000000E+00
         968  0.0000000E+00
         969  0.0000000E+00
         970  0.0000000E+00
         971  0.0000000E+00
         972  0.0000000E+00
         973  0.0000000E+00
         974  0.0000000E+00
         975  0.0000000E+00
         976  0.0000000E+00
         977  0.0000000E+00
         978  0.0000000E+00
         979  0.0000000E+00
         980  0.0000000E+00
         981  0.0000000E+00
         982  0.0000000E+00
         983  0.0000000E+00
         984  0.0000000E+00
         985  0.0000000E+00
         986  0.0000000E+00
         987  0.0000000E+00
         988  0.0000000E+00
         989  0.0000000E+00
         990  0.0000000E+00
         991  0.0000000E+00
         992  0.0000000E+00
         993  0.0000000E+00
         994  0.0000000E+00
         995  0.0000000E+00
         996  0.0000000E+00
         997  0.0000000E+00
         998  0.0000000E+00
         999  0.0000000E+00
        1000  0.0000000E+00
        1001  0.0000000E+00
        1002  0.0000000E+00
        1003  0.0000000E+00
        1004  0.0000000E+00
        1005  0.0000000E+00
        1006  0.0000000E+00
        1007  0.0000000E+00
        1008  0.0000000E+00
        1009  0.0000000E+00
        1010  0.0000000E+00
        1011  0.0000000E+00
        1012  0.0000000E+00
        1013  0.0000000E+00
        1014  0.0000000E+00
        1015  0.0000000E+00
        1016  0.0000000E+00
        1017  0.0000000E+00
        1018  0.0000000E+00
        1019  0.0000000E+00
        1020  0.0000000E+00
        1021  0.0000000E+00
        1022  0.0000000E+00
        1023  0.0000000E+00
        1024  0.0000000E+00
