 #   Y    A
           1  0.0000000E+00
           2  0.0000000E+00
           3  0.0000000E+00
           4  0.0000000E+00
           5  0.0000000E+00
           6  0.0000000E+00
           7  0.0000000E+00
           8  0.0000000E+00
           9  0.0000000E+00
          10  0.0000000E+00
          11  0.0000000E+00
          12  0.0000000E+00
          13  0.0000000E+00
          14  0.0000000E+00
          15  0.0000000E+00
          16  0.0000000E+00
          17  0.0000000E+00
          18  0.0000000E+00
          19  0.0000000E+00
          20  0.0000000E+00
          21  0.0000000E+00
          22  0.0000000E+00
          23  0.0000000E+00
          24  0.0000000E+00
          25  0.0000000E+00
          26  0.0000000E+00
          27  0.0000000E+00
          28  0.0000000E+00
          29  0.0000000E+00
          30  0.0000000E+00
          31  0.0000000E+00
          32  0.0000000E+00
          33  0.0000000E+00
          34  0.0000000E+00
          35  0.0000000E+00
          36  0.0000000E+00
          37  0.0000000E+00
          38  0.0000000E+00
          39  0.0000000E+00
          40  0.0000000E+00
          41  0.0000000E+00
          42  0.0000000E+00
          43  0.0000000E+00
          44  0.0000000E+00
          45  0.0000000E+00
          46  0.0000000E+00
          47  0.0000000E+00
          48  0.0000000E+00
          49  0.0000000E+00
          50  0.0000000E+00
          51  0.0000000E+00
          52  0.0000000E+00
          53  0.0000000E+00
          54  0.0000000E+00
          55  0.0000000E+00
          56  0.0000000E+00
          57  0.0000000E+00
          58  0.0000000E+00
          59  0.0000000E+00
          60  0.0000000E+00
          61  0.0000000E+00
          62  0.0000000E+00
          63  0.0000000E+00
          64  0.0000000E+00
          65  0.0000000E+00
          66  0.0000000E+00
          67  0.0000000E+00
          68  0.0000000E+00
          69  0.0000000E+00
          70  0.0000000E+00
          71  0.0000000E+00
          72  0.0000000E+00
          73  0.0000000E+00
          74  0.0000000E+00
          75  0.0000000E+00
          76  0.0000000E+00
          77  0.0000000E+00
          78  0.0000000E+00
          79  0.0000000E+00
          80  0.0000000E+00
          81  0.0000000E+00
          82  0.0000000E+00
          83  0.0000000E+00
          84  0.0000000E+00
          85  0.0000000E+00
          86  0.0000000E+00
          87  0.0000000E+00
          88  0.0000000E+00
          89  0.0000000E+00
          90  0.0000000E+00
          91  0.0000000E+00
          92  0.0000000E+00
          93  0.0000000E+00
          94  0.0000000E+00
          95  0.0000000E+00
          96  0.0000000E+00
          97  0.0000000E+00
          98  0.0000000E+00
          99  0.0000000E+00
         100  0.0000000E+00
         101  0.0000000E+00
         102  0.0000000E+00
         103  0.0000000E+00
         104  0.0000000E+00
         105  0.0000000E+00
         106  0.0000000E+00
         107  0.0000000E+00
         108  0.0000000E+00
         109  0.0000000E+00
         110  0.0000000E+00
         111  0.0000000E+00
         112  0.0000000E+00
         113  0.0000000E+00
         114  0.0000000E+00
         115  0.0000000E+00
         116  0.0000000E+00
         117  0.0000000E+00
         118  0.0000000E+00
         119  0.0000000E+00
         120  0.0000000E+00
         121  0.0000000E+00
         122  0.0000000E+00
         123  0.0000000E+00
         124  0.0000000E+00
         125  0.0000000E+00
         126  0.0000000E+00
         127  0.0000000E+00
         128  0.0000000E+00
         129  0.0000000E+00
         130  0.0000000E+00
         131  0.0000000E+00
         132  0.0000000E+00
         133  0.0000000E+00
         134  0.0000000E+00
         135  0.0000000E+00
         136  0.0000000E+00
         137  0.0000000E+00
         138  0.0000000E+00
         139  0.0000000E+00
         140  0.0000000E+00
         141  0.0000000E+00
         142  0.0000000E+00
         143  0.0000000E+00
         144  0.0000000E+00
         145  0.0000000E+00
         146  0.0000000E+00
         147  0.0000000E+00
         148  0.0000000E+00
         149  0.0000000E+00
         150  0.0000000E+00
         151  0.0000000E+00
         152  0.0000000E+00
         153  0.0000000E+00
         154  0.0000000E+00
         155  0.0000000E+00
         156  0.0000000E+00
         157  0.0000000E+00
         158  0.0000000E+00
         159  0.0000000E+00
         160  0.0000000E+00
         161  0.0000000E+00
         162  0.0000000E+00
         163  0.0000000E+00
         164  0.0000000E+00
         165  0.0000000E+00
         166  0.0000000E+00
         167  0.0000000E+00
         168  0.0000000E+00
         169  0.0000000E+00
         170  0.0000000E+00
         171  0.0000000E+00
         172  0.0000000E+00
         173  0.0000000E+00
         174  0.0000000E+00
         175  0.0000000E+00
         176  0.0000000E+00
         177  0.0000000E+00
         178  0.0000000E+00
         179  0.0000000E+00
         180  0.0000000E+00
         181  0.0000000E+00
         182  0.0000000E+00
         183  0.0000000E+00
         184  0.0000000E+00
         185  0.0000000E+00
         186  0.0000000E+00
         187  0.0000000E+00
         188  0.0000000E+00
         189  0.0000000E+00
         190  0.0000000E+00
         191  0.0000000E+00
         192  0.0000000E+00
         193  0.0000000E+00
         194  0.0000000E+00
         195  0.0000000E+00
         196  0.0000000E+00
         197  0.0000000E+00
         198  0.0000000E+00
         199  0.0000000E+00
         200  0.0000000E+00
         201  0.0000000E+00
         202  0.0000000E+00
         203  0.0000000E+00
         204  0.0000000E+00
         205  0.0000000E+00
         206  0.0000000E+00
         207  0.0000000E+00
         208  0.0000000E+00
         209  0.0000000E+00
         210  0.0000000E+00
         211  0.0000000E+00
         212  0.0000000E+00
         213  0.0000000E+00
         214  0.0000000E+00
         215  0.0000000E+00
         216  0.0000000E+00
         217  0.0000000E+00
         218  0.0000000E+00
         219  0.0000000E+00
         220  0.0000000E+00
         221  0.0000000E+00
         222  0.0000000E+00
         223  0.0000000E+00
         224  0.0000000E+00
         225  0.0000000E+00
         226  0.0000000E+00
         227  0.0000000E+00
         228  0.0000000E+00
         229  0.0000000E+00
         230  0.0000000E+00
         231  0.0000000E+00
         232  0.0000000E+00
         233  0.0000000E+00
         234  0.0000000E+00
         235  0.0000000E+00
         236  0.0000000E+00
         237  0.0000000E+00
         238  0.0000000E+00
         239  0.0000000E+00
         240  0.0000000E+00
         241  0.0000000E+00
         242  0.0000000E+00
         243  0.0000000E+00
         244  0.0000000E+00
         245  0.0000000E+00
         246  0.0000000E+00
         247  0.0000000E+00
         248  0.0000000E+00
         249  0.0000000E+00
         250  0.0000000E+00
         251  0.0000000E+00
         252  0.0000000E+00
         253  0.0000000E+00
         254  0.0000000E+00
         255  0.0000000E+00
         256  0.0000000E+00
         257  0.0000000E+00
         258  0.0000000E+00
         259  0.0000000E+00
         260  0.0000000E+00
         261  0.0000000E+00
         262  0.0000000E+00
         263  0.0000000E+00
         264  0.0000000E+00
         265  0.0000000E+00
         266  0.0000000E+00
         267  0.0000000E+00
         268  0.0000000E+00
         269  0.0000000E+00
         270  0.0000000E+00
         271  0.0000000E+00
         272  0.5295309    
         273   3.177185    
         274   9.002025    
         275   16.94499    
         276   15.88593    
         277   19.59264    
         278   21.71077    
         279   23.29936    
         280   24.35842    
         281   24.35842    
         282   20.65170    
         283   25.41748    
         284   15.88593    
         285   27.53561    
         286   15.88593    
         287   24.35842    
         288   37.59669    
         289   28.59467    
         290   19.59264    
         291   29.65373    
         292   17.47452    
         293   26.47654    
         294   22.24030    
         295   26.47654    
         296   23.82889    
         297   31.77185    
         298   23.82889    
         299   27.53561    
         300   23.82889    
         301   27.00607    
         302   25.41748    
         303   32.30138    
         304   29.65373    
         305   32.30138    
         306   22.76983    
         307   27.00607    
         308   25.94701    
         309   38.65575    
         310   34.41951    
         311   28.06514    
         312   25.94701    
         313   36.53763    
         314   28.59467    
         315   26.47654    
         316   27.53561    
         317   29.12420    
         318   27.00607    
         319   28.06514    
         320   36.53763    
         321   30.71279    
         322   36.53763    
         323   37.06716    
         324   30.18326    
         325   32.83091    
         326   30.18326    
         327   34.41951    
         328   33.36045    
         329   41.83294    
         330   32.83091    
         331   43.95107    
         332   41.30341    
         333   28.59467    
         334   46.06919    
         335   36.00810    
         336   28.06514    
         337   38.65575    
         338   32.83091    
         339   47.65778    
         340   49.24637    
         341   38.65575    
         342   31.77185    
         343   37.59669    
         344   40.24435    
         345   63.01418    
         346   42.89200    
         347   46.59872    
         348   58.24840    
         349   41.83294    
         350   42.36247    
         351   43.42153    
         352   50.83496    
         353   50.30544    
         354   47.12825    
         355   58.77793    
         356   56.65981    
         357   57.18933    
         358   48.18731    
         359   59.83699    
         360   57.18933    
         361   70.42760    
         362   59.30746    
         363   77.84104    
         364   68.30949    
         365   64.07323    
         366   74.13432    
         367   92.13837    
         368   85.25447    
         369   81.01823    
         370   87.90213    
         371   103.2585    
         372   95.84509    
         373   101.1404    
         374   101.6699    
         375   113.8491    
         376   127.6169    
         377   125.4988    
         378   131.8532    
         379   135.5599    
         380   150.3868    
         381   162.0365    
         382   185.8653    
         383   181.0996    
         384   187.4539    
         385   204.3989    
         386   207.5761    
         387   204.9285    
         388   231.9345    
         389   243.5842    
         390   248.3500    
         391   266.8836    
         392   267.9426    
         393   238.2889    
         394   259.4701    
         395   278.5332    
         396   261.5883    
         397   288.0648    
         398   262.1178    
         399   277.4742    
         400   266.8836    
         401   288.0648    
         402   279.0628    
         403   274.8265    
         404   273.7675    
         405   270.0608    
         406   278.5332    
         407   281.7104    
         408   283.2990    
         409   291.7715    
         410   301.3031    
         411   320.3662    
         412   310.3051    
         413   357.9629    
         414   349.4904    
         415   350.5494    
         416   351.0790    
         417   418.3294    
         418   404.5616    
         419   424.1542    
         420   441.6288    
         421   475.5187    
         422   515.7631    
         423   481.3436    
         424   508.3496    
         425   557.0665    
         426   547.0054    
         427   529.0013    
         428   541.7101    
         429   573.4819    
         430   596.7813    
         431   576.1296    
         432   607.3719    
         433   613.1968    
         434   628.5532    
         435   658.2069    
         436   633.3189    
         437   675.1519    
         438   668.7975    
         439   743.4614    
         440   781.5876    
         441   715.3962    
         442   808.5937    
         443   786.3533    
         444   786.3534    
         445   847.7789    
         446   819.7138    
         447   806.4755    
         448   858.3696    
         449   808.5936    
         450   821.8319    
         451   787.9420    
         452   878.4917    
         453   822.8910    
         454   837.1884    
         455   817.0662    
         456   835.5997    
         457   840.3655    
         458   790.5896    
         459   846.7198    
         460   840.8950    
         461   844.6017    
         462   814.9481    
         463   836.1293    
         464   844.6017    
         465   870.0192    
         466   838.7769    
         467   837.7178    
         468   924.5609    
         469   865.2535    
         470   885.3756    
         471   929.8562    
         472   903.3797    
         473   958.9804    
         474   939.3878    
         475   1005.050    
         476   964.2758    
         477   1014.052    
         478   983.3389    
         479   1029.938    
         480   1020.406    
         481   1050.060    
         482   1045.823    
         483   1014.052    
         484   1080.773    
         485   1016.170    
         486   1051.119    
         487   1071.241    
         488   1070.182    
         489   1051.648    
         490   1088.715    
         491   1037.351    
         492   1100.365    
         493   1087.127    
         494   1047.412    
         495   1094.540    
         496   1083.420    
         497   1083.420    
         498   1109.367    
         499   1136.903    
         500   1125.783    
         501   1124.724    
         502   1108.308    
         503   1134.255    
         504   1119.428    
         505   1149.612    
         506   1152.789    
         507   1163.909    
         508   1128.430    
         509   1161.261    
         510   1174.500    
         511   1172.381    
         512   1159.143    
         513   1161.791    
         514   1166.027    
         515   1195.151    
         516   1200.447    
         517   1235.396    
         518   1204.683    
         519   1226.923    
         520   1218.451    
         521   1238.043    
         522   1245.986    
         523   1243.339    
         524   1243.339    
         525   1241.220    
         526   1256.047    
         527   1285.701    
         528   1288.878    
         529   1272.463    
         530   1270.345    
         531   1333.888    
         532   1332.829    
         533   1340.243    
         534   1336.006    
         535   1350.833    
         536   1340.772    
         537   1361.953    
         538   1344.479    
         539   1364.601    
         540   1361.424    
         541   1390.019    
         542   1373.603    
         543   1345.008    
         544   1333.359    
         545   1298.939    
         546   1296.821    
         547   1298.410    
         548   1289.408    
         549   1290.467    
         550   1310.589    
         551   1280.935    
         552   1307.941    
         553   1309.530    
         554   1322.768    
         555   1340.243    
         556   1340.243    
         557   1385.253    
         558   1349.774    
         559   1390.548    
         560   1404.316    
         561   1395.843    
         562   1396.902    
         563   1441.913    
         564   1477.391    
         565   1465.212    
         566   1512.340    
         567   1532.992    
         568   1562.646    
         569   1585.415    
         570   1564.234    
         571   1616.128    
         572   1666.963    
         573   1614.010    
         574   1677.024    
         575   1660.609    
         576   1692.910    
         577   1698.735    
         578   1731.566    
         579   1738.450    
         580   1782.401    
         581   1840.120    
         582   1836.413    
         583   1935.435    
         584   1988.918    
         585   1995.802    
         586   2090.058    
         587   2141.952    
         588   2309.814    
         589   2495.149    
         590   2672.542    
         591   2987.084    
         592   3471.075    
         593   4032.907    
         594   4746.186    
         595   5328.140    
         596   6009.116    
         597   6166.387    
         598   5269.891    
         599   4325.738    
         600   3606.105    
         601   3142.236    
         602   2748.265    
         603   2621.178    
         604   2445.374    
         605   2258.449    
         606   2100.649    
         607   1955.557    
         608   1812.055    
         609   1814.173    
         610   1739.509    
         611   1665.904    
         612   1601.301    
         613   1506.515    
         614   1428.674    
         615   1445.619    
         616   1413.318    
         617   1391.607    
         618   1358.776    
         619   1274.581    
         620   1224.805    
         621   1173.440    
         622   1171.852    
         623   1137.962    
         624   1091.893    
         625   1117.310    
         626   1028.349    
         627   1014.052    
         628   997.6362    
         629   922.4428    
         630   925.6200    
         631   914.4998    
         632   873.1964    
         633   819.7138    
         634   842.4836    
         635   810.7118    
         636   767.8198    
         637   782.6467    
         638   782.1171    
         639   731.8117    
         640   755.6406    
         641   761.9949    
         642   712.7486    
         643   702.6875    
         644   713.8076    
         645   695.8036    
         646   700.0399    
         647   667.7385    
         648   676.2109    
         649   669.3270    
         650   651.8525    
         651   636.4961    
         652   653.4411    
         653   615.8444    
         654   623.7874    
         655   608.9605    
         656   592.0155    
         657   617.9625    
         658   595.1927    
         659   572.4229    
         660   577.1887    
         661   583.5430    
         662   553.8893    
         663   556.5369    
         664   549.1235    
         665   519.9993    
         666   524.7651    
         667   525.2946    
         668   497.7590    
         669   508.3496    
         670   527.9423    
         671   476.5778    
         672   484.5208    
         673   460.1623    
         674   472.8711    
         675   453.8080    
         676   471.8120    
         677   452.2194    
         678   454.8670    
         679   440.0402    
         680   464.3986    
         681   421.5066    
         682   435.2744    
         683   430.5086    
         684   426.8019    
         685   424.6838    
         686   419.9180    
         687   436.3334    
         688   406.6797    
         689   406.1502    
         690   404.5616    
         691   383.3804    
         692   405.0911    
         693   380.7327    
         694   382.3213    
         695   394.5005    
         696   378.6146    
         697   386.5576    
         698   371.7307    
         699   392.9119    
         700   374.3783    
         701   377.0260    
         702   359.0219    
         703   377.0260    
         704   357.4333    
         705   373.8488    
         706   361.6696    
         707   352.6676    
         708   370.6716    
         709   357.9629    
         710   357.9629    
         711   356.9038    
         712   346.8427    
         713   363.7877    
         714   360.0810    
         715   349.4904    
         716   343.6655    
         717   360.6105    
         718   368.5535    
         719   343.6655    
         720   347.3723    
         721   343.6656    
         722   361.1401    
         723   345.2542    
         724   362.1991    
         725   330.4273    
         726   356.9038    
         727   339.9588    
         728   355.8448    
         729   359.5515    
         730   338.3702    
         731   353.7266    
         732   336.7816    
         733   346.3132    
         734   357.4333    
         735   315.0709    
         736   350.5494    
         737   341.0179    
         738   337.8407    
         739   323.0138    
         740   328.8387    
         741   329.8977    
         742   301.8326    
         743   319.3071    
         744   315.0709    
         745   292.3011    
         746   305.5393    
         747   293.8896    
         748   310.8346    
         749   279.5923    
         750   290.1829    
         751   271.1198    
         752   301.8326    
         753   256.8225    
         754   274.2970    
         755   286.4762    
         756   245.7023    
         757   261.0587    
         758   255.2339    
         759   256.8225    
         760   234.0526    
         761   235.1117    
         762   234.0526    
         763   223.9916    
         764   237.2298    
         765   220.8144    
         766   224.5211    
         767   214.9895    
         768   207.5761    
         769   193.2788    
         770   213.9305    
         771   187.9835    
         772   182.6882    
         773   189.0425    
         774   181.0996    
         775   177.3929    
         776   181.0996    
         777   158.8593    
         778   182.1586    
         779   162.0365    
         780   171.5680    
         781   164.6841    
         782   156.7411    
         783   162.0365    
         784   122.8512    
         785   123.3807    
         786   118.6149    
         787   112.7901    
         788   114.9082    
         789   119.6740    
         790   109.0834    
         791   114.9082    
         792   114.9082    
         793   105.3766    
         794   104.3176    
         795   112.7901    
         796   108.0243    
         797   100.0813    
         798   102.1995    
         799   116.4968    
         800   90.02025    
         801   96.37462    
         802   105.3766    
         803   102.1995    
         804   106.9652    
         805   88.43166    
         806   91.60884    
         807   102.7290    
         808   102.1995    
         809   94.25650    
         810   91.07932    
         811   93.72697    
         812   90.54978    
         813   90.54978    
         814   86.31354    
         815   98.49274    
         816   87.90213    
         817   89.49072    
         818   95.84509    
         819   83.13635    
         820   94.78603    
         821   73.60479    
         822   93.72697    
         823   81.54775    
         824   84.19541    
         825   80.48869    
         826   81.54776    
         827   81.01823    
         828   79.95917    
         829   83.13635    
         830   76.25245    
         831   81.01823    
         832   79.42963    
         833   77.31151    
         834   73.60480    
         835   69.89808    
         836   76.78197    
         837   75.72292    
         838   67.25042    
         839   72.54573    
         840   74.66386    
         841   73.07526    
         842   65.66183    
         843   74.13432    
         844   60.89605    
         845   77.31151    
         846   64.07323    
         847   58.77793    
         848   68.83901    
         849   69.89808    
         850   64.07323    
         851   65.13230    
         852   67.25042    
         853   75.19338    
         854   55.60074    
         855   62.48465    
         856   66.72089    
         857   61.95511    
         858   62.48465    
         859   70.95714    
         860   64.07323    
         861   67.77995    
         862   70.95714    
         863   76.25245    
         864   136.0894    
         865   29.12420    
         866  0.0000000E+00
         867  0.0000000E+00
         868  0.0000000E+00
         869  0.0000000E+00
         870  0.0000000E+00
         871  0.0000000E+00
         872  0.0000000E+00
         873  0.0000000E+00
         874  0.0000000E+00
         875  0.0000000E+00
         876  0.0000000E+00
         877  0.0000000E+00
         878  0.0000000E+00
         879  0.0000000E+00
         880  0.0000000E+00
         881  0.0000000E+00
         882  0.0000000E+00
         883  0.0000000E+00
         884  0.0000000E+00
         885  0.0000000E+00
         886  0.0000000E+00
         887  0.0000000E+00
         888  0.0000000E+00
         889  0.0000000E+00
         890  0.0000000E+00
         891  0.0000000E+00
         892  0.0000000E+00
         893  0.0000000E+00
         894  0.0000000E+00
         895  0.0000000E+00
         896  0.0000000E+00
         897  0.0000000E+00
         898  0.0000000E+00
         899  0.0000000E+00
         900  0.0000000E+00
         901  0.0000000E+00
         902  0.0000000E+00
         903  0.0000000E+00
         904  0.0000000E+00
         905  0.0000000E+00
         906  0.0000000E+00
         907  0.0000000E+00
         908  0.0000000E+00
         909  0.0000000E+00
         910  0.0000000E+00
         911  0.0000000E+00
         912  0.0000000E+00
         913  0.0000000E+00
         914  0.0000000E+00
         915  0.0000000E+00
         916  0.0000000E+00
         917  0.0000000E+00
         918  0.0000000E+00
         919  0.0000000E+00
         920  0.0000000E+00
         921  0.0000000E+00
         922  0.0000000E+00
         923  0.0000000E+00
         924  0.0000000E+00
         925  0.0000000E+00
         926  0.0000000E+00
         927  0.0000000E+00
         928  0.0000000E+00
         929  0.0000000E+00
         930  0.0000000E+00
         931  0.0000000E+00
         932  0.0000000E+00
         933  0.0000000E+00
         934  0.0000000E+00
         935  0.0000000E+00
         936  0.0000000E+00
         937  0.0000000E+00
         938  0.0000000E+00
         939  0.0000000E+00
         940  0.0000000E+00
         941  0.0000000E+00
         942  0.0000000E+00
         943  0.0000000E+00
         944  0.0000000E+00
         945  0.0000000E+00
         946  0.0000000E+00
         947  0.0000000E+00
         948  0.0000000E+00
         949  0.0000000E+00
         950  0.0000000E+00
         951  0.0000000E+00
         952  0.0000000E+00
         953  0.0000000E+00
         954  0.0000000E+00
         955  0.0000000E+00
         956  0.0000000E+00
         957  0.0000000E+00
         958  0.0000000E+00
         959  0.0000000E+00
         960  0.0000000E+00
         961  0.0000000E+00
         962  0.0000000E+00
         963  0.0000000E+00
         964  0.0000000E+00
         965  0.0000000E+00
         966  0.0000000E+00
         967  0.0000000E+00
         968  0.0000000E+00
         969  0.0000000E+00
         970  0.0000000E+00
         971  0.0000000E+00
         972  0.0000000E+00
         973  0.0000000E+00
         974  0.0000000E+00
         975  0.0000000E+00
         976  0.0000000E+00
         977  0.0000000E+00
         978  0.0000000E+00
         979  0.0000000E+00
         980  0.0000000E+00
         981  0.0000000E+00
         982  0.0000000E+00
         983  0.0000000E+00
         984  0.0000000E+00
         985  0.0000000E+00
         986  0.0000000E+00
         987  0.0000000E+00
         988  0.0000000E+00
         989  0.0000000E+00
         990  0.0000000E+00
         991  0.0000000E+00
         992  0.0000000E+00
         993  0.0000000E+00
         994  0.0000000E+00
         995  0.0000000E+00
         996  0.0000000E+00
         997  0.0000000E+00
         998  0.0000000E+00
         999  0.0000000E+00
        1000  0.0000000E+00
        1001  0.0000000E+00
        1002  0.0000000E+00
        1003  0.0000000E+00
        1004  0.0000000E+00
        1005  0.0000000E+00
        1006  0.0000000E+00
        1007  0.0000000E+00
        1008  0.0000000E+00
        1009  0.0000000E+00
        1010  0.0000000E+00
        1011  0.0000000E+00
        1012  0.0000000E+00
        1013  0.0000000E+00
        1014  0.0000000E+00
        1015  0.0000000E+00
        1016  0.0000000E+00
        1017  0.0000000E+00
        1018  0.0000000E+00
        1019  0.0000000E+00
        1020  0.0000000E+00
        1021  0.0000000E+00
        1022  0.0000000E+00
        1023  0.0000000E+00
        1024  0.0000000E+00
