 #   Y    A
           1  0.0000000E+00
           2  0.0000000E+00
           3  0.0000000E+00
           4  0.0000000E+00
           5  0.0000000E+00
           6  0.0000000E+00
           7  0.0000000E+00
           8  0.0000000E+00
           9  0.0000000E+00
          10  0.0000000E+00
          11  0.0000000E+00
          12  0.0000000E+00
          13  0.0000000E+00
          14  0.0000000E+00
          15  0.0000000E+00
          16  0.0000000E+00
          17  0.0000000E+00
          18  0.0000000E+00
          19  0.0000000E+00
          20  0.0000000E+00
          21  0.0000000E+00
          22  0.0000000E+00
          23  0.0000000E+00
          24  0.0000000E+00
          25  0.0000000E+00
          26  0.0000000E+00
          27  0.0000000E+00
          28  0.0000000E+00
          29  0.0000000E+00
          30  0.0000000E+00
          31  0.0000000E+00
          32  0.0000000E+00
          33  0.0000000E+00
          34  0.0000000E+00
          35  0.0000000E+00
          36  0.0000000E+00
          37  0.0000000E+00
          38  0.0000000E+00
          39  0.0000000E+00
          40  0.0000000E+00
          41  0.0000000E+00
          42  0.0000000E+00
          43  0.0000000E+00
          44  0.0000000E+00
          45  0.0000000E+00
          46  0.0000000E+00
          47  0.0000000E+00
          48  0.0000000E+00
          49  0.0000000E+00
          50  0.0000000E+00
          51  0.0000000E+00
          52  0.0000000E+00
          53  0.0000000E+00
          54  0.0000000E+00
          55  0.0000000E+00
          56  0.0000000E+00
          57  0.0000000E+00
          58  0.0000000E+00
          59  0.0000000E+00
          60  0.0000000E+00
          61  0.0000000E+00
          62  0.0000000E+00
          63  0.0000000E+00
          64  0.0000000E+00
          65  0.0000000E+00
          66  0.0000000E+00
          67  0.0000000E+00
          68  0.0000000E+00
          69  0.0000000E+00
          70  0.0000000E+00
          71  0.0000000E+00
          72  0.0000000E+00
          73  0.0000000E+00
          74  0.0000000E+00
          75  0.0000000E+00
          76  0.0000000E+00
          77  0.0000000E+00
          78  0.0000000E+00
          79  0.0000000E+00
          80  0.0000000E+00
          81  0.0000000E+00
          82  0.0000000E+00
          83  0.0000000E+00
          84  0.0000000E+00
          85  0.0000000E+00
          86  0.0000000E+00
          87  0.0000000E+00
          88  0.0000000E+00
          89  0.0000000E+00
          90  0.0000000E+00
          91  0.0000000E+00
          92  0.0000000E+00
          93  0.0000000E+00
          94  0.0000000E+00
          95  0.0000000E+00
          96  0.0000000E+00
          97  0.0000000E+00
          98  0.0000000E+00
          99  0.0000000E+00
         100  0.0000000E+00
         101  0.0000000E+00
         102  0.0000000E+00
         103  0.0000000E+00
         104  0.0000000E+00
         105  0.0000000E+00
         106  0.0000000E+00
         107  0.0000000E+00
         108  0.0000000E+00
         109  0.0000000E+00
         110  0.0000000E+00
         111  0.0000000E+00
         112  0.0000000E+00
         113  0.0000000E+00
         114  0.0000000E+00
         115  0.0000000E+00
         116  0.0000000E+00
         117  0.0000000E+00
         118  0.0000000E+00
         119  0.0000000E+00
         120  0.0000000E+00
         121  0.0000000E+00
         122  0.0000000E+00
         123  0.0000000E+00
         124  0.0000000E+00
         125  0.0000000E+00
         126  0.0000000E+00
         127  0.0000000E+00
         128  0.0000000E+00
         129  0.0000000E+00
         130  0.0000000E+00
         131  0.0000000E+00
         132  0.0000000E+00
         133  0.0000000E+00
         134  0.0000000E+00
         135  0.0000000E+00
         136  0.0000000E+00
         137  0.0000000E+00
         138  0.0000000E+00
         139  0.0000000E+00
         140  0.0000000E+00
         141  0.0000000E+00
         142  0.0000000E+00
         143  0.0000000E+00
         144  0.0000000E+00
         145  0.0000000E+00
         146  0.0000000E+00
         147  0.0000000E+00
         148  0.0000000E+00
         149  0.0000000E+00
         150  0.0000000E+00
         151  0.0000000E+00
         152  0.0000000E+00
         153  0.0000000E+00
         154  0.0000000E+00
         155  0.0000000E+00
         156  0.0000000E+00
         157  0.0000000E+00
         158  0.0000000E+00
         159  0.0000000E+00
         160  0.0000000E+00
         161  0.0000000E+00
         162  0.0000000E+00
         163  0.0000000E+00
         164  0.0000000E+00
         165  0.0000000E+00
         166  0.0000000E+00
         167  0.0000000E+00
         168  0.0000000E+00
         169  0.0000000E+00
         170  0.0000000E+00
         171  0.0000000E+00
         172  0.0000000E+00
         173  0.0000000E+00
         174  0.0000000E+00
         175  0.0000000E+00
         176  0.0000000E+00
         177  0.0000000E+00
         178  0.0000000E+00
         179  0.0000000E+00
         180  0.0000000E+00
         181  0.0000000E+00
         182  0.0000000E+00
         183  0.0000000E+00
         184  0.0000000E+00
         185  0.0000000E+00
         186  0.0000000E+00
         187  0.0000000E+00
         188  0.0000000E+00
         189  0.0000000E+00
         190  0.0000000E+00
         191  0.0000000E+00
         192  0.0000000E+00
         193  0.0000000E+00
         194  0.0000000E+00
         195  0.0000000E+00
         196  0.0000000E+00
         197  0.0000000E+00
         198  0.0000000E+00
         199  0.0000000E+00
         200  0.0000000E+00
         201  0.0000000E+00
         202  0.0000000E+00
         203  0.0000000E+00
         204  0.0000000E+00
         205  0.0000000E+00
         206  0.0000000E+00
         207  0.0000000E+00
         208  0.0000000E+00
         209  0.0000000E+00
         210  0.0000000E+00
         211  0.0000000E+00
         212  0.0000000E+00
         213  0.0000000E+00
         214  0.0000000E+00
         215  0.0000000E+00
         216  0.0000000E+00
         217  0.0000000E+00
         218  0.0000000E+00
         219  0.0000000E+00
         220   2.118124    
         221   4.765778    
         222   11.64968    
         223   15.88593    
         224   14.82686    
         225   18.00405    
         226   17.47452    
         227   19.59264    
         228   22.24030    
         229   19.06311    
         230   25.41748    
         231   16.94499    
         232   21.18124    
         233   13.23827    
         234   21.71077    
         235   18.53358    
         236   14.82686    
         237   27.00607    
         238   31.77185    
         239   24.88795    
         240   18.00405    
         241   19.59264    
         242   22.76983    
         243   13.76780    
         244   24.35842    
         245   21.71077    
         246   21.71077    
         247   22.76983    
         248   25.94701    
         249   27.00607    
         250   18.53358    
         251   23.82889    
         252   23.82889    
         253   22.24030    
         254   21.18124    
         255   29.12420    
         256   23.29936    
         257   30.18326    
         258   23.29936    
         259   21.18124    
         260   24.88795    
         261   22.76983    
         262   27.53561    
         263   35.47857    
         264   27.53561    
         265   22.24030    
         266   28.06514    
         267   31.24232    
         268   27.53561    
         269   29.12420    
         270   19.59264    
         271   24.88795    
         272   28.06514    
         273   26.47654    
         274   25.94701    
         275   37.59669    
         276   30.18326    
         277   31.77185    
         278   32.83091    
         279   29.12420    
         280   31.77185    
         281   28.59467    
         282   29.65373    
         283   39.71482    
         284   33.88998    
         285   33.36045    
         286   32.30138    
         287   40.77388    
         288   37.59669    
         289   36.53763    
         290   34.41951    
         291   34.41951    
         292   32.30138    
         293   38.12622    
         294   28.59467    
         295   43.95107    
         296   47.12825    
         297   40.24435    
         298   34.41951    
         299   36.53763    
         300   40.24435    
         301   52.42356    
         302   50.30544    
         303   47.12825    
         304   60.36652    
         305   47.12825    
         306   40.24435    
         307   43.42153    
         308   57.71886    
         309   50.30544    
         310   47.12825    
         311   72.01620    
         312   60.89605    
         313   63.01418    
         314   52.42356    
         315   65.13230    
         316   77.84104    
         317   69.36855    
         318   72.54573    
         319   93.19743    
         320   75.72292    
         321   92.66791    
         322   97.43369    
         323   100.6109    
         324   111.2015    
         325   121.7921    
         326   106.9652    
         327   132.9122    
         328   133.4418    
         329   149.8572    
         330   146.1505    
         331   155.1525    
         332   155.1525    
         333   175.8043    
         334   182.1586    
         335   203.3399    
         336   185.8653    
         337   207.5761    
         338   178.9814    
         339   192.2197    
         340   200.1627    
         341   188.5130    
         342   197.5150    
         343   190.6311    
         344   199.1036    
         345   199.1036    
         346   196.9855    
         347   183.7472    
         348   180.0405    
         349   207.0466    
         350   192.7492    
         351   186.3949    
         352   205.4580    
         353   190.6311    
         354   198.5741    
         355   201.2217    
         356   219.2258    
         357   176.8633    
         358   213.9305    
         359   205.4580    
         360   201.2217    
         361   220.2849    
         362   210.7533    
         363   218.1667    
         364   226.6392    
         365   235.6412    
         366   245.1728    
         367   253.1158    
         368   254.1748    
         369   261.0587    
         370   273.2379    
         371   286.4762    
         372   284.8876    
         373   282.2400    
         374   302.3621    
         375   306.0688    
         376   297.5963    
         377   321.9548    
         378   319.3071    
         379   326.1910    
         380   323.0138    
         381   332.0159    
         382   352.1380    
         383   357.9629    
         384   343.6655    
         385   345.2541    
         386   383.3804    
         387   335.1931    
         388   377.5555    
         389   345.2541    
         390   370.1421    
         391   354.2562    
         392   372.7897    
         393   366.4354    
         394   379.1441    
         395   404.5616    
         396   373.8488    
         397   369.6125    
         398   395.5596    
         399   404.5616    
         400   393.4414    
         401   415.1522    
         402   419.3885    
         403   411.9750    
         404   413.0341    
         405   442.6878    
         406   426.2724    
         407   425.7428    
         408   430.5086    
         409   440.5697    
         410   440.5697    
         411   439.5106    
         412   445.3355    
         413   426.8019    
         414   445.3355    
         415   445.3355    
         416   438.4516    
         417   462.2805    
         418   441.0992    
         419   448.5127    
         420   456.4556    
         421   458.5738    
         422   446.9241    
         423   441.0992    
         424   440.0402    
         425   451.6898    
         426   444.8059    
         427   464.3986    
         428   454.8670    
         429   445.3355    
         430   467.5758    
         431   460.6919    
         432   478.6959    
         433   469.1644    
         434   474.9892    
         435   476.0483    
         436   479.7550    
         437   470.2234    
         438   476.0482    
         439   482.9322    
         440   497.2295    
         441   487.6979    
         442   512.5859    
         443   500.9362    
         444   503.0543    
         445   526.8832    
         446   492.9933    
         447   542.2396    
         448   524.2356    
         449   548.5940    
         450   538.5329    
         451   561.3027    
         452   549.6531    
         453   603.1357    
         454   598.8994    
         455   597.8404    
         456   597.8404    
         457   610.5491    
         458   626.9645    
         459   648.1458    
         460   628.5532    
         461   665.0908    
         462   676.2109    
         463   702.6875    
         464   687.3311    
         465   723.8687    
         466   709.0419    
         467   678.8586    
         468   724.3983    
         469   691.0378    
         470   733.4003    
         471   715.9258    
         472   726.5164    
         473   715.9258    
         474   737.1070    
         475   718.5734    
         476   730.2231    
         477   716.4553    
         478   733.9298    
         479   743.4614    
         480   728.1050    
         481   717.5143    
         482   760.9359    
         483   761.4654    
         484   684.6834    
         485   758.2882    
         486   789.5305    
         487   753.5225    
         488   769.4084    
         489   818.1252    
         490   767.8198    
         491   817.5957    
         492   767.8198    
         493   849.3676    
         494   861.0172    
         495   819.1843    
         496   821.8319    
         497   893.8481    
         498   865.2535    
         499   867.3716    
         500   885.9052    
         501   909.7341    
         502   883.2575    
         503   892.2595    
         504   981.7502    
         505   889.6119    
         506   890.1414    
         507   915.5589    
         508   914.4998    
         509   945.7421    
         510   965.8643    
         511   962.6871    
         512   982.8093    
         513   1003.461    
         514   946.2717    
         515   955.2737    
         516   1103.013    
         517   988.6342    
         518   960.0395    
         519   1056.414    
         520   1046.883    
         521   1045.294    
         522   1066.475    
         523   1070.711    
         524   1056.944    
         525   1061.180    
         526   1080.773    
         527   1077.066    
         528   1089.775    
         529   1103.013    
         530   1051.648    
         531   1103.013    
         532   1103.013    
         533   1075.477    
         534   1074.948    
         535   1041.587    
         536   1061.180    
         537   1049.530    
         538   1012.993    
         539   1096.129    
         540   1025.172    
         541   1046.353    
         542   1028.879    
         543   1028.879    
         544   1035.233    
         545   1018.817    
         546   1036.292    
         547   1034.703    
         548   1028.879    
         549   1035.762    
         550   1033.644    
         551   1056.414    
         552   1044.764    
         553   1074.948    
         554   1077.066    
         555   1079.714    
         556   1121.017    
         557   1099.836    
         558   1126.312    
         559   1135.314    
         560   1149.082    
         561   1122.605    
         562   1124.194    
         563   1154.907    
         564   1134.785    
         565   1163.379    
         566   1155.966    
         567   1166.027    
         568   1167.616    
         569   1170.263    
         570   1187.738    
         571   1177.677    
         572   1151.730    
         573   1188.797    
         574   1137.432    
         575   1159.673    
         576   1152.259    
         577   1182.443    
         578   1189.856    
         579   1171.852    
         580   1158.084    
         581   1166.027    
         582   1166.027    
         583   1133.196    
         584   1150.141    
         585   1153.848    
         586   1148.552    
         587   1157.025    
         588   1134.785    
         589   1151.730    
         590   1128.430    
         591   1126.842    
         592   1141.669    
         593   1128.430    
         594   1145.375    
         595   1142.198    
         596   1144.846    
         597   1137.962    
         598   1135.314    
         599   1128.960    
         600   1106.190    
         601   1151.730    
         602   1117.310    
         603   1109.897    
         604   1129.489    
         605   1115.192    
         606   1136.903    
         607   1142.198    
         608   1102.483    
         609   1128.960    
         610   1135.314    
         611   1100.365    
         612   1124.194    
         613   1131.078    
         614   1109.897    
         615   1090.834    
         616   1110.956    
         617   1075.477    
         618   1102.483    
         619   1081.832    
         620   1085.538    
         621   1093.481    
         622   1089.775    
         623   1066.475    
         624   1113.074    
         625   1078.125    
         626   1145.375    
         627   1072.300    
         628   1106.190    
         629   1147.493    
         630   1128.430    
         631   1134.785    
         632   1108.838    
         633   1174.500    
         634   1133.726    
         635   1205.212    
         636   1135.314    
         637   1193.033    
         638   1192.504    
         639   1245.457    
         640   1236.984    
         641   1287.290    
         642   1319.061    
         643   1377.310    
         644   1399.021    
         645   1424.438    
         646   1485.864    
         647   1570.589    
         648   1641.546    
         649   1704.560    
         650   1790.873    
         651   1922.727    
         652   2013.276    
         653   2148.307    
         654   2274.865    
         655   2585.699    
         656   2902.888    
         657   3113.642    
         658   3431.360    
         659   3579.099    
         660   3073.927    
         661   2766.269    
         662   2544.925    
         663   2238.327    
         664   1965.619    
         665   1801.994    
         666   1609.244    
         667   1451.444    
         668   1321.709    
         669   1193.033    
         670   1136.373    
         671   1036.292    
         672   980.6912    
         673   967.9824    
         674   892.2595    
         675   865.7830    
         676   842.4836    
         677   844.6017    
         678   798.5326    
         679   783.1761    
         680   761.9949    
         681   757.2292    
         682   732.8707    
         683   714.8667    
         684   682.5653    
         685   684.6834    
         686   684.6834    
         687   678.8586    
         688   641.7914    
         689   661.3841    
         690   654.5002    
         691   625.3760    
         692   627.4941    
         693   602.0766    
         694   585.6611    
         695   593.6041    
         696   580.8954    
         697   562.8913    
         698   555.4779    
         699   552.3007    
         700   553.8893    
         701   539.0624    
         702   538.5329    
         703   542.2396    
         704   521.5879    
         705   532.7081    
         706   517.8812    
         707   514.7040    
         708   498.8181    
         709   488.2275    
         710   494.0523    
         711   497.7590    
         712   484.5208    
         713   470.2234    
         714   449.0422    
         715   486.1093    
         716   434.7448    
         717   453.2784    
         718   433.1562    
         719   416.7408    
         720   423.6247    
         721   420.4475    
         722   406.1502    
         723   419.3885    
         724   400.8549    
         725   388.1461    
         726   391.8528    
         727   375.4374    
         728   364.8468    
         729   365.9059    
         730   350.5494    
         731   335.7226    
         732   350.0199    
         733   329.3682    
         734   335.1931    
         735   315.0709    
         736   317.7185    
         737   310.3051    
         738   297.5963    
         739   301.3031    
         740   293.8896    
         741   275.8856    
         742   290.1829    
         743   259.9997    
         744   266.3540    
         745   247.2909    
         746   263.1768    
         747   256.8225    
         748   231.4050    
         749   250.9976    
         750   234.5822    
         751   249.4090    
         752   238.8184    
         753   233.5231    
         754   231.9345    
         755   232.9936    
         756   227.1687    
         757   229.8164    
         758   210.7533    
         759   217.1077    
         760   226.6392    
         761   217.1077    
         762   218.6963    
         763   214.4600    
         764   209.1647    
         765   216.0486    
         766   204.3989    
         767   199.1036    
         768   221.3439    
         769   193.2788    
         770   196.9855    
         771   200.6922    
         772   199.6331    
         773   196.4560    
         774   195.3969    
         775   189.0425    
         776   193.8083    
         777   195.3969    
         778   185.3358    
         779   185.8653    
         780   199.1036    
         781   185.8653    
         782   185.8653    
         783   191.1606    
         784   182.1586    
         785   182.1586    
         786   182.1586    
         787   184.8063    
         788   178.9814    
         789   180.0405    
         790   177.3929    
         791   165.2136    
         792   183.7472    
         793   173.6861    
         794   162.0365    
         795   192.7492    
         796   160.4479    
         797   167.8613    
         798   171.5680    
         799   162.0365    
         800   162.5660    
         801   156.7411    
         802   163.6250    
         803   162.5660    
         804   169.4499    
         805   160.9774    
         806   151.9754    
         807   163.6250    
         808   152.5049    
         809   161.5069    
         810   158.3297    
         811   156.7411    
         812   148.7982    
         813   160.9774    
         814   163.0955    
         815   139.2666    
         816   157.2707    
         817   148.2686    
         818   148.7982    
         819   143.5029    
         820   148.7982    
         821   160.4479    
         822   147.2096    
         823   143.5029    
         824   153.0344    
         825   146.1505    
         826   142.9733    
         827   147.2096    
         828   147.7391    
         829   144.5619    
         830   140.3257    
         831   151.4458    
         832   146.1505    
         833   133.4418    
         834   145.0915    
         835   141.9143    
         836   136.0894    
         837   147.7391    
         838   143.5029    
         839   149.8572    
         840   130.2646    
         841   157.2707    
         842   141.9143    
         843   140.8552    
         844   146.1505    
         845   146.1505    
         846   140.3257    
         847   150.9163    
         848   144.5619    
         849   148.7982    
         850   157.2707    
         851   146.6801    
         852   155.6821    
         853   153.0344    
         854   160.9774    
         855   154.0935    
         856   157.8002    
         857   157.8002    
         858   150.3868    
         859   172.0975    
         860   157.2707    
         861   157.2707    
         862   159.9183    
         863   168.9203    
         864   151.9754    
         865   145.6210    
         866   167.8613    
         867   162.0365    
         868   157.8002    
         869   142.9733    
         870   157.8002    
         871   157.8002    
         872   157.8002    
         873   156.7411    
         874   147.7391    
         875   150.9163    
         876   173.1566    
         877   150.3868    
         878   154.0935    
         879   153.0344    
         880   153.0344    
         881   151.9754    
         882   145.6210    
         883   159.3888    
         884   140.3257    
         885   144.0324    
         886   161.5069    
         887   138.2076    
         888   153.5639    
         889   137.6780    
         890   140.3257    
         891   132.3827    
         892   140.8552    
         893   136.6190    
         894   135.0304    
         895   128.6760    
         896   139.2666    
         897   124.9693    
         898   135.5599    
         899   127.0874    
         900   119.6740    
         901   123.3807    
         902   127.0874    
         903   119.6740    
         904   121.2626    
         905   121.7921    
         906   116.4968    
         907   109.6129    
         908   124.9693    
         909   112.2605    
         910   106.9652    
         911   111.2015    
         912   110.1424    
         913   107.4948    
         914   103.2585    
         915   97.43369    
         916   103.7881    
         917   101.6699    
         918   96.90415    
         919   95.31556    
         920   97.96321    
         921   97.96321    
         922   77.31151    
         923   77.84104    
         924   63.54370    
         925   56.65981    
         926   66.19136    
         927   57.71886    
         928   58.24840    
         929   56.65981    
         930   51.89403    
         931   54.54168    
         932   57.18933    
         933   49.77590    
         934   47.65778    
         935   52.95309    
         936   47.65778    
         937   44.48059    
         938   46.59872    
         939   46.06919    
         940   47.12825    
         941   48.71684    
         942   50.83496    
         943   42.89200    
         944   50.30544    
         945   42.36247    
         946   55.60074    
         947   43.95107    
         948   38.12622    
         949   50.83496    
         950   42.36247    
         951   45.01012    
         952   50.30544    
         953   39.18528    
         954   50.30544    
         955   45.01012    
         956   47.65778    
         957   47.12825    
         958   52.95309    
         959   48.71684    
         960   63.54370    
         961   99.55180    
         962   38.65575    
         963  0.5295309    
         964  0.0000000E+00
         965  0.0000000E+00
         966  0.0000000E+00
         967  0.0000000E+00
         968  0.0000000E+00
         969  0.0000000E+00
         970  0.0000000E+00
         971  0.0000000E+00
         972  0.0000000E+00
         973  0.0000000E+00
         974  0.0000000E+00
         975  0.0000000E+00
         976  0.0000000E+00
         977  0.0000000E+00
         978  0.0000000E+00
         979  0.0000000E+00
         980  0.0000000E+00
         981  0.0000000E+00
         982  0.0000000E+00
         983  0.0000000E+00
         984  0.0000000E+00
         985  0.0000000E+00
         986  0.0000000E+00
         987  0.0000000E+00
         988  0.0000000E+00
         989  0.0000000E+00
         990  0.0000000E+00
         991  0.0000000E+00
         992  0.0000000E+00
         993  0.0000000E+00
         994  0.0000000E+00
         995  0.0000000E+00
         996  0.0000000E+00
         997  0.0000000E+00
         998  0.0000000E+00
         999  0.0000000E+00
        1000  0.0000000E+00
        1001  0.0000000E+00
        1002  0.0000000E+00
        1003  0.0000000E+00
        1004  0.0000000E+00
        1005  0.0000000E+00
        1006  0.0000000E+00
        1007  0.0000000E+00
        1008  0.0000000E+00
        1009  0.0000000E+00
        1010  0.0000000E+00
        1011  0.0000000E+00
        1012  0.0000000E+00
        1013  0.0000000E+00
        1014  0.0000000E+00
        1015  0.0000000E+00
        1016  0.0000000E+00
        1017  0.0000000E+00
        1018  0.0000000E+00
        1019  0.0000000E+00
        1020  0.0000000E+00
        1021  0.0000000E+00
        1022  0.0000000E+00
        1023  0.0000000E+00
        1024  0.0000000E+00
