 #   Y    A
           1   9970.008    
           2  0.0000000E+00
           3  0.0000000E+00
           4  0.0000000E+00
           5  0.0000000E+00
           6  0.0000000E+00
           7  0.0000000E+00
           8  0.0000000E+00
           9  0.0000000E+00
          10  0.0000000E+00
          11  0.0000000E+00
          12  0.0000000E+00
          13  0.0000000E+00
          14  0.0000000E+00
          15  0.0000000E+00
          16  0.0000000E+00
          17  0.0000000E+00
          18  0.0000000E+00
          19  0.0000000E+00
          20  0.0000000E+00
          21  0.0000000E+00
          22  0.0000000E+00
          23  0.0000000E+00
          24  0.0000000E+00
          25  0.0000000E+00
          26  0.0000000E+00
          27  0.0000000E+00
          28  0.0000000E+00
          29  0.0000000E+00
          30  0.0000000E+00
          31  0.0000000E+00
          32  0.0000000E+00
          33  0.0000000E+00
          34  0.0000000E+00
          35  0.0000000E+00
          36  0.0000000E+00
          37  0.0000000E+00
          38  0.0000000E+00
          39  0.0000000E+00
          40  0.0000000E+00
          41  0.0000000E+00
          42  0.0000000E+00
          43  0.0000000E+00
          44  0.0000000E+00
          45  0.0000000E+00
          46  0.0000000E+00
          47  0.0000000E+00
          48  0.0000000E+00
          49  0.0000000E+00
          50  0.0000000E+00
          51  0.0000000E+00
          52  0.0000000E+00
          53  0.0000000E+00
          54  0.0000000E+00
          55  0.0000000E+00
          56  0.0000000E+00
          57  0.0000000E+00
          58  0.0000000E+00
          59  0.0000000E+00
          60  0.0000000E+00
          61  0.0000000E+00
          62  0.0000000E+00
          63  0.0000000E+00
          64  0.0000000E+00
          65  0.0000000E+00
          66  0.0000000E+00
          67  0.0000000E+00
          68  0.0000000E+00
          69  0.0000000E+00
          70  0.0000000E+00
          71  0.0000000E+00
          72  0.0000000E+00
          73  0.0000000E+00
          74  0.0000000E+00
          75  0.0000000E+00
          76  0.0000000E+00
          77  0.0000000E+00
          78  0.0000000E+00
          79  0.0000000E+00
          80  0.0000000E+00
          81  0.0000000E+00
          82  0.0000000E+00
          83  0.0000000E+00
          84  0.0000000E+00
          85  0.0000000E+00
          86  0.0000000E+00
          87  0.0000000E+00
          88  0.0000000E+00
          89  0.0000000E+00
          90  0.0000000E+00
          91  0.0000000E+00
          92  0.0000000E+00
          93  0.0000000E+00
          94  0.0000000E+00
          95  0.0000000E+00
          96  0.0000000E+00
          97  0.0000000E+00
          98   1.588593    
          99   2.647655    
         100   5.824840    
         101   10.59062    
         102   13.76780    
         103   13.76780    
         104   13.23827    
         105   14.82686    
         106   15.35640    
         107   18.53358    
         108   16.94499    
         109   13.76780    
         110   15.88593    
         111   20.12217    
         112   14.29733    
         113   16.41546    
         114   15.35640    
         115   13.23827    
         116   14.82686    
         117   16.94499    
         118   12.17921    
         119   15.35640    
         120   15.35640    
         121   23.29936    
         122   24.35842    
         123   18.53358    
         124   11.64968    
         125   17.47452    
         126   18.00405    
         127   16.41546    
         128   11.12015    
         129   20.12217    
         130   22.76983    
         131   16.94499    
         132   16.41546    
         133   21.18124    
         134   19.06311    
         135   19.59264    
         136   19.06311    
         137   19.06311    
         138   20.65170    
         139   19.59264    
         140   20.65170    
         141   19.06311    
         142   19.06311    
         143   22.76983    
         144   22.24030    
         145   21.71077    
         146   22.76983    
         147   18.53358    
         148   21.18124    
         149   20.12217    
         150   16.94499    
         151   21.71077    
         152   25.41748    
         153   28.06514    
         154   22.76983    
         155   22.24030    
         156   22.76983    
         157   22.24030    
         158   27.00607    
         159   21.18124    
         160   29.65373    
         161   21.18124    
         162   23.82889    
         163   24.88795    
         164   24.88795    
         165   30.71279    
         166   24.35842    
         167   30.71279    
         168   27.53561    
         169   25.41748    
         170   28.59467    
         171   33.36045    
         172   29.12420    
         173   32.30138    
         174   30.18326    
         175   31.24232    
         176   39.71482    
         177   30.71279    
         178   30.18326    
         179   32.83091    
         180   38.65575    
         181   36.53763    
         182   45.01012    
         183   27.53561    
         184   32.83091    
         185   41.83294    
         186   39.18528    
         187   35.47857    
         188   43.95107    
         189   41.30341    
         190   37.06716    
         191   51.36450    
         192   63.01418    
         193   48.71684    
         194   48.71684    
         195   51.36449    
         196   58.24840    
         197   59.83699    
         198   63.54370    
         199   78.90010    
         200   70.95714    
         201   70.95714    
         202   91.07932    
         203   92.13837    
         204   85.25447    
         205   97.96321    
         206   111.2015    
         207   109.0834    
         208   121.7921    
         209   125.4988    
         210   157.8002    
         211   116.4968    
         212   145.6210    
         213   129.2055    
         214   141.3848    
         215   131.8532    
         216   139.7962    
         217   131.8532    
         218   137.1485    
         219   121.7921    
         220   119.1444    
         221   119.1444    
         222   130.2646    
         223   118.0854    
         224   105.9062    
         225   121.2626    
         226   114.9082    
         227   94.78603    
         228   120.2035    
         229   111.7310    
         230   106.9652    
         231   99.02228    
         232   111.7310    
         233   108.0243    
         234   99.02228    
         235   103.2585    
         236   106.4357    
         237   96.90415    
         238   106.4357    
         239   105.3766    
         240   105.9062    
         241   98.49274    
         242   110.1424    
         243   104.3176    
         244   101.6699    
         245   110.6720    
         246   111.7310    
         247   103.2585    
         248   113.3196    
         249   103.7881    
         250   126.5579    
         251   105.9062    
         252   115.4377    
         253   115.9673    
         254   106.4357    
         255   112.7901    
         256   113.8491    
         257   124.9693    
         258   114.3787    
         259   127.6169    
         260   112.7901    
         261   123.9102    
         262   126.0284    
         263   119.1444    
         264   121.7921    
         265   124.4398    
         266   138.2076    
         267   127.0874    
         268   134.5008    
         269   135.0304    
         270   138.7371    
         271   137.1485    
         272   139.7962    
         273   128.6760    
         274   153.0344    
         275   149.3277    
         276   139.2666    
         277   156.2116    
         278   152.5049    
         279   134.5008    
         280   147.2096    
         281   144.0324    
         282   157.2707    
         283   140.8552    
         284   157.2707    
         285   150.3868    
         286   145.6210    
         287   149.3277    
         288   144.5619    
         289   144.5619    
         290   145.6210    
         291   149.8572    
         292   151.4458    
         293   140.3257    
         294   142.4438    
         295   143.5029    
         296   135.0304    
         297   138.7371    
         298   138.7371    
         299   133.4418    
         300   139.2666    
         301   137.1485    
         302   123.3807    
         303   130.7941    
         304   129.7351    
         305   115.9673    
         306   135.5599    
         307   131.8532    
         308   136.0894    
         309   124.4398    
         310   136.0894    
         311   128.6760    
         312   114.9082    
         313   132.3827    
         314   130.7941    
         315   127.6169    
         316   130.2646    
         317   138.2076    
         318   128.1465    
         319   120.2035    
         320   137.1485    
         321   129.2055    
         322   136.0894    
         323   131.3237    
         324   133.9713    
         325   133.4418    
         326   137.6780    
         327   145.0915    
         328   130.2646    
         329   129.2055    
         330   139.7962    
         331   142.4438    
         332   127.6169    
         333   138.7371    
         334   139.2666    
         335   151.9754    
         336   125.4988    
         337   152.5049    
         338   148.2686    
         339   137.1485    
         340   141.9143    
         341   153.0344    
         342   135.0304    
         343   150.3868    
         344   140.8552    
         345   145.0915    
         346   140.3257    
         347   149.8572    
         348   144.0324    
         349   141.9143    
         350   149.8572    
         351   147.2096    
         352   151.4458    
         353   150.3868    
         354   138.2076    
         355   146.6801    
         356   148.2686    
         357   135.5599    
         358   156.2116    
         359   133.9713    
         360   154.0935    
         361   140.3257    
         362   148.7982    
         363   151.9754    
         364   148.2686    
         365   153.5640    
         366   154.0935    
         367   149.3277    
         368   157.8002    
         369   154.6230    
         370   159.3888    
         371   161.5069    
         372   151.9754    
         373   162.0365    
         374   162.5660    
         375   179.5110    
         376   158.8593    
         377   173.1566    
         378   175.8042    
         379   158.8593    
         380   180.0405    
         381   186.3949    
         382   171.0385    
         383   185.3358    
         384   192.7492    
         385   195.3969    
         386   192.2197    
         387   192.7492    
         388   203.8694    
         389   192.7492    
         390   214.9895    
         391   206.5170    
         392   216.5781    
         393   219.2258    
         394   217.6372    
         395   219.7553    
         396   217.6372    
         397   227.6983    
         398   227.1687    
         399   244.1137    
         400   251.5272    
         401   238.8184    
         402   243.0547    
         403   237.7594    
         404   242.5251    
         405   244.1137    
         406   266.3540    
         407   258.9406    
         408   273.2379    
         409   263.1768    
         410   282.7695    
         411   278.0037    
         412   270.5903    
         413   265.2950    
         414   282.2400    
         415   282.2400    
         416   292.3011    
         417   294.9487    
         418   290.1829    
         419   284.3581    
         420   286.4762    
         421   280.6514    
         422   301.8326    
         423   301.3031    
         424   284.8876    
         425   302.3621    
         426   297.0668    
         427   293.8896    
         428   298.6554    
         429   292.3011    
         430   281.1809    
         431   306.5984    
         432   299.1849    
         433   298.1259    
         434   286.4762    
         435   323.0138    
         436   329.8977    
         437   313.4823    
         438   329.8977    
         439   317.1890    
         440   341.5474    
         441   315.0709    
         442   328.3091    
         443   345.7837    
         444   346.3132    
         445   348.4313    
         446   361.1401    
         447   346.8427    
         448   364.3173    
         449   377.5555    
         450   389.7347    
         451   379.1441    
         452   374.9079    
         453   404.5616    
         454   392.3824    
         455   392.9119    
         456   388.6757    
         457   391.8528    
         458   402.9730    
         459   426.8019    
         460   399.7958    
         461   437.3925    
         462   433.6858    
         463   427.3314    
         464   448.5127    
         465   447.9831    
         466   428.9200    
         467   450.1013    
         468   440.5697    
         469   483.4617    
         470   443.7469    
         471   463.8690    
         472   459.1033    
         473   472.8711    
         474   446.9241    
         475   479.7550    
         476   452.7489    
         477   454.8670    
         478   477.1073    
         479   453.2784    
         480   485.0503    
         481   466.5167    
         482   453.8080    
         483   486.1093    
         484   480.8140    
         485   483.9912    
         486   482.4026    
         487   490.8751    
         488   518.4107    
         489   484.5208    
         490   497.7590    
         491   536.4148    
         492   477.1073    
         493   515.2335    
         494   514.1745    
         495   539.5920    
         496   519.9993    
         497   522.6470    
         498   489.8161    
         499   509.4087    
         500   551.2416    
         501   506.2315    
         502   491.9342    
         503   539.0624    
         504   500.4067    
         505   514.7040    
         506   535.8853    
         507   504.1134    
         508   539.0624    
         509   530.5900    
         510   504.6429    
         511   533.7672    
         512   508.3496    
         513   529.5309    
         514   534.8262    
         515   493.5228    
         516   498.8181    
         517   527.9423    
         518   545.9464    
         519   529.0013    
         520   549.1235    
         521   532.1785    
         522   539.0624    
         523   565.5390    
         524   539.0624    
         525   528.4718    
         526   532.1785    
         527   549.1235    
         528   524.7651    
         529   561.8323    
         530   562.3618    
         531   561.3027    
         532   559.1846    
         533   544.3577    
         534   612.1377    
         535   531.1194    
         536   602.6061    
         537   592.5450    
         538   581.9545    
         539   591.4860    
         540   622.7283    
         541   577.1887    
         542   651.8525    
         543   605.2538    
         544   624.8464    
         545   594.6632    
         546   632.7894    
         547   672.5042    
         548   591.4860    
         549   632.7894    
         550   641.7914    
         551   634.3780    
         552   685.2130    
         553   682.0358    
         554   639.1438    
         555   687.3311    
         556   646.5572    
         557   676.2109    
         558   632.2599    
         559   642.8505    
         560   621.1397    
         561   670.9156    
         562   651.3230    
         563   650.2639    
         564   624.8464    
         565   655.5592    
         566   607.9014    
         567   669.3270    
         568   626.4351    
         569   661.3841    
         570   632.2599    
         571   657.1478    
         572   625.9055    
         573   638.6143    
         574   630.6713    
         575   638.6143    
         576   643.3800    
         577   633.8484    
         578   629.6122    
         579   627.4941    
         580   632.2599    
         581   656.6183    
         582   614.2558    
         583   637.0256    
         584   634.9075    
         585   650.7935    
         586   643.3800    
         587   650.2639    
         588   651.8525    
         589   654.5002    
         590   632.7894    
         591   662.9727    
         592   642.3210    
         593   652.9116    
         594   641.2619    
         595   643.9095    
         596   640.2028    
         597   649.2048    
         598   639.6733    
         599   652.9116    
         600   644.9686    
         601   635.4371    
         602   652.9116    
         603   644.4391    
         604   664.5613    
         605   655.5592    
         606   661.9136    
         607   648.1458    
         608   669.3270    
         609   660.8546    
         610   661.9136    
         611   646.0277    
         612   677.2700    
         613   648.1458    
         614   669.8566    
         615   644.9686    
         616   657.1478    
         617   672.5042    
         618   652.9116    
         619   665.0908    
         620   671.4451    
         621   661.9136    
         622   668.2679    
         623   653.4411    
         624   673.0338    
         625   650.7935    
         626   668.7975    
         627   675.6814    
         628   669.8566    
         629   693.1559    
         630   658.2069    
         631   696.3331    
         632   668.2679    
         633   669.8566    
         634   697.3922    
         635   674.6223    
         636   687.3311    
         637   687.8606    
         638   684.1539    
         639   691.0378    
         640   667.2089    
         641   697.9217    
         642   706.9237    
         643   670.9156    
         644   699.5103    
         645   686.2720    
         646   687.8606    
         647   714.8667    
         648   661.9136    
         649   715.9258    
         650   681.5062    
         651   692.0969    
         652   687.8606    
         653   691.5673    
         654   707.4532    
         655   697.9217    
         656   675.1519    
         657   691.5673    
         658   710.1009    
         659   678.8586    
         660   713.2781    
         661   702.6875    
         662   670.3861    
         663   690.5083    
         664   689.9788    
         665   701.6284    
         666   678.8586    
         667   669.3270    
         668   695.2740    
         669   674.6223    
         670   679.3881    
         671   685.2130    
         672   675.6814    
         673   669.8566    
         674   678.8586    
         675   672.5042    
         676   656.0887    
         677   657.6774    
         678   685.7425    
         679   637.5552    
         680   682.0358    
         681   661.3841    
         682   657.6774    
         683   654.5002    
         684   658.7364    
         685   638.6143    
         686   656.0887    
         687   628.0236    
         688   677.2700    
         689   625.3760    
         690   662.4431    
         691   615.8444    
         692   632.7894    
         693   631.7303    
         694   637.0256    
         695   620.6102    
         696   613.1968    
         697   642.3210    
         698   592.5450    
         699   605.2538    
         700   617.9625    
         701   612.1377    
         702   607.9014    
         703   595.7222    
         704   613.7263    
         705   611.0786    
         706   593.0746    
         707   605.2538    
         708   585.6611    
         709   600.4880    
         710   588.3088    
         711   579.8363    
         712   602.0766    
         713   594.1337    
         714   574.5410    
         715   575.0706    
         716   596.7813    
         717   582.4839    
         718   565.0095    
         719   573.4819    
         720   590.4269    
         721   566.5980    
         722   581.9544    
         723   579.8363    
         724   568.1866    
         725   589.3679    
         726   567.1276    
         727   594.6632    
         728   557.0665    
         729   577.1887    
         730   584.6021    
         731   557.0665    
         732   598.8994    
         733   583.0135    
         734   588.8383    
         735   592.0155    
         736   569.7752    
         737   584.0726    
         738   575.0706    
         739   581.9545    
         740   576.1296    
         741   580.8954    
         742   571.3638    
         743   595.1927    
         744   595.1927    
         745   582.4839    
         746   605.2538    
         747   583.0135    
         748   589.3679    
         749   586.1907    
         750   590.4269    
         751   594.6632    
         752   579.3068    
         753   587.2498    
         754   605.7833    
         755   586.1907    
         756   596.2518    
         757   588.8383    
         758   603.1357    
         759   621.1397    
         760   580.8954    
         761   634.3780    
         762   595.7222    
         763   633.8484    
         764   621.6693    
         765   624.3169    
         766   637.0256    
         767   628.0236    
         768   640.7324    
         769   654.5002    
         770   639.1438    
         771   654.5002    
         772   668.7975    
         773   647.6163    
         774   684.6834    
         775   679.3881    
         776   691.0378    
         777   714.3372    
         778   713.8076    
         779   718.0439    
         780   730.7526    
         781   751.9338    
         782   776.8218    
         783   794.2963    
         784   781.5876    
         785   841.9541    
         786   856.7809    
         787   902.8502    
         788   939.3878    
         789   1013.522    
         790   1090.834    
         791   1130.548    
         792   1311.118    
         793   1462.564    
         794   1616.128    
         795   1945.496    
         796   2108.062    
         797   2155.720    
         798   1869.774    
         799   1449.326    
         800   1125.783    
         801   951.5670    
         802   812.3004    
         803   751.9338    
         804   647.0867    
         805   577.1887    
         806   544.8873    
         807   515.7631    
         808   480.2845    
         809   443.2173    
         810   430.5086    
         811   392.3824    
         812   399.7958    
         813   360.0810    
         814   364.8468    
         815   341.5474    
         816   326.1910    
         817   314.5414    
         818   310.8346    
         819   294.9487    
         820   292.3011    
         821   269.0017    
         822   287.5353    
         823   258.9406    
         824   260.5292    
         825   265.8245    
         826   257.3520    
         827   252.5862    
         828   229.8164    
         829   249.4090    
         830   234.0527    
         831   230.3459    
         832   235.1117    
         833   230.3459    
         834   221.8734    
         835   233.5231    
         836   211.2828    
         837   220.8144    
         838   208.6352    
         839   211.2828    
         840   209.1647    
         841   207.0466    
         842   210.2238    
         843   207.5761    
         844   200.6922    
         845   203.3399    
         846   204.3989    
         847   203.3399    
         848   211.8123    
         849   194.3378    
         850   198.0446    
         851   189.0425    
         852   196.9855    
         853   187.4539    
         854   194.3378    
         855   188.5130    
         856   200.6922    
         857   187.4539    
         858   183.7472    
         859   199.6331    
         860   189.5721    
         861   193.2788    
         862   184.2767    
         863   196.9855    
         864   181.6291    
         865   187.9835    
         866   194.8674    
         867   190.1016    
         868   181.0996    
         869   193.8083    
         870   182.6882    
         871   173.6861    
         872   198.0446    
         873   179.5110    
         874   172.0975    
         875   184.2767    
         876   189.5721    
         877   179.5110    
         878   167.8613    
         879   180.5700    
         880   168.9203    
         881   168.9203    
         882   149.8572    
         883   184.8063    
         884   153.0344    
         885   159.3888    
         886   164.6841    
         887   155.6821    
         888   148.2686    
         889   146.6801    
         890   144.0324    
         891   154.0935    
         892   139.7962    
         893   150.9163    
         894   141.9143    
         895   151.4458    
         896   131.8532    
         897   143.5029    
         898   134.5008    
         899   139.2666    
         900   131.8532    
         901   136.0894    
         902   137.1485    
         903   135.5599    
         904   122.3216    
         905   127.6169    
         906   129.2055    
         907   126.5579    
         908   119.1444    
         909   125.4988    
         910   129.2055    
         911   115.4377    
         912   125.4988    
         913   118.6149    
         914   113.8491    
         915   115.9673    
         916   110.6720    
         917   107.4948    
         918   117.0263    
         919   105.9062    
         920   104.3176    
         921   110.1424    
         922   102.1995    
         923   92.13837    
         924   105.9062    
         925   88.96119    
         926   99.02228    
         927   92.13837    
         928   90.02025    
         929   95.84509    
         930   90.02025    
         931   99.02228    
         932   80.48869    
         933   91.07932    
         934   84.72495    
         935   83.66588    
         936   82.07729    
         937   78.90010    
         938   76.78198    
         939   77.31151    
         940   75.19338    
         941   75.72292    
         942   76.78198    
         943   72.54573    
         944   70.42760    
         945   75.72292    
         946   72.01620    
         947   66.72089    
         948   64.07323    
         949   72.01620    
         950   68.30949    
         951   60.36652    
         952   68.30949    
         953   58.77793    
         954   60.89605    
         955   63.54370    
         956   60.89605    
         957   56.13028    
         958   58.77793    
         959   52.95309    
         960   54.54168    
         961   60.36652    
         962   55.07121    
         963   56.65981    
         964   59.30746    
         965   48.18731    
         966   60.89605    
         967   54.54168    
         968   53.48262    
         969   58.77793    
         970   56.13028    
         971   55.07121    
         972   52.95309    
         973   56.65981    
         974   53.48262    
         975   56.65981    
         976   51.36450    
         977   50.30544    
         978   54.01215    
         979   49.24637    
         980   54.54168    
         981   60.36652    
         982   50.30544    
         983   54.54168    
         984   52.95309    
         985   60.36652    
         986   56.13027    
         987   47.65778    
         988   54.54168    
         989   54.54168    
         990   58.24840    
         991   50.30544    
         992   51.36449    
         993   50.83496    
         994   51.89403    
         995   55.07121    
         996   55.60074    
         997   51.89403    
         998   55.07121    
         999   47.12825    
        1000   47.12825    
        1001   46.06919    
        1002   48.71684    
        1003   52.42356    
        1004   52.42356    
        1005   47.65778    
        1006   48.18731    
        1007   41.30341    
        1008   52.42356    
        1009   48.71684    
        1010   50.30544    
        1011   51.36449    
        1012   44.48059    
        1013   42.36247    
        1014   48.71684    
        1015   45.53966    
        1016   49.77590    
        1017   39.71482    
        1018   51.36449    
        1019   52.95309    
        1020   40.24435    
        1021   51.36449    
        1022   40.24435    
        1023   43.42153    
        1024   45.53966    
