 #   Y    A
           1  0.0000000E+00
           2  0.0000000E+00
           3  0.0000000E+00
           4  0.0000000E+00
           5  0.0000000E+00
           6  0.0000000E+00
           7  0.0000000E+00
           8  0.0000000E+00
           9  0.0000000E+00
          10  0.0000000E+00
          11  0.0000000E+00
          12  0.0000000E+00
          13  0.0000000E+00
          14  0.0000000E+00
          15  0.0000000E+00
          16  0.0000000E+00
          17  0.0000000E+00
          18  0.0000000E+00
          19  0.0000000E+00
          20  0.0000000E+00
          21  0.0000000E+00
          22  0.0000000E+00
          23  0.0000000E+00
          24  0.0000000E+00
          25  0.0000000E+00
          26  0.0000000E+00
          27  0.0000000E+00
          28  0.0000000E+00
          29  0.0000000E+00
          30  0.0000000E+00
          31  0.0000000E+00
          32  0.0000000E+00
          33  0.0000000E+00
          34  0.0000000E+00
          35  0.0000000E+00
          36  0.0000000E+00
          37  0.0000000E+00
          38  0.0000000E+00
          39  0.0000000E+00
          40  0.0000000E+00
          41  0.0000000E+00
          42  0.0000000E+00
          43  0.0000000E+00
          44  0.0000000E+00
          45  0.0000000E+00
          46  0.0000000E+00
          47  0.0000000E+00
          48  0.0000000E+00
          49  0.0000000E+00
          50  0.0000000E+00
          51  0.0000000E+00
          52  0.0000000E+00
          53  0.0000000E+00
          54  0.0000000E+00
          55  0.0000000E+00
          56  0.0000000E+00
          57  0.0000000E+00
          58  0.0000000E+00
          59  0.0000000E+00
          60  0.0000000E+00
          61  0.0000000E+00
          62  0.0000000E+00
          63  0.0000000E+00
          64  0.0000000E+00
          65  0.0000000E+00
          66  0.0000000E+00
          67  0.0000000E+00
          68  0.0000000E+00
          69  0.0000000E+00
          70  0.0000000E+00
          71  0.0000000E+00
          72  0.0000000E+00
          73  0.0000000E+00
          74  0.0000000E+00
          75  0.0000000E+00
          76  0.0000000E+00
          77  0.0000000E+00
          78  0.0000000E+00
          79  0.0000000E+00
          80  0.0000000E+00
          81  0.0000000E+00
          82  0.0000000E+00
          83  0.0000000E+00
          84  0.0000000E+00
          85  0.0000000E+00
          86  0.0000000E+00
          87  0.0000000E+00
          88  0.0000000E+00
          89  0.0000000E+00
          90  0.0000000E+00
          91  0.0000000E+00
          92  0.0000000E+00
          93  0.0000000E+00
          94  0.0000000E+00
          95  0.0000000E+00
          96  0.0000000E+00
          97  0.0000000E+00
          98  0.0000000E+00
          99  0.0000000E+00
         100  0.0000000E+00
         101  0.0000000E+00
         102  0.0000000E+00
         103  0.0000000E+00
         104  0.0000000E+00
         105  0.0000000E+00
         106  0.0000000E+00
         107  0.0000000E+00
         108  0.0000000E+00
         109  0.0000000E+00
         110  0.0000000E+00
         111  0.0000000E+00
         112  0.0000000E+00
         113  0.0000000E+00
         114  0.0000000E+00
         115  0.0000000E+00
         116  0.0000000E+00
         117  0.0000000E+00
         118  0.0000000E+00
         119  0.0000000E+00
         120  0.0000000E+00
         121  0.0000000E+00
         122  0.0000000E+00
         123  0.0000000E+00
         124  0.0000000E+00
         125  0.0000000E+00
         126  0.0000000E+00
         127  0.0000000E+00
         128  0.0000000E+00
         129  0.0000000E+00
         130  0.0000000E+00
         131  0.0000000E+00
         132  0.0000000E+00
         133  0.0000000E+00
         134  0.0000000E+00
         135  0.0000000E+00
         136  0.0000000E+00
         137  0.0000000E+00
         138  0.0000000E+00
         139  0.0000000E+00
         140  0.0000000E+00
         141  0.0000000E+00
         142  0.0000000E+00
         143  0.0000000E+00
         144  0.0000000E+00
         145  0.0000000E+00
         146  0.0000000E+00
         147  0.0000000E+00
         148  0.0000000E+00
         149  0.0000000E+00
         150  0.0000000E+00
         151  0.0000000E+00
         152  0.0000000E+00
         153  0.0000000E+00
         154  0.0000000E+00
         155  0.0000000E+00
         156  0.0000000E+00
         157  0.0000000E+00
         158  0.0000000E+00
         159  0.0000000E+00
         160  0.0000000E+00
         161  0.0000000E+00
         162  0.0000000E+00
         163  0.0000000E+00
         164  0.0000000E+00
         165  0.0000000E+00
         166  0.0000000E+00
         167  0.0000000E+00
         168  0.0000000E+00
         169  0.0000000E+00
         170  0.0000000E+00
         171  0.0000000E+00
         172  0.0000000E+00
         173  0.0000000E+00
         174  0.0000000E+00
         175  0.0000000E+00
         176  0.0000000E+00
         177  0.0000000E+00
         178  0.0000000E+00
         179  0.0000000E+00
         180  0.0000000E+00
         181  0.0000000E+00
         182  0.0000000E+00
         183  0.0000000E+00
         184  0.0000000E+00
         185  0.0000000E+00
         186  0.0000000E+00
         187  0.0000000E+00
         188  0.0000000E+00
         189  0.0000000E+00
         190  0.0000000E+00
         191  0.0000000E+00
         192  0.0000000E+00
         193  0.0000000E+00
         194  0.0000000E+00
         195  0.0000000E+00
         196  0.0000000E+00
         197  0.0000000E+00
         198  0.0000000E+00
         199  0.0000000E+00
         200  0.0000000E+00
         201  0.0000000E+00
         202  0.0000000E+00
         203  0.0000000E+00
         204  0.0000000E+00
         205  0.0000000E+00
         206  0.0000000E+00
         207  0.0000000E+00
         208  0.0000000E+00
         209  0.0000000E+00
         210  0.0000000E+00
         211  0.0000000E+00
         212  0.0000000E+00
         213  0.0000000E+00
         214  0.0000000E+00
         215  0.0000000E+00
         216  0.0000000E+00
         217  0.0000000E+00
         218  0.0000000E+00
         219  0.0000000E+00
         220  0.0000000E+00
         221  0.0000000E+00
         222  0.0000000E+00
         223  0.0000000E+00
         224  0.0000000E+00
         225  0.0000000E+00
         226  0.0000000E+00
         227  0.0000000E+00
         228  0.0000000E+00
         229  0.0000000E+00
         230  0.0000000E+00
         231  0.0000000E+00
         232  0.0000000E+00
         233  0.0000000E+00
         234  0.0000000E+00
         235  0.0000000E+00
         236  0.0000000E+00
         237  0.0000000E+00
         238  0.0000000E+00
         239  0.0000000E+00
         240  0.0000000E+00
         241  0.0000000E+00
         242  0.0000000E+00
         243  0.0000000E+00
         244  0.0000000E+00
         245  0.0000000E+00
         246  0.0000000E+00
         247  0.0000000E+00
         248  0.0000000E+00
         249  0.0000000E+00
         250  0.0000000E+00
         251  0.0000000E+00
         252  0.0000000E+00
         253  0.0000000E+00
         254  0.0000000E+00
         255  0.0000000E+00
         256  0.0000000E+00
         257  0.0000000E+00
         258  0.0000000E+00
         259  0.0000000E+00
         260  0.0000000E+00
         261  0.0000000E+00
         262  0.0000000E+00
         263  0.0000000E+00
         264  0.0000000E+00
         265  0.0000000E+00
         266  0.0000000E+00
         267  0.0000000E+00
         268  0.0000000E+00
         269  0.0000000E+00
         270  0.0000000E+00
         271  0.0000000E+00
         272  0.0000000E+00
         273  0.0000000E+00
         274  0.0000000E+00
         275  0.0000000E+00
         276  0.0000000E+00
         277  0.0000000E+00
         278  0.0000000E+00
         279  0.0000000E+00
         280   1.588593    
         281   7.942963    
         282   13.76780    
         283   18.53358    
         284   20.12217    
         285   20.65170    
         286   22.24030    
         287   23.82889    
         288   24.88795    
         289   22.24030    
         290   28.06514    
         291   15.88593    
         292   27.53561    
         293   17.47452    
         294   23.29936    
         295   38.12622    
         296   28.06514    
         297   21.71077    
         298   29.12420    
         299   19.06311    
         300   26.47654    
         301   25.94701    
         302   27.00607    
         303   23.82889    
         304   33.36045    
         305   22.24030    
         306   25.94701    
         307   28.59467    
         308   27.00607    
         309   30.18326    
         310   28.06514    
         311   33.88998    
         312   24.35842    
         313   29.65373    
         314   22.76983    
         315   31.77185    
         316   39.71482    
         317   32.30138    
         318   28.59467    
         319   34.94904    
         320   31.77185    
         321   29.65373    
         322   23.82889    
         323   31.24232    
         324   28.59467    
         325   27.00607    
         326   37.59669    
         327   31.24232    
         328   37.06716    
         329   36.00810    
         330   30.71279    
         331   34.41951    
         332   30.71279    
         333   33.36045    
         334   31.24232    
         335   43.95107    
         336   33.88998    
         337   42.36247    
         338   42.36247    
         339   31.24232    
         340   43.42153    
         341   37.59669    
         342   30.18326    
         343   37.06716    
         344   34.41951    
         345   50.83496    
         346   45.01012    
         347   39.71482    
         348   37.59669    
         349   34.94904    
         350   46.06919    
         351   60.89605    
         352   38.65575    
         353   58.77793    
         354   48.18731    
         355   43.42153    
         356   45.53966    
         357   54.54168    
         358   43.95107    
         359   52.42356    
         360   41.83294    
         361   63.54370    
         362   62.48465    
         363   47.12825    
         364   55.07121    
         365   50.83496    
         366   68.83901    
         367   67.77995    
         368   49.77590    
         369   86.84306    
         370   64.07323    
         371   70.42760    
         372   75.19339    
         373   82.60682    
         374   83.66588    
         375   78.37057    
         376   87.37260    
         377   109.6129    
         378   91.07932    
         379   99.02228    
         380   97.43369    
         381   111.2015    
         382   118.6149    
         383   126.0284    
         384   130.2646    
         385   132.3827    
         386   145.6210    
         387   159.9183    
         388   183.2177    
         389   179.5110    
         390   180.0405    
         391   202.2808    
         392   210.2238    
         393   209.1647    
         394   227.6983    
         395   249.9386    
         396   256.2929    
         397   275.3560    
         398   269.5312    
         399   253.6453    
         400   279.0628    
         401   288.5943    
         402   277.4742    
         403   304.4803    
         404   297.0668    
         405   280.1218    
         406   288.0648    
         407   307.6574    
         408   280.1218    
         409   292.8306    
         410   289.1239    
         411   310.3051    
         412   283.8286    
         413   297.0668    
         414   293.8896    
         415   318.2480    
         416   321.4252    
         417   318.7776    
         418   364.8468    
         419   336.7816    
         420   344.7246    
         421   392.9119    
         422   393.4414    
         423   400.8549    
         424   421.5066    
         425   454.3375    
         426   482.9322    
         427   521.0584    
         428   516.2926    
         429   557.0665    
         430   600.4880    
         431   550.7121    
         432   567.1276    
         433   595.7222    
         434   624.3169    
         435   605.2538    
         436   635.9666    
         437   634.9075    
         438   684.1539    
         439   653.9706    
         440   700.5693    
         441   683.6244    
         442   772.5856    
         443   782.1171    
         444   751.9338    
         445   835.0702    
         446   840.8950    
         447   848.8380    
         448   909.2045    
         449   840.8950    
         450   906.0273    
         451   885.9052    
         452   913.9703    
         453   848.3085    
         454   937.2697    
         455   890.6710    
         456   892.7891    
         457   898.6139    
         458   901.7911    
         459   852.5447    
         460   884.8461    
         461   905.4978    
         462   875.3146    
         463   891.7300    
         464   870.0192    
         465   872.6669    
         466   920.3247    
         467   870.0192    
         468   897.0253    
         469   937.2697    
         470   908.1454    
         471   888.5528    
         472   960.5690    
         473   925.6200    
         474   970.6301    
         475   952.0965    
         476   991.8113    
         477   1009.815    
         478   1022.524    
         479   1005.579    
         480   1039.469    
         481   1059.062    
         482   1072.300    
         483   1050.060    
         484   1090.834    
         485   1049.001    
         486   1083.420    
         487   1064.357    
         488   1108.308    
         489   1072.300    
         490   1115.192    
         491   1071.241    
         492   1100.365    
         493   1136.373    
         494   1071.241    
         495   1105.661    
         496   1104.601    
         497   1144.846    
         498   1098.777    
         499   1144.316    
         500   1140.609    
         501   1126.842    
         502   1139.550    
         503   1180.324    
         504   1144.316    
         505   1161.261    
         506   1161.261    
         507   1176.618    
         508   1176.088    
         509   1184.031    
         510   1203.094    
         511   1186.679    
         512   1203.094    
         513   1142.198    
         514   1184.561    
         515   1236.455    
         516   1204.153    
         517   1220.039    
         518   1252.341    
         519   1214.214    
         520   1258.165    
         521   1230.630    
         522   1240.161    
         523   1230.630    
         524   1260.283    
         525   1267.167    
         526   1259.754    
         527   1314.296    
         528   1263.461    
         529   1299.469    
         530   1322.768    
         531   1355.599    
         532   1343.949    
         533   1372.544    
         534   1393.196    
         535   1366.190    
         536   1403.786    
         537   1371.485    
         538   1400.609    
         539   1413.847    
         540   1447.208    
         541   1416.495    
         542   1425.497    
         543   1394.784    
         544   1369.367    
         545   1411.200    
         546   1391.078    
         547   1352.951    
         548   1358.776    
         549   1379.958    
         550   1371.485    
         551   1372.015    
         552   1392.666    
         553   1401.668    
         554   1413.847    
         555   1416.495    
         556   1391.607    
         557   1475.273    
         558   1446.678    
         559   1500.161    
         560   1454.092    
         561   1541.464    
         562   1529.285    
         563   1596.006    
         564   1592.299    
         565   1634.132    
         566   1661.668    
         567   1686.026    
         568   1730.507    
         569   1801.994    
         570   1812.584    
         571   1841.179    
         572   1908.429    
         573   1948.674    
         574   2015.395    
         575   2003.215    
         576   2114.946    
         577   2238.327    
         578   2342.115    
         579   2487.207    
         580   2523.215    
         581   2738.204    
         582   2981.788    
         583   3365.169    
         584   3995.311    
         585   4779.016    
         586   5730.583    
         587   6127.202    
         588   6178.037    
         589   5770.298    
         590   4735.065    
         591   3904.231    
         592   3300.036    
         593   2838.815    
         594   2565.577    
         595   2375.476    
         596   2215.028    
         597   2104.356    
         598   2051.932    
         599   1923.256    
         600   1813.643    
         601   1795.639    
         602   1687.085    
         603   1619.305    
         604   1543.053    
         605   1546.230    
         606   1469.448    
         607   1441.383    
         608   1396.373    
         609   1349.774    
         610   1288.349    
         611   1270.874    
         612   1279.347    
         613   1219.510    
         614   1213.685    
         615   1160.202    
         616   1104.072    
         617   1059.062    
         618   1054.826    
         619   1017.758    
         620   981.2207    
         621   988.1046    
         622   945.7422    
         623   910.2636    
         624   918.7361    
         625   862.0763    
         626   875.3145    
         627   837.1884    
         628   871.6078    
         629   817.5957    
         630   818.6547    
         631   819.7138    
         632   787.4124    
         633   806.4755    
         634   787.4124    
         635   759.8768    
         636   745.0499    
         637   784.7648    
         638   777.3513    
         639   734.9889    
         640   721.7506    
         641   732.3412    
         642   715.9258    
         643   706.9237    
         644   706.3942    
         645   670.9156    
         646   694.2150    
         647   656.0887    
         648   675.1519    
         649   646.0276    
         650   651.3230    
         651   622.7283    
         652   612.1377    
         653   644.4391    
         654   616.9035    
         655   604.1948    
         656   618.4921    
         657   596.7813    
         658   583.5430    
         659   583.5430    
         660   583.0135    
         661   527.9423    
         662   576.1296    
         663   525.8242    
         664   552.8303    
         665   531.1194    
         666   532.7081    
         667   517.3517    
         668   503.5839    
         669   509.9382    
         670   490.3456    
         671   503.0543    
         672   484.5208    
         673   478.6959    
         674   481.8731    
         675   483.4617    
         676   470.2234    
         677   479.7550    
         678   449.0422    
         679   467.5758    
         680   469.1644    
         681   461.2214    
         682   463.3395    
         683   452.2194    
         684   434.7448    
         685   438.4516    
         686   440.0402    
         687   429.4496    
         688   420.9771    
         689   420.4475    
         690   427.3314    
         691   423.6247    
         692   407.7388    
         693   431.0381    
         694   409.3274    
         695   404.5616    
         696   406.6797    
         697   414.6227    
         698   385.4985    
         699   408.2683    
         700   408.2683    
         701   408.2683    
         702   400.3253    
         703   415.6817    
         704   404.5616    
         705   398.2072    
         706   402.4435    
         707   416.7408    
         708   396.0891    
         709   393.4414    
         710   415.6817    
         711   398.2072    
         712   392.3824    
         713   393.4414    
         714   395.0300    
         715   391.8528    
         716   382.8508    
         717   376.4965    
         718   408.7979    
         719   374.9079    
         720   368.0240    
         721   384.9690    
         722   366.4354    
         723   353.1971    
         724   370.6716    
         725   364.3173    
         726   355.8448    
         727   350.5494    
         728   355.8448    
         729   344.7246    
         730   357.9629    
         731   324.0729    
         732   339.9588    
         733   326.1910    
         734   311.3642    
         735   318.7776    
         736   306.0688    
         737   297.5963    
         738   281.1809    
         739   291.7715    
         740   266.8836    
         741   284.3581    
         742   250.9976    
         743   271.6494    
         744   249.4090    
         745   250.4681    
         746   256.8225    
         747   227.1687    
         748   232.9936    
         749   229.2869    
         750   229.2869    
         751   216.5781    
         752   216.0486    
         753   212.3419    
         754   210.2238    
         755   213.9305    
         756   205.9875    
         757   200.6922    
         758   203.3399    
         759   198.0446    
         760   189.5721    
         761   197.5150    
         762   165.7432    
         763   153.0344    
         764   149.3277    
         765   132.9122    
         766   149.8572    
         767   126.0284    
         768   145.6210    
         769   130.7941    
         770   135.0304    
         771   134.5008    
         772   123.9102    
         773   133.9713    
         774   118.0854    
         775   134.5008    
         776   121.7921    
         777   119.1444    
         778   120.7330    
         779   127.0874    
         780   112.7901    
         781   122.8512    
         782   123.9102    
         783   101.6699    
         784   122.8512    
         785   112.7901    
         786   100.6109    
         787   115.4377    
         788   120.7330    
         789   101.1404    
         790   96.90415    
         791   115.4377    
         792   107.4948    
         793   110.1424    
         794   93.72697    
         795   101.1404    
         796   110.6720    
         797   99.55180    
         798   101.1404    
         799   103.2585    
         800   93.72697    
         801   94.25650    
         802   99.55180    
         803   96.37462    
         804   95.31556    
         805   88.96119    
         806   106.9652    
         807   90.02025    
         808   99.55180    
         809   79.42963    
         810   95.84509    
         811   86.31354    
         812   87.90213    
         813   83.66588    
         814   93.19743    
         815   84.19541    
         816   85.78400    
         817   86.31354    
         818   78.90010    
         819   84.19541    
         820   86.84306    
         821   78.90010    
         822   73.07526    
         823   74.13432    
         824   85.78400    
         825   73.60479    
         826   78.37057    
         827   77.31151    
         828   75.19338    
         829   71.48667    
         830   77.31151    
         831   72.01620    
         832   76.78198    
         833   67.25042    
         834   65.13230    
         835   74.66386    
         836   67.77995    
         837   70.95714    
         838   72.54573    
         839   74.66386    
         840   68.83901    
         841   61.42558    
         842   66.19136    
         843   69.89808    
         844   66.72089    
         845   73.60479    
         846   67.77995    
         847   69.89808    
         848   77.84104    
         849   85.25447    
         850   136.6190    
         851   6.354371    
         852  0.0000000E+00
         853  0.0000000E+00
         854  0.0000000E+00
         855  0.0000000E+00
         856  0.0000000E+00
         857  0.0000000E+00
         858  0.0000000E+00
         859  0.0000000E+00
         860  0.0000000E+00
         861  0.0000000E+00
         862  0.0000000E+00
         863  0.0000000E+00
         864  0.0000000E+00
         865  0.0000000E+00
         866  0.0000000E+00
         867  0.0000000E+00
         868  0.0000000E+00
         869  0.0000000E+00
         870  0.0000000E+00
         871  0.0000000E+00
         872  0.0000000E+00
         873  0.0000000E+00
         874  0.0000000E+00
         875  0.0000000E+00
         876  0.0000000E+00
         877  0.0000000E+00
         878  0.0000000E+00
         879  0.0000000E+00
         880  0.0000000E+00
         881  0.0000000E+00
         882  0.0000000E+00
         883  0.0000000E+00
         884  0.0000000E+00
         885  0.0000000E+00
         886  0.0000000E+00
         887  0.0000000E+00
         888  0.0000000E+00
         889  0.0000000E+00
         890  0.0000000E+00
         891  0.0000000E+00
         892  0.0000000E+00
         893  0.0000000E+00
         894  0.0000000E+00
         895  0.0000000E+00
         896  0.0000000E+00
         897  0.0000000E+00
         898  0.0000000E+00
         899  0.0000000E+00
         900  0.0000000E+00
         901  0.0000000E+00
         902  0.0000000E+00
         903  0.0000000E+00
         904  0.0000000E+00
         905  0.0000000E+00
         906  0.0000000E+00
         907  0.0000000E+00
         908  0.0000000E+00
         909  0.0000000E+00
         910  0.0000000E+00
         911  0.0000000E+00
         912  0.0000000E+00
         913  0.0000000E+00
         914  0.0000000E+00
         915  0.0000000E+00
         916  0.0000000E+00
         917  0.0000000E+00
         918  0.0000000E+00
         919  0.0000000E+00
         920  0.0000000E+00
         921  0.0000000E+00
         922  0.0000000E+00
         923  0.0000000E+00
         924  0.0000000E+00
         925  0.0000000E+00
         926  0.0000000E+00
         927  0.0000000E+00
         928  0.0000000E+00
         929  0.0000000E+00
         930  0.0000000E+00
         931  0.0000000E+00
         932  0.0000000E+00
         933  0.0000000E+00
         934  0.0000000E+00
         935  0.0000000E+00
         936  0.0000000E+00
         937  0.0000000E+00
         938  0.0000000E+00
         939  0.0000000E+00
         940  0.0000000E+00
         941  0.0000000E+00
         942  0.0000000E+00
         943  0.0000000E+00
         944  0.0000000E+00
         945  0.0000000E+00
         946  0.0000000E+00
         947  0.0000000E+00
         948  0.0000000E+00
         949  0.0000000E+00
         950  0.0000000E+00
         951  0.0000000E+00
         952  0.0000000E+00
         953  0.0000000E+00
         954  0.0000000E+00
         955  0.0000000E+00
         956  0.0000000E+00
         957  0.0000000E+00
         958  0.0000000E+00
         959  0.0000000E+00
         960  0.0000000E+00
         961  0.0000000E+00
         962  0.0000000E+00
         963  0.0000000E+00
         964  0.0000000E+00
         965  0.0000000E+00
         966  0.0000000E+00
         967  0.0000000E+00
         968  0.0000000E+00
         969  0.0000000E+00
         970  0.0000000E+00
         971  0.0000000E+00
         972  0.0000000E+00
         973  0.0000000E+00
         974  0.0000000E+00
         975  0.0000000E+00
         976  0.0000000E+00
         977  0.0000000E+00
         978  0.0000000E+00
         979  0.0000000E+00
         980  0.0000000E+00
         981  0.0000000E+00
         982  0.0000000E+00
         983  0.0000000E+00
         984  0.0000000E+00
         985  0.0000000E+00
         986  0.0000000E+00
         987  0.0000000E+00
         988  0.0000000E+00
         989  0.0000000E+00
         990  0.0000000E+00
         991  0.0000000E+00
         992  0.0000000E+00
         993  0.0000000E+00
         994  0.0000000E+00
         995  0.0000000E+00
         996  0.0000000E+00
         997  0.0000000E+00
         998  0.0000000E+00
         999  0.0000000E+00
        1000  0.0000000E+00
        1001  0.0000000E+00
        1002  0.0000000E+00
        1003  0.0000000E+00
        1004  0.0000000E+00
        1005  0.0000000E+00
        1006  0.0000000E+00
        1007  0.0000000E+00
        1008  0.0000000E+00
        1009  0.0000000E+00
        1010  0.0000000E+00
        1011  0.0000000E+00
        1012  0.0000000E+00
        1013  0.0000000E+00
        1014  0.0000000E+00
        1015  0.0000000E+00
        1016  0.0000000E+00
        1017  0.0000000E+00
        1018  0.0000000E+00
        1019  0.0000000E+00
        1020  0.0000000E+00
        1021  0.0000000E+00
        1022  0.0000000E+00
        1023  0.0000000E+00
        1024  0.0000000E+00
