 #   Y    A
           1  0.0000000E+00
           2  0.0000000E+00
           3  0.0000000E+00
           4  0.0000000E+00
           5  0.0000000E+00
           6  0.0000000E+00
           7  0.0000000E+00
           8  0.0000000E+00
           9  0.0000000E+00
          10  0.0000000E+00
          11  0.0000000E+00
          12  0.0000000E+00
          13  0.0000000E+00
          14  0.0000000E+00
          15  0.0000000E+00
          16  0.0000000E+00
          17  0.0000000E+00
          18  0.0000000E+00
          19  0.0000000E+00
          20  0.0000000E+00
          21  0.0000000E+00
          22  0.0000000E+00
          23  0.0000000E+00
          24  0.0000000E+00
          25  0.0000000E+00
          26  0.0000000E+00
          27  0.0000000E+00
          28  0.0000000E+00
          29  0.0000000E+00
          30  0.0000000E+00
          31  0.0000000E+00
          32  0.0000000E+00
          33  0.0000000E+00
          34  0.0000000E+00
          35  0.0000000E+00
          36  0.0000000E+00
          37  0.0000000E+00
          38  0.0000000E+00
          39  0.0000000E+00
          40  0.0000000E+00
          41  0.0000000E+00
          42  0.0000000E+00
          43  0.0000000E+00
          44  0.0000000E+00
          45  0.0000000E+00
          46  0.0000000E+00
          47  0.0000000E+00
          48  0.0000000E+00
          49  0.0000000E+00
          50  0.0000000E+00
          51  0.0000000E+00
          52  0.0000000E+00
          53  0.0000000E+00
          54  0.0000000E+00
          55  0.0000000E+00
          56  0.0000000E+00
          57  0.0000000E+00
          58  0.0000000E+00
          59  0.0000000E+00
          60  0.0000000E+00
          61  0.0000000E+00
          62  0.0000000E+00
          63  0.0000000E+00
          64  0.0000000E+00
          65  0.0000000E+00
          66  0.0000000E+00
          67  0.0000000E+00
          68  0.0000000E+00
          69  0.0000000E+00
          70  0.0000000E+00
          71  0.0000000E+00
          72  0.0000000E+00
          73  0.0000000E+00
          74  0.0000000E+00
          75  0.0000000E+00
          76  0.0000000E+00
          77  0.0000000E+00
          78  0.0000000E+00
          79  0.0000000E+00
          80  0.0000000E+00
          81  0.0000000E+00
          82  0.0000000E+00
          83  0.0000000E+00
          84  0.0000000E+00
          85  0.0000000E+00
          86  0.0000000E+00
          87  0.0000000E+00
          88  0.0000000E+00
          89  0.0000000E+00
          90  0.0000000E+00
          91  0.0000000E+00
          92  0.0000000E+00
          93  0.0000000E+00
          94  0.0000000E+00
          95  0.0000000E+00
          96  0.0000000E+00
          97  0.0000000E+00
          98  0.0000000E+00
          99  0.0000000E+00
         100  0.0000000E+00
         101  0.0000000E+00
         102  0.0000000E+00
         103  0.0000000E+00
         104  0.0000000E+00
         105  0.0000000E+00
         106  0.0000000E+00
         107  0.0000000E+00
         108  0.0000000E+00
         109  0.0000000E+00
         110  0.0000000E+00
         111  0.0000000E+00
         112  0.0000000E+00
         113  0.0000000E+00
         114  0.0000000E+00
         115  0.0000000E+00
         116  0.0000000E+00
         117  0.0000000E+00
         118  0.0000000E+00
         119  0.0000000E+00
         120  0.0000000E+00
         121  0.0000000E+00
         122  0.0000000E+00
         123  0.0000000E+00
         124  0.0000000E+00
         125  0.0000000E+00
         126  0.0000000E+00
         127  0.0000000E+00
         128  0.0000000E+00
         129  0.0000000E+00
         130  0.0000000E+00
         131  0.0000000E+00
         132  0.0000000E+00
         133  0.0000000E+00
         134  0.0000000E+00
         135  0.0000000E+00
         136  0.0000000E+00
         137  0.0000000E+00
         138  0.0000000E+00
         139  0.0000000E+00
         140  0.0000000E+00
         141  0.0000000E+00
         142  0.0000000E+00
         143  0.0000000E+00
         144  0.0000000E+00
         145  0.0000000E+00
         146  0.0000000E+00
         147  0.0000000E+00
         148  0.0000000E+00
         149  0.0000000E+00
         150  0.0000000E+00
         151  0.0000000E+00
         152  0.0000000E+00
         153  0.0000000E+00
         154  0.0000000E+00
         155  0.0000000E+00
         156  0.0000000E+00
         157  0.0000000E+00
         158  0.0000000E+00
         159  0.0000000E+00
         160  0.0000000E+00
         161  0.0000000E+00
         162  0.0000000E+00
         163  0.0000000E+00
         164  0.0000000E+00
         165  0.0000000E+00
         166  0.0000000E+00
         167  0.0000000E+00
         168  0.0000000E+00
         169  0.0000000E+00
         170  0.0000000E+00
         171  0.0000000E+00
         172  0.0000000E+00
         173  0.0000000E+00
         174  0.0000000E+00
         175  0.0000000E+00
         176  0.0000000E+00
         177  0.0000000E+00
         178  0.0000000E+00
         179  0.0000000E+00
         180  0.0000000E+00
         181  0.0000000E+00
         182  0.0000000E+00
         183  0.0000000E+00
         184  0.0000000E+00
         185  0.0000000E+00
         186  0.0000000E+00
         187  0.0000000E+00
         188  0.0000000E+00
         189  0.0000000E+00
         190  0.0000000E+00
         191  0.0000000E+00
         192  0.0000000E+00
         193  0.0000000E+00
         194  0.0000000E+00
         195  0.0000000E+00
         196  0.0000000E+00
         197  0.0000000E+00
         198  0.0000000E+00
         199  0.0000000E+00
         200  0.0000000E+00
         201  0.0000000E+00
         202  0.0000000E+00
         203  0.0000000E+00
         204  0.0000000E+00
         205  0.0000000E+00
         206  0.0000000E+00
         207  0.0000000E+00
         208  0.0000000E+00
         209  0.0000000E+00
         210  0.0000000E+00
         211  0.0000000E+00
         212  0.0000000E+00
         213  0.0000000E+00
         214  0.0000000E+00
         215  0.0000000E+00
         216  0.0000000E+00
         217  0.0000000E+00
         218  0.0000000E+00
         219  0.0000000E+00
         220  0.0000000E+00
         221  0.0000000E+00
         222  0.0000000E+00
         223  0.0000000E+00
         224  0.0000000E+00
         225  0.0000000E+00
         226  0.0000000E+00
         227  0.0000000E+00
         228  0.0000000E+00
         229  0.0000000E+00
         230  0.0000000E+00
         231  0.0000000E+00
         232  0.0000000E+00
         233  0.0000000E+00
         234  0.0000000E+00
         235  0.0000000E+00
         236  0.0000000E+00
         237  0.0000000E+00
         238  0.0000000E+00
         239  0.0000000E+00
         240  0.0000000E+00
         241  0.0000000E+00
         242  0.0000000E+00
         243  0.0000000E+00
         244  0.0000000E+00
         245  0.0000000E+00
         246  0.0000000E+00
         247  0.0000000E+00
         248  0.0000000E+00
         249  0.0000000E+00
         250  0.0000000E+00
         251  0.0000000E+00
         252  0.0000000E+00
         253  0.0000000E+00
         254  0.0000000E+00
         255  0.0000000E+00
         256  0.0000000E+00
         257  0.0000000E+00
         258  0.0000000E+00
         259  0.0000000E+00
         260  0.0000000E+00
         261  0.0000000E+00
         262  0.0000000E+00
         263  0.0000000E+00
         264  0.0000000E+00
         265  0.0000000E+00
         266  0.0000000E+00
         267  0.0000000E+00
         268  0.0000000E+00
         269  0.0000000E+00
         270  0.0000000E+00
         271  0.0000000E+00
         272  0.0000000E+00
         273  0.0000000E+00
         274  0.0000000E+00
         275  0.0000000E+00
         276  0.0000000E+00
         277  0.0000000E+00
         278  0.0000000E+00
         279  0.0000000E+00
         280  0.0000000E+00
         281  0.0000000E+00
         282  0.0000000E+00
         283  0.0000000E+00
         284  0.0000000E+00
         285  0.0000000E+00
         286  0.0000000E+00
         287  0.0000000E+00
         288  0.0000000E+00
         289  0.0000000E+00
         290  0.0000000E+00
         291  0.0000000E+00
         292  0.0000000E+00
         293  0.0000000E+00
         294  0.0000000E+00
         295  0.0000000E+00
         296  0.0000000E+00
         297  0.0000000E+00
         298  0.0000000E+00
         299  0.0000000E+00
         300  0.0000000E+00
         301  0.0000000E+00
         302  0.0000000E+00
         303  0.0000000E+00
         304  0.0000000E+00
         305  0.0000000E+00
         306  0.0000000E+00
         307  0.0000000E+00
         308  0.0000000E+00
         309  0.0000000E+00
         310  0.0000000E+00
         311  0.0000000E+00
         312  0.0000000E+00
         313  0.0000000E+00
         314  0.0000000E+00
         315  0.0000000E+00
         316  0.0000000E+00
         317  0.0000000E+00
         318  0.0000000E+00
         319  0.0000000E+00
         320  0.0000000E+00
         321  0.0000000E+00
         322  0.0000000E+00
         323  0.0000000E+00
         324  0.0000000E+00
         325   2.118124    
         326   9.531556    
         327   18.00405    
         328   20.65170    
         329   24.35842    
         330   24.88795    
         331   29.65373    
         332   31.24232    
         333   29.12420    
         334   20.65170    
         335   31.77185    
         336   21.18124    
         337   44.48059    
         338   38.12622    
         339   29.12420    
         340   27.53561    
         341   31.24232    
         342   30.71279    
         343   28.59467    
         344   36.00810    
         345   33.88998    
         346   29.65373    
         347   35.47857    
         348   42.36247    
         349   34.94904    
         350   41.83294    
         351   32.83091    
         352   33.88998    
         353   42.89200    
         354   41.83294    
         355   48.71684    
         356   41.83294    
         357   35.47857    
         358   36.53763    
         359   38.65575    
         360   41.30341    
         361   37.06716    
         362   37.59669    
         363   46.06919    
         364   45.01012    
         365   41.83294    
         366   36.00810    
         367   36.00810    
         368   38.65575    
         369   52.42356    
         370   46.06919    
         371   41.30341    
         372   45.01012    
         373   49.24637    
         374   43.95107    
         375   40.77388    
         376   54.01215    
         377   56.13028    
         378   50.30544    
         379   42.36247    
         380   52.42356    
         381   61.42558    
         382   60.89605    
         383   55.60074    
         384   55.07121    
         385   50.83496    
         386   65.13230    
         387   55.60074    
         388   55.07121    
         389   73.07526    
         390   72.54573    
         391   58.77793    
         392   70.95714    
         393   64.07323    
         394   65.66183    
         395   81.54776    
         396   77.84104    
         397   78.37057    
         398   75.19339    
         399   83.66588    
         400   83.13635    
         401   76.78198    
         402   90.02025    
         403   106.4357    
         404   104.3176    
         405   94.25650    
         406   99.02228    
         407   109.0834    
         408   117.0263    
         409   122.8512    
         410   133.4418    
         411   131.8532    
         412   144.0324    
         413   160.9774    
         414   169.9794    
         415   162.0365    
         416   203.3399    
         417   191.1606    
         418   226.1097    
         419   234.5822    
         420   252.0567    
         421   296.5373    
         422   297.0668    
         423   332.0159    
         424   371.7307    
         425   380.2032    
         426   419.3885    
         427   468.1053    
         428   509.9382    
         429   578.2477    
         430   575.6000    
         431   581.9545    
         432   583.5430    
         433   579.3068    
         434   553.3597    
         435   571.3638    
         436   587.2498    
         437   584.0726    
         438   613.7263    
         439   603.1357    
         440   608.9605    
         441   622.1988    
         442   656.6183    
         443   622.1988    
         444   647.0867    
         445   629.6122    
         446   638.0847    
         447   642.8505    
         448   678.8586    
         449   653.4411    
         450   704.8056    
         451   700.0399    
         452   722.2802    
         453   746.1090    
         454   733.4003    
         455   777.8809    
         456   814.4185    
         457   832.9521    
         458   889.0823    
         459   934.0925    
         460   974.3369    
         461   992.8704    
         462   1033.115    
         463   1080.773    
         464   1117.840    
         465   1135.314    
         466   1170.793    
         467   1118.899    
         468   1144.846    
         469   1100.365    
         470   1112.544    
         471   1081.302    
         472   1062.768    
         473   1091.363    
         474   1062.768    
         475   1068.593    
         476   1077.066    
         477   1070.711    
         478   1088.186    
         479   1131.078    
         480   1142.728    
         481   1169.204    
         482   1211.037    
         483   1180.324    
         484   1225.334    
         485   1235.396    
         486   1254.459    
         487   1281.465    
         488   1262.931    
         489   1248.634    
         490   1309.000    
         491   1328.593    
         492   1321.709    
         493   1352.951    
         494   1352.422    
         495   1420.202    
         496   1457.269    
         497   1472.096    
         498   1510.752    
         499   1583.827    
         500   1611.892    
         501   1607.126    
         502   1736.861    
         503   1769.163    
         504   1836.413    
         505   1973.562    
         506   2012.747    
         507   2179.020    
         508   2330.465    
         509   2428.958    
         510   2562.929    
         511   2801.748    
         512   3240.729    
         513   3530.382    
         514   4086.390    
         515   4972.825    
         516   5480.645    
         517   5089.321    
         518   4827.204    
         519   4353.273    
         520   4099.099    
         521   3920.647    
         522   3539.914    
         523   2918.245    
         524   2469.732    
         525   2263.215    
         526   2086.352    
         527   1957.146    
         528   1872.421    
         529   1752.747    
         530   1667.493    
         531   1600.242    
         532   1495.925    
         533   1480.568    
         534   1428.674    
         535   1389.489    
         536   1338.654    
         537   1311.648    
         538   1261.872    
         539   1258.695    
         540   1263.990    
         541   1195.151    
         542   1213.155    
         543   1133.726    
         544   1107.779    
         545   1144.316    
         546   1113.074    
         547   1129.489    
         548   1136.373    
         549   1105.661    
         550   1085.538    
         551   1123.665    
         552   1110.426    
         553   1067.534    
         554   1091.893    
         555   1122.076    
         556   1130.019    
         557   1134.785    
         558   1133.726    
         559   1126.842    
         560   1092.952    
         561   1132.667    
         562   1094.011    
         563   1068.593    
         564   1077.066    
         565   1081.302    
         566   1139.021    
         567   1097.718    
         568   1107.249    
         569   1139.550    
         570   1149.612    
         571   1121.017    
         572   1136.903    
         573   1135.314    
         574   1164.438    
         575   1133.726    
         576   1173.970    
         577   1151.730    
         578   1180.324    
         579   1152.789    
         580   1197.269    
         581   1131.078    
         582   1160.732    
         583   1092.952    
         584   1131.608    
         585   1181.383    
         586   1087.656    
         587   1187.208    
         588   1115.722    
         589   1185.090    
         590   1117.840    
         591   1178.736    
         592   1118.369    
         593   1123.135    
         594   1113.074    
         595   1140.080    
         596   1113.603    
         597   1139.021    
         598   1139.550    
         599   1202.565    
         600   1087.127    
         601   1070.711    
         602   1060.650    
         603   1072.300    
         604   1080.773    
         605   1161.791    
         606   1095.070    
         607   1086.597    
         608   1065.416    
         609   1039.469    
         610   1028.879    
         611   1041.058    
         612   1057.473    
         613   1041.587    
         614   1033.644    
         615   1039.469    
         616   1042.646    
         617   1072.830    
         618   1067.534    
         619   1058.532    
         620   1079.184    
         621   1061.180    
         622   1018.817    
         623   1051.119    
         624   1047.942    
         625   1026.231    
         626   1011.934    
         627   1012.993    
         628   1012.993    
         629   1023.054    
         630   955.2737    
         631   985.4570    
         632   957.9214    
         633   937.7992    
         634   933.0334    
         635   926.6791    
         636   921.9133    
         637   921.3837    
         638   891.2004    
         639   934.6220    
         640   894.3777    
         641   859.4286    
         642   903.9092    
         643   856.7809    
         644   864.7239    
         645   843.5427    
         646   823.9501    
         647   816.0071    
         648   791.1191    
         649   802.7688    
         650   756.6996    
         651   774.7037    
         652   764.6426    
         653   716.4553    
         654   702.6875    
         655   729.1640    
         656   679.3881    
         657   651.3230    
         658   642.3210    
         659   641.2619    
         660   603.6652    
         661   568.7162    
         662   569.2457    
         663   560.2437    
         664   526.3537    
         665   535.3557    
         666   504.6429    
         667   493.5228    
         668   482.4026    
         669   473.9301    
         670   476.5778    
         671   442.1583    
         672   431.5677    
         673   430.5086    
         674   425.2133    
         675   393.9710    
         676   412.5045    
         677   379.6736    
         678   366.9649    
         679   376.4965    
         680   359.0219    
         681   334.6635    
         682   375.9669    
         683   328.8387    
         684   340.4883    
         685   317.1890    
         686   327.7796    
         687   311.8937    
         688   302.8917    
         689   312.9528    
         690   281.1809    
         691   292.3011    
         692   286.4762    
         693   290.1829    
         694   262.6473    
         695   261.5883    
         696   265.2950    
         697   257.3520    
         698   248.8795    
         699   243.5842    
         700   253.1158    
         701   230.8755    
         702   228.7573    
         703   237.2298    
         704   215.5191    
         705   225.5802    
         706   225.0506    
         707   211.8123    
         708   211.8123    
         709   221.3439    
         710   200.1627    
         711   209.6942    
         712   209.1647    
         713   191.1606    
         714   204.3989    
         715   189.0425    
         716   184.8063    
         717   195.9264    
         718   186.9244    
         719   195.3969    
         720   175.2747    
         721   182.1586    
         722   174.2157    
         723   168.3908    
         724   161.5069    
         725   167.3318    
         726   166.2727    
         727   180.0405    
         728   156.2116    
         729   145.6210    
         730   151.4458    
         731   148.7982    
         732   156.7411    
         733   147.2096    
         734   142.9733    
         735   140.3257    
         736   141.3848    
         737   126.0284    
         738   136.6190    
         739   131.3237    
         740   142.4438    
         741   133.9713    
         742   126.5579    
         743   118.0854    
         744   114.3787    
         745   116.4968    
         746   115.4377    
         747   127.6169    
         748   106.4357    
         749   111.7310    
         750   111.2015    
         751   109.6129    
         752   103.7881    
         753   106.4357    
         754   109.6129    
         755   115.9673    
         756   6.354371    
         757  0.0000000E+00
         758  0.0000000E+00
         759  0.0000000E+00
         760  0.0000000E+00
         761  0.0000000E+00
         762  0.0000000E+00
         763  0.0000000E+00
         764  0.0000000E+00
         765  0.0000000E+00
         766  0.0000000E+00
         767  0.0000000E+00
         768  0.0000000E+00
         769  0.0000000E+00
         770  0.0000000E+00
         771  0.0000000E+00
         772  0.0000000E+00
         773  0.0000000E+00
         774  0.0000000E+00
         775  0.0000000E+00
         776  0.0000000E+00
         777  0.0000000E+00
         778  0.0000000E+00
         779  0.0000000E+00
         780  0.0000000E+00
         781  0.0000000E+00
         782  0.0000000E+00
         783  0.0000000E+00
         784  0.0000000E+00
         785  0.0000000E+00
         786  0.0000000E+00
         787  0.0000000E+00
         788  0.0000000E+00
         789  0.0000000E+00
         790  0.0000000E+00
         791  0.0000000E+00
         792  0.0000000E+00
         793  0.0000000E+00
         794  0.0000000E+00
         795  0.0000000E+00
         796  0.0000000E+00
         797  0.0000000E+00
         798  0.0000000E+00
         799  0.0000000E+00
         800  0.0000000E+00
         801  0.0000000E+00
         802  0.0000000E+00
         803  0.0000000E+00
         804  0.0000000E+00
         805  0.0000000E+00
         806  0.0000000E+00
         807  0.0000000E+00
         808  0.0000000E+00
         809  0.0000000E+00
         810  0.0000000E+00
         811  0.0000000E+00
         812  0.0000000E+00
         813  0.0000000E+00
         814  0.0000000E+00
         815  0.0000000E+00
         816  0.0000000E+00
         817  0.0000000E+00
         818  0.0000000E+00
         819  0.0000000E+00
         820  0.0000000E+00
         821  0.0000000E+00
         822  0.0000000E+00
         823  0.0000000E+00
         824  0.0000000E+00
         825  0.0000000E+00
         826  0.0000000E+00
         827  0.0000000E+00
         828  0.0000000E+00
         829  0.0000000E+00
         830  0.0000000E+00
         831  0.0000000E+00
         832  0.0000000E+00
         833  0.0000000E+00
         834  0.0000000E+00
         835  0.0000000E+00
         836  0.0000000E+00
         837  0.0000000E+00
         838  0.0000000E+00
         839  0.0000000E+00
         840  0.0000000E+00
         841  0.0000000E+00
         842  0.0000000E+00
         843  0.0000000E+00
         844  0.0000000E+00
         845  0.0000000E+00
         846  0.0000000E+00
         847  0.0000000E+00
         848  0.0000000E+00
         849  0.0000000E+00
         850  0.0000000E+00
         851  0.0000000E+00
         852  0.0000000E+00
         853  0.0000000E+00
         854  0.0000000E+00
         855  0.0000000E+00
         856  0.0000000E+00
         857  0.0000000E+00
         858  0.0000000E+00
         859  0.0000000E+00
         860  0.0000000E+00
         861  0.0000000E+00
         862  0.0000000E+00
         863  0.0000000E+00
         864  0.0000000E+00
         865  0.0000000E+00
         866  0.0000000E+00
         867  0.0000000E+00
         868  0.0000000E+00
         869  0.0000000E+00
         870  0.0000000E+00
         871  0.0000000E+00
         872  0.0000000E+00
         873  0.0000000E+00
         874  0.0000000E+00
         875  0.0000000E+00
         876  0.0000000E+00
         877  0.0000000E+00
         878  0.0000000E+00
         879  0.0000000E+00
         880  0.0000000E+00
         881  0.0000000E+00
         882  0.0000000E+00
         883  0.0000000E+00
         884  0.0000000E+00
         885  0.0000000E+00
         886  0.0000000E+00
         887  0.0000000E+00
         888  0.0000000E+00
         889  0.0000000E+00
         890  0.0000000E+00
         891  0.0000000E+00
         892  0.0000000E+00
         893  0.0000000E+00
         894  0.0000000E+00
         895  0.0000000E+00
         896  0.0000000E+00
         897  0.0000000E+00
         898  0.0000000E+00
         899  0.0000000E+00
         900  0.0000000E+00
         901  0.0000000E+00
         902  0.0000000E+00
         903  0.0000000E+00
         904  0.0000000E+00
         905  0.0000000E+00
         906  0.0000000E+00
         907  0.0000000E+00
         908  0.0000000E+00
         909  0.0000000E+00
         910  0.0000000E+00
         911  0.0000000E+00
         912  0.0000000E+00
         913  0.0000000E+00
         914  0.0000000E+00
         915  0.0000000E+00
         916  0.0000000E+00
         917  0.0000000E+00
         918  0.0000000E+00
         919  0.0000000E+00
         920  0.0000000E+00
         921  0.0000000E+00
         922  0.0000000E+00
         923  0.0000000E+00
         924  0.0000000E+00
         925  0.0000000E+00
         926  0.0000000E+00
         927  0.0000000E+00
         928  0.0000000E+00
         929  0.0000000E+00
         930  0.0000000E+00
         931  0.0000000E+00
         932  0.0000000E+00
         933  0.0000000E+00
         934  0.0000000E+00
         935  0.0000000E+00
         936  0.0000000E+00
         937  0.0000000E+00
         938  0.0000000E+00
         939  0.0000000E+00
         940  0.0000000E+00
         941  0.0000000E+00
         942  0.0000000E+00
         943  0.0000000E+00
         944  0.0000000E+00
         945  0.0000000E+00
         946  0.0000000E+00
         947  0.0000000E+00
         948  0.0000000E+00
         949  0.0000000E+00
         950  0.0000000E+00
         951  0.0000000E+00
         952  0.0000000E+00
         953  0.0000000E+00
         954  0.0000000E+00
         955  0.0000000E+00
         956  0.0000000E+00
         957  0.0000000E+00
         958  0.0000000E+00
         959  0.0000000E+00
         960  0.0000000E+00
         961  0.0000000E+00
         962  0.0000000E+00
         963  0.0000000E+00
         964  0.0000000E+00
         965  0.0000000E+00
         966  0.0000000E+00
         967  0.0000000E+00
         968  0.0000000E+00
         969  0.0000000E+00
         970  0.0000000E+00
         971  0.0000000E+00
         972  0.0000000E+00
         973  0.0000000E+00
         974  0.0000000E+00
         975  0.0000000E+00
         976  0.0000000E+00
         977  0.0000000E+00
         978  0.0000000E+00
         979  0.0000000E+00
         980  0.0000000E+00
         981  0.0000000E+00
         982  0.0000000E+00
         983  0.0000000E+00
         984  0.0000000E+00
         985  0.0000000E+00
         986  0.0000000E+00
         987  0.0000000E+00
         988  0.0000000E+00
         989  0.0000000E+00
         990  0.0000000E+00
         991  0.0000000E+00
         992  0.0000000E+00
         993  0.0000000E+00
         994  0.0000000E+00
         995  0.0000000E+00
         996  0.0000000E+00
         997  0.0000000E+00
         998  0.0000000E+00
         999  0.0000000E+00
        1000  0.0000000E+00
        1001  0.0000000E+00
        1002  0.0000000E+00
        1003  0.0000000E+00
        1004  0.0000000E+00
        1005  0.0000000E+00
        1006  0.0000000E+00
        1007  0.0000000E+00
        1008  0.0000000E+00
        1009  0.0000000E+00
        1010  0.0000000E+00
        1011  0.0000000E+00
        1012  0.0000000E+00
        1013  0.0000000E+00
        1014  0.0000000E+00
        1015  0.0000000E+00
        1016  0.0000000E+00
        1017  0.0000000E+00
        1018  0.0000000E+00
        1019  0.0000000E+00
        1020  0.0000000E+00
        1021  0.0000000E+00
        1022  0.0000000E+00
        1023  0.0000000E+00
        1024  0.0000000E+00
