 #   Y    A
           1   7368.422    
           2  0.0000000E+00
           3  0.0000000E+00
           4  0.0000000E+00
           5  0.0000000E+00
           6  0.0000000E+00
           7  0.0000000E+00
           8  0.0000000E+00
           9  0.0000000E+00
          10  0.0000000E+00
          11  0.0000000E+00
          12  0.0000000E+00
          13  0.0000000E+00
          14  0.0000000E+00
          15  0.0000000E+00
          16  0.0000000E+00
          17  0.0000000E+00
          18  0.0000000E+00
          19  0.0000000E+00
          20  0.0000000E+00
          21  0.0000000E+00
          22  0.0000000E+00
          23  0.0000000E+00
          24  0.0000000E+00
          25  0.0000000E+00
          26  0.0000000E+00
          27  0.0000000E+00
          28  0.0000000E+00
          29  0.0000000E+00
          30  0.0000000E+00
          31  0.0000000E+00
          32  0.0000000E+00
          33  0.0000000E+00
          34  0.0000000E+00
          35  0.0000000E+00
          36  0.0000000E+00
          37  0.0000000E+00
          38  0.0000000E+00
          39  0.0000000E+00
          40  0.0000000E+00
          41  0.0000000E+00
          42  0.0000000E+00
          43  0.0000000E+00
          44  0.0000000E+00
          45  0.0000000E+00
          46  0.0000000E+00
          47  0.0000000E+00
          48  0.0000000E+00
          49  0.0000000E+00
          50  0.0000000E+00
          51  0.0000000E+00
          52  0.0000000E+00
          53  0.0000000E+00
          54  0.0000000E+00
          55  0.0000000E+00
          56  0.0000000E+00
          57  0.0000000E+00
          58  0.0000000E+00
          59  0.0000000E+00
          60  0.0000000E+00
          61  0.0000000E+00
          62  0.0000000E+00
          63  0.0000000E+00
          64  0.0000000E+00
          65  0.0000000E+00
          66  0.0000000E+00
          67  0.0000000E+00
          68  0.0000000E+00
          69  0.0000000E+00
          70  0.0000000E+00
          71  0.0000000E+00
          72  0.0000000E+00
          73  0.0000000E+00
          74  0.0000000E+00
          75  0.0000000E+00
          76  0.0000000E+00
          77  0.0000000E+00
          78  0.0000000E+00
          79  0.0000000E+00
          80  0.0000000E+00
          81  0.0000000E+00
          82  0.0000000E+00
          83  0.0000000E+00
          84  0.0000000E+00
          85  0.0000000E+00
          86  0.0000000E+00
          87  0.0000000E+00
          88  0.0000000E+00
          89  0.0000000E+00
          90  0.0000000E+00
          91  0.0000000E+00
          92  0.0000000E+00
          93  0.0000000E+00
          94  0.0000000E+00
          95  0.0000000E+00
          96  0.0000000E+00
          97  0.0000000E+00
          98  0.0000000E+00
          99  0.0000000E+00
         100  0.0000000E+00
         101  0.0000000E+00
         102  0.0000000E+00
         103  0.0000000E+00
         104  0.0000000E+00
         105  0.0000000E+00
         106  0.0000000E+00
         107  0.0000000E+00
         108  0.0000000E+00
         109  0.0000000E+00
         110  0.0000000E+00
         111  0.0000000E+00
         112  0.0000000E+00
         113  0.0000000E+00
         114  0.0000000E+00
         115  0.0000000E+00
         116  0.0000000E+00
         117  0.0000000E+00
         118  0.0000000E+00
         119  0.0000000E+00
         120  0.0000000E+00
         121  0.0000000E+00
         122  0.0000000E+00
         123  0.0000000E+00
         124  0.0000000E+00
         125  0.0000000E+00
         126  0.0000000E+00
         127  0.0000000E+00
         128  0.0000000E+00
         129  0.0000000E+00
         130  0.0000000E+00
         131  0.0000000E+00
         132  0.0000000E+00
         133   2.647655    
         134   5.295309    
         135   9.531556    
         136   13.23827    
         137   14.82686    
         138   14.29733    
         139   16.41546    
         140   16.41546    
         141   18.53358    
         142   18.00405    
         143   14.82686    
         144   18.00405    
         145   20.12217    
         146   18.00405    
         147   14.82686    
         148   14.29733    
         149   12.70874    
         150   18.53358    
         151   13.23827    
         152   14.29733    
         153   17.47452    
         154   25.94701    
         155   22.76983    
         156   18.53358    
         157   14.82686    
         158   18.53358    
         159   16.41546    
         160   15.35640    
         161   18.00405    
         162   19.59264    
         163   18.53358    
         164   19.59264    
         165   20.12217    
         166   21.18124    
         167   23.29936    
         168   18.00405    
         169   21.18124    
         170   22.24030    
         171   19.06311    
         172   21.18124    
         173   22.24030    
         174   18.00405    
         175   23.82889    
         176   23.29936    
         177   25.94701    
         178   21.71077    
         179   20.65170    
         180   19.59264    
         181   21.71077    
         182   17.47452    
         183   25.94701    
         184   29.12420    
         185   25.41748    
         186   21.71077    
         187   25.41748    
         188   22.24030    
         189   29.12420    
         190   23.29936    
         191   28.06514    
         192   21.18124    
         193   23.82889    
         194   27.53561    
         195   25.94701    
         196   27.53561    
         197   29.65373    
         198   29.65373    
         199   25.41748    
         200   27.53561    
         201   30.71279    
         202   31.77185    
         203   29.65373    
         204   30.71279    
         205   30.71279    
         206   33.88998    
         207   39.71482    
         208   28.06514    
         209   33.36045    
         210   33.88998    
         211   36.53763    
         212   42.36247    
         213   32.30138    
         214   36.00810    
         215   29.65373    
         216   43.95107    
         217   33.36045    
         218   38.65575    
         219   49.24637    
         220   32.30138    
         221   41.30341    
         222   47.12825    
         223   57.71887    
         224   47.65778    
         225   47.12825    
         226   57.18933    
         227   56.65981    
         228   50.30544    
         229   55.07121    
         230   74.66386    
         231   62.48465    
         232   69.89808    
         233   81.54776    
         234   64.60277    
         235   91.07932    
         236   81.01823    
         237   107.4948    
         238   90.54978    
         239   112.7901    
         240   113.3196    
         241   112.7901    
         242   164.1546    
         243   119.6740    
         244   151.4458    
         245   134.5008    
         246   152.5049    
         247   146.1505    
         248   151.4458    
         249   147.7391    
         250   161.5069    
         251   132.3827    
         252   148.7982    
         253   150.3868    
         254   140.8552    
         255   129.2055    
         256   147.2096    
         257   138.7371    
         258   120.7330    
         259   131.3237    
         260   124.4398    
         261   124.4398    
         262   131.3237    
         263   119.1444    
         264   126.0284    
         265   128.6760    
         266   108.5538    
         267   129.2055    
         268   127.0874    
         269   120.7330    
         270   115.4377    
         271   129.7351    
         272   113.3196    
         273   126.5579    
         274   124.9693    
         275   120.2035    
         276   129.7351    
         277   129.2055    
         278   132.3827    
         279   127.6169    
         280   138.2076    
         281   124.9693    
         282   131.3237    
         283   132.3827    
         284   139.7962    
         285   144.0324    
         286   131.8532    
         287   137.1485    
         288   138.2076    
         289   144.5619    
         290   140.3257    
         291   141.9143    
         292   163.0955    
         293   142.4438    
         294   155.6821    
         295   150.3868    
         296   174.2157    
         297   163.6250    
         298   154.0935    
         299   176.8633    
         300   165.7432    
         301   181.0996    
         302   185.8653    
         303   171.0385    
         304   173.6861    
         305   180.0405    
         306   167.3318    
         307   198.0446    
         308   191.1606    
         309   173.6861    
         310   190.1016    
         311   192.7492    
         312   184.8063    
         313   196.4560    
         314   184.8063    
         315   196.9855    
         316   187.9835    
         317   192.7492    
         318   183.2177    
         319   191.6902    
         320   189.0425    
         321   174.2157    
         322   193.8083    
         323   180.0405    
         324   166.2727    
         325   164.6841    
         326   177.3929    
         327   155.1525    
         328   177.9224    
         329   167.3318    
         330   171.0385    
         331   168.9203    
         332   162.0365    
         333   152.5049    
         334   157.8002    
         335   167.8613    
         336   160.9774    
         337   166.8022    
         338   170.5089    
         339   164.1546    
         340   157.8002    
         341   157.2707    
         342   170.5089    
         343   162.0365    
         344   173.6861    
         345   163.0955    
         346   172.6271    
         347   166.8022    
         348   155.6821    
         349   169.9794    
         350   169.4499    
         351   158.8593    
         352   177.9224    
         353   168.3908    
         354   168.9203    
         355   170.5089    
         356   182.6882    
         357   173.6861    
         358   175.8043    
         359   184.2767    
         360   163.0955    
         361   186.3949    
         362   172.6271    
         363   184.8063    
         364   172.6271    
         365   177.3929    
         366   175.8043    
         367   183.2177    
         368   177.9224    
         369   192.2197    
         370   186.9244    
         371   173.6861    
         372   194.8674    
         373   165.7432    
         374   186.9244    
         375   174.7452    
         376   181.0996    
         377   183.2177    
         378   195.9264    
         379   198.5741    
         380   173.6861    
         381   196.4560    
         382   186.3949    
         383   185.3358    
         384   196.4560    
         385   192.7492    
         386   202.8103    
         387   193.8083    
         388   200.1627    
         389   203.3399    
         390   199.1036    
         391   207.5761    
         392   209.6942    
         393   188.5130    
         394   217.6372    
         395   213.9305    
         396   205.4580    
         397   221.3439    
         398   221.3439    
         399   239.3480    
         400   219.7553    
         401   229.2869    
         402   236.1708    
         403   238.8184    
         404   240.4070    
         405   238.2889    
         406   245.1728    
         407   249.4090    
         408   247.8204    
         409   270.5903    
         410   255.7634    
         411   283.2990    
         412   266.3540    
         413   290.7125    
         414   273.7675    
         415   277.4742    
         416   276.9446    
         417   289.6534    
         418   300.7735    
         419   298.1259    
         420   314.0118    
         421   294.9487    
         422   310.8346    
         423   329.3682    
         424   309.7756    
         425   316.6595    
         426   327.2501    
         427   340.4883    
         428   343.1360    
         429   335.1931    
         430   337.3112    
         431   343.6656    
         432   337.8407    
         433   351.6085    
         434   355.3152    
         435   342.6065    
         436   354.2562    
         437   346.8427    
         438   348.4313    
         439   352.1380    
         440   329.3682    
         441   359.5515    
         442   347.9018    
         443   354.2562    
         444   353.1971    
         445   357.9629    
         446   380.7327    
         447   373.8488    
         448   355.3152    
         449   380.2032    
         450   362.7287    
         451   384.4394    
         452   396.0891    
         453   389.2052    
         454   407.2093    
         455   406.6797    
         456   387.0871    
         457   423.6247    
         458   434.7448    
         459   423.0952    
         460   423.6247    
         461   456.9851    
         462   456.4556    
         463   450.6308    
         464   455.9261    
         465   452.7489    
         466   467.0462    
         467   489.2865    
         468   490.3456    
         469   479.7550    
         470   491.9342    
         471   512.5859    
         472   497.2295    
         473   497.2295    
         474   512.0563    
         475   506.2315    
         476   554.9484    
         477   519.9993    
         478   537.4738    
         479   519.4698    
         480   541.1805    
         481   512.5859    
         482   507.2906    
         483   529.5309    
         484   544.3577    
         485   519.9993    
         486   560.7732    
         487   548.5940    
         488   526.8832    
         489   574.0115    
         490   579.3068    
         491   554.4188    
         492   539.0624    
         493   589.8974    
         494   581.4249    
         495   575.0706    
         496   620.0807    
         497   551.7712    
         498   623.2579    
         499   608.9605    
         500   604.1948    
         501   613.1968    
         502   602.6061    
         503   585.1317    
         504   635.9666    
         505   587.7793    
         506   588.8383    
         507   624.3169    
         508   574.5410    
         509   647.0867    
         510   562.8914    
         511   631.7303    
         512   603.6652    
         513   610.0196    
         514   599.9585    
         515   593.6041    
         516   639.1438    
         517   585.1317    
         518   593.0746    
         519   620.0807    
         520   637.0256    
         521   603.1357    
         522   619.5511    
         523   625.3760    
         524   639.6733    
         525   605.7833    
         526   610.5491    
         527   621.1397    
         528   629.6122    
         529   597.8404    
         530   624.3169    
         531   655.0297    
         532   636.4961    
         533   639.6733    
         534   617.4330    
         535   659.7955    
         536   629.0827    
         537   642.3210    
         538   677.2700    
         539   650.2639    
         540   676.2109    
         541   673.0338    
         542   707.9828    
         543   674.6223    
         544   695.8036    
         545   700.5693    
         546   702.6875    
         547   713.8076    
         548   700.5693    
         549   719.1030    
         550   729.6935    
         551   712.2191    
         552   737.6365    
         553   758.2882    
         554   759.3473    
         555   758.8177    
         556   777.8809    
         557   754.0520    
         558   764.6426    
         559   738.6956    
         560   773.6446    
         561   768.8788    
         562   749.8157    
         563   786.3533    
         564   735.5184    
         565   752.4634    
         566   736.0479    
         567   783.7057    
         568   741.8727    
         569   760.9359    
         570   754.0520    
         571   749.8157    
         572   740.8137    
         573   754.0520    
         574   741.8727    
         575   754.0520    
         576   733.9298    
         577   738.1661    
         578   733.4003    
         579   756.1701    
         580   741.3433    
         581   743.9909    
         582   766.2312    
         583   764.6426    
         584   738.6956    
         585   771.5265    
         586   757.7587    
         587   764.6426    
         588   744.5204    
         589   748.7567    
         590   741.8727    
         591   733.9298    
         592   754.0520    
         593   759.3473    
         594   735.5184    
         595   765.7017    
         596   725.9868    
         597   748.7567    
         598   748.2271    
         599   757.7587    
         600   787.4124    
         601   766.2312    
         602   767.2903    
         603   766.2312    
         604   772.0560    
         605   755.1110    
         606   771.5265    
         607   765.1721    
         608   751.4043    
         609   782.1171    
         610   761.9949    
         611   749.2862    
         612   776.2923    
         613   738.1661    
         614   784.2352    
         615   751.4043    
         616   741.8727    
         617   768.8788    
         618   764.6426    
         619   767.8198    
         620   747.1681    
         621   772.0560    
         622   767.8198    
         623   756.6996    
         624   760.4064    
         625   756.6996    
         626   756.6996    
         627   782.1171    
         628   751.9338    
         629   779.9990    
         630   760.9359    
         631   756.6996    
         632   762.5245    
         633   773.1151    
         634   749.8157    
         635   782.6467    
         636   763.5836    
         637   743.4614    
         638   758.2882    
         639   770.9969    
         640   760.9359    
         641   745.5795    
         642   767.8198    
         643   736.5775    
         644   760.4064    
         645   790.5896    
         646   728.6345    
         647   746.6385    
         648   768.3493    
         649   755.6406    
         650   728.1050    
         651   750.8748    
         652   742.9318    
         653   732.8707    
         654   761.4654    
         655   743.9909    
         656   743.9909    
         657   732.8707    
         658   715.9258    
         659   740.8137    
         660   720.1620    
         661   724.9278    
         662   725.4573    
         663   723.8687    
         664   693.1559    
         665   719.6324    
         666   700.5693    
         667   724.9278    
         668   693.1559    
         669   705.3351    
         670   688.3901    
         671   687.8606    
         672   692.0969    
         673   658.7364    
         674   715.3962    
         675   678.8586    
         676   711.6895    
         677   670.9156    
         678   662.4431    
         679   678.3290    
         680   661.9136    
         681   680.9767    
         682   682.5653    
         683   658.7364    
         684   667.7385    
         685   657.1478    
         686   643.3800    
         687   679.9177    
         688   629.6122    
         689   686.8016    
         690   650.7935    
         691   661.9136    
         692   651.3230    
         693   664.0317    
         694   635.4371    
         695   641.7914    
         696   663.5022    
         697   631.7303    
         698   629.6122    
         699   643.9095    
         700   656.0887    
         701   626.9645    
         702   631.7303    
         703   646.5572    
         704   624.8464    
         705   640.7324    
         706   653.9706    
         707   646.0276    
         708   622.1988    
         709   650.2639    
         710   632.7894    
         711   636.4961    
         712   651.3230    
         713   634.9075    
         714   665.6203    
         715   657.1478    
         716   671.9747    
         717   641.7914    
         718   665.0908    
         719   672.5042    
         720   654.5002    
         721   659.2659    
         722   650.2639    
         723   690.5083    
         724   666.1498    
         725   687.3311    
         726   675.1519    
         727   681.5062    
         728   699.5103    
         729   714.3372    
         730   701.6284    
         731   721.7506    
         732   727.0459    
         733   710.1009    
         734   745.5795    
         735   741.8727    
         736   750.8748    
         737   757.2292    
         738   779.9990    
         739   803.8279    
         740   794.2963    
         741   841.4246    
         742   853.6038    
         743   875.8441    
         744   863.1353    
         745   931.4448    
         746   902.3206    
         747   963.2167    
         748   992.3409    
         749   1029.408    
         750   1054.296    
         751   1112.544    
         752   1194.622    
         753   1246.516    
         754   1367.249    
         755   1598.654    
         756   1784.519    
         757   2107.533    
         758   2360.119    
         759   2342.115    
         760   2032.339    
         761   1671.199    
         762   1322.768    
         763   1119.958    
         764   956.8623    
         765   850.4266    
         766   783.7057    
         767   706.9237    
         768   634.9075    
         769   615.8444    
         770   565.5390    
         771   533.7672    
         772   532.1785    
         773   479.2254    
         774   461.2214    
         775   449.0422    
         776   421.5066    
         777   401.9139    
         778   426.2724    
         779   404.5616    
         780   368.0240    
         781   352.6676    
         782   362.7286    
         783   346.8427    
         784   328.8387    
         785   329.8977    
         786   329.8977    
         787   325.6615    
         788   305.0098    
         789   304.4803    
         790   294.4192    
         791   292.8306    
         792   287.5353    
         793   287.5353    
         794   278.5332    
         795   276.9446    
         796   276.9446    
         797   276.9446    
         798   265.2950    
         799   276.9446    
         800   261.0587    
         801   258.9406    
         802   253.6453    
         803   257.3520    
         804   260.5292    
         805   258.9406    
         806   254.1748    
         807   255.7634    
         808   254.1748    
         809   244.1137    
         810   258.4111    
         811   250.9976    
         812   223.4620    
         813   244.6433    
         814   255.2339    
         815   245.7023    
         816   240.9366    
         817   247.8204    
         818   235.1117    
         819   246.2319    
         820   227.6983    
         821   260.5292    
         822   230.8755    
         823   237.7594    
         824   230.3459    
         825   249.4090    
         826   227.6983    
         827   225.5802    
         828   231.9345    
         829   226.1097    
         830   225.5802    
         831   219.2258    
         832   235.6412    
         833   226.6392    
         834   216.0486    
         835   223.4620    
         836   213.9305    
         837   211.8123    
         838   196.4560    
         839   217.1077    
         840   186.9244    
         841   217.6372    
         842   200.1627    
         843   194.8674    
         844   194.3378    
         845   199.6331    
         846   186.9244    
         847   188.5130    
         848   184.2767    
         849   195.9264    
         850   181.0996    
         851   191.1606    
         852   178.9814    
         853   182.1586    
         854   173.1566    
         855   176.8633    
         856   173.6861    
         857   177.3929    
         858   171.5680    
         859   165.7432    
         860   168.9203    
         861   154.6230    
         862   167.3318    
         863   153.5639    
         864   165.2136    
         865   149.8572    
         866   159.9183    
         867   146.1505    
         868   150.9163    
         869   138.7371    
         870   147.7391    
         871   134.5008    
         872   140.8552    
         873   130.2646    
         874   132.9122    
         875   132.9122    
         876   129.2055    
         877   121.2626    
         878   124.4398    
         879   122.8512    
         880   124.9693    
         881   112.7901    
         882   122.3216    
         883   113.3196    
         884   109.0834    
         885   112.7901    
         886   105.9062    
         887   105.9062    
         888   104.3176    
         889   100.0813    
         890   103.7881    
         891   98.49274    
         892   88.43166    
         893   100.6109    
         894   87.37260    
         895   96.90415    
         896   85.25447    
         897   90.02025    
         898   87.37260    
         899   86.84306    
         900   82.07729    
         901   79.95917    
         902   76.78197    
         903   83.13635    
         904   71.48667    
         905   78.37057    
         906   74.66386    
         907   76.25245    
         908   78.37057    
         909   73.60479    
         910   73.60479    
         911   76.25245    
         912   74.66386    
         913   74.13432    
         914   79.42963    
         915   67.77995    
         916   78.90010    
         917   70.95714    
         918   72.01620    
         919   75.19338    
         920   70.95714    
         921   69.89808    
         922   72.01620    
         923   65.66183    
         924   69.36855    
         925   70.42760    
         926   67.25042    
         927   75.19338    
         928   66.72089    
         929   66.72089    
         930   77.84104    
         931   61.95511    
         932   76.25245    
         933   68.83901    
         934   64.60277    
         935   76.78198    
         936   72.54573    
         937   58.77793    
         938   68.83901    
         939   65.66183    
         940   74.66386    
         941   67.25042    
         942   69.89808    
         943   67.25042    
         944   59.83699    
         945   65.66183    
         946   66.72089    
         947   58.24840    
         948   70.42760    
         949   64.60277    
         950   67.25042    
         951   58.77793    
         952   69.89808    
         953   63.01418    
         954   75.19338    
         955   54.54168    
         956   61.42558    
         957   60.36652    
         958   60.89605    
         959   66.19136    
         960   64.07323    
         961   57.71887    
         962   63.01418    
         963   59.30746    
         964   63.54370    
         965   60.89605    
         966   61.42558    
         967   62.48465    
         968   51.89403    
         969   64.07323    
         970   55.07121    
         971   59.30746    
         972   57.18933    
         973   59.30746    
         974   56.65981    
         975   53.48262    
         976   57.18933    
         977   58.24840    
         978   51.36449    
         979   58.24840    
         980   64.60277    
         981   54.54168    
         982   56.65981    
         983   52.42356    
         984   64.60277    
         985   56.65981    
         986   56.65981    
         987   57.18933    
         988   59.30746    
         989   61.42558    
         990   58.24840    
         991   59.83699    
         992   62.48465    
         993   52.95309    
         994   57.18933    
         995   58.24840    
         996   63.01418    
         997   60.89605    
         998   65.66183    
         999   58.24840    
        1000   59.83699    
        1001   63.54370    
        1002   61.95511    
        1003   71.48667    
        1004   60.36652    
        1005   60.89605    
        1006   61.42558    
        1007   62.48465    
        1008   59.30746    
        1009   67.25042    
        1010   57.18933    
        1011   59.30746    
        1012   67.77995    
        1013   65.66183    
        1014   56.65981    
        1015   72.54573    
        1016   49.24637    
        1017   67.25042    
        1018   74.66386    
        1019   59.30746    
        1020   62.48465    
        1021   63.54370    
        1022   65.13230    
        1023   69.36855    
        1024   69.36855    
