 #   Y    A
           1  0.0000000E+00
           2  0.0000000E+00
           3  0.0000000E+00
           4  0.0000000E+00
           5  0.0000000E+00
           6  0.0000000E+00
           7  0.0000000E+00
           8  0.0000000E+00
           9  0.0000000E+00
          10  0.0000000E+00
          11  0.0000000E+00
          12  0.0000000E+00
          13  0.0000000E+00
          14  0.0000000E+00
          15  0.0000000E+00
          16  0.0000000E+00
          17  0.0000000E+00
          18  0.0000000E+00
          19  0.0000000E+00
          20  0.0000000E+00
          21  0.0000000E+00
          22  0.0000000E+00
          23  0.0000000E+00
          24  0.0000000E+00
          25  0.0000000E+00
          26  0.0000000E+00
          27  0.0000000E+00
          28  0.0000000E+00
          29  0.0000000E+00
          30  0.0000000E+00
          31  0.0000000E+00
          32  0.0000000E+00
          33  0.0000000E+00
          34  0.0000000E+00
          35  0.0000000E+00
          36  0.0000000E+00
          37  0.0000000E+00
          38  0.0000000E+00
          39  0.0000000E+00
          40  0.0000000E+00
          41  0.0000000E+00
          42  0.0000000E+00
          43  0.0000000E+00
          44  0.0000000E+00
          45  0.0000000E+00
          46  0.0000000E+00
          47  0.0000000E+00
          48  0.0000000E+00
          49  0.0000000E+00
          50  0.0000000E+00
          51  0.0000000E+00
          52  0.0000000E+00
          53  0.0000000E+00
          54  0.0000000E+00
          55  0.0000000E+00
          56  0.0000000E+00
          57  0.0000000E+00
          58  0.0000000E+00
          59  0.0000000E+00
          60  0.0000000E+00
          61  0.0000000E+00
          62  0.0000000E+00
          63  0.0000000E+00
          64  0.0000000E+00
          65  0.0000000E+00
          66  0.0000000E+00
          67  0.0000000E+00
          68  0.0000000E+00
          69  0.0000000E+00
          70  0.0000000E+00
          71  0.0000000E+00
          72  0.0000000E+00
          73  0.0000000E+00
          74  0.0000000E+00
          75  0.0000000E+00
          76  0.0000000E+00
          77  0.0000000E+00
          78  0.0000000E+00
          79  0.0000000E+00
          80  0.0000000E+00
          81  0.0000000E+00
          82  0.0000000E+00
          83  0.0000000E+00
          84  0.0000000E+00
          85  0.0000000E+00
          86  0.0000000E+00
          87  0.0000000E+00
          88  0.0000000E+00
          89  0.0000000E+00
          90  0.0000000E+00
          91  0.0000000E+00
          92  0.0000000E+00
          93  0.0000000E+00
          94  0.0000000E+00
          95  0.0000000E+00
          96  0.0000000E+00
          97  0.0000000E+00
          98  0.0000000E+00
          99  0.0000000E+00
         100  0.0000000E+00
         101  0.0000000E+00
         102  0.0000000E+00
         103  0.0000000E+00
         104  0.0000000E+00
         105  0.0000000E+00
         106  0.0000000E+00
         107  0.0000000E+00
         108  0.0000000E+00
         109  0.0000000E+00
         110  0.0000000E+00
         111  0.0000000E+00
         112  0.0000000E+00
         113  0.0000000E+00
         114  0.0000000E+00
         115  0.0000000E+00
         116  0.0000000E+00
         117  0.0000000E+00
         118  0.0000000E+00
         119  0.0000000E+00
         120  0.0000000E+00
         121  0.0000000E+00
         122  0.0000000E+00
         123  0.0000000E+00
         124  0.0000000E+00
         125  0.0000000E+00
         126  0.0000000E+00
         127  0.0000000E+00
         128  0.0000000E+00
         129  0.0000000E+00
         130  0.0000000E+00
         131  0.0000000E+00
         132  0.0000000E+00
         133  0.0000000E+00
         134  0.0000000E+00
         135  0.0000000E+00
         136  0.0000000E+00
         137  0.0000000E+00
         138  0.0000000E+00
         139  0.0000000E+00
         140  0.0000000E+00
         141  0.0000000E+00
         142  0.0000000E+00
         143  0.0000000E+00
         144  0.0000000E+00
         145  0.0000000E+00
         146  0.0000000E+00
         147  0.0000000E+00
         148  0.0000000E+00
         149  0.0000000E+00
         150  0.0000000E+00
         151  0.0000000E+00
         152  0.0000000E+00
         153  0.0000000E+00
         154  0.0000000E+00
         155  0.0000000E+00
         156  0.0000000E+00
         157  0.0000000E+00
         158  0.0000000E+00
         159  0.0000000E+00
         160  0.0000000E+00
         161  0.0000000E+00
         162  0.0000000E+00
         163  0.0000000E+00
         164  0.0000000E+00
         165  0.0000000E+00
         166  0.0000000E+00
         167  0.0000000E+00
         168  0.0000000E+00
         169  0.0000000E+00
         170  0.0000000E+00
         171  0.0000000E+00
         172  0.0000000E+00
         173  0.0000000E+00
         174  0.0000000E+00
         175  0.0000000E+00
         176  0.0000000E+00
         177  0.0000000E+00
         178  0.0000000E+00
         179  0.0000000E+00
         180  0.0000000E+00
         181  0.0000000E+00
         182  0.0000000E+00
         183  0.0000000E+00
         184  0.0000000E+00
         185  0.0000000E+00
         186  0.0000000E+00
         187  0.0000000E+00
         188  0.0000000E+00
         189  0.0000000E+00
         190  0.0000000E+00
         191  0.0000000E+00
         192  0.0000000E+00
         193  0.0000000E+00
         194  0.0000000E+00
         195  0.0000000E+00
         196  0.0000000E+00
         197  0.0000000E+00
         198  0.0000000E+00
         199  0.0000000E+00
         200  0.5295309    
         201   2.118124    
         202   6.354371    
         203   13.23827    
         204   14.82686    
         205   16.41546    
         206   15.88593    
         207   14.82686    
         208   20.65170    
         209   22.24030    
         210   18.00405    
         211   22.24030    
         212   19.59264    
         213   19.06311    
         214   16.41546    
         215   15.88593    
         216   21.71077    
         217   11.64968    
         218   19.59264    
         219   27.00607    
         220   30.18326    
         221   19.06311    
         222   20.12217    
         223   20.65170    
         224   17.47452    
         225   15.88593    
         226   24.35842    
         227   20.12217    
         228   20.65170    
         229   22.76983    
         230   24.35842    
         231   25.41748    
         232   16.41546    
         233   25.94701    
         234   20.12217    
         235   20.65170    
         236   22.76983    
         237   22.76983    
         238   24.35842    
         239   26.47654    
         240   24.35842    
         241   25.94701    
         242   21.18124    
         243   21.18124    
         244   22.76983    
         245   31.24232    
         246   30.71279    
         247   25.94701    
         248   24.35842    
         249   25.41748    
         250   30.71279    
         251   28.06514    
         252   28.59467    
         253   19.06311    
         254   24.35842    
         255   27.00607    
         256   25.94701    
         257   25.41748    
         258   37.06716    
         259   29.65373    
         260   28.06514    
         261   34.94904    
         262   27.00607    
         263   32.30138    
         264   29.12420    
         265   29.12420    
         266   39.18529    
         267   31.24232    
         268   36.53763    
         269   27.00607    
         270   38.65575    
         271   42.36247    
         272   30.18326    
         273   38.65575    
         274   34.41951    
         275   33.36045    
         276   36.53763    
         277   30.71279    
         278   36.53763    
         279   54.01215    
         280   34.41951    
         281   38.65575    
         282   34.41951    
         283   42.89200    
         284   49.77590    
         285   53.48262    
         286   47.65778    
         287   59.30746    
         288   49.77590    
         289   42.89200    
         290   47.65778    
         291   56.13028    
         292   52.95309    
         293   52.95309    
         294   73.60479    
         295   65.13230    
         296   59.83699    
         297   55.60074    
         298   77.31151    
         299   81.01823    
         300   77.31151    
         301   76.25245    
         302   93.72697    
         303   89.49072    
         304   98.49274    
         305   120.2035    
         306   106.9652    
         307   126.5579    
         308   123.3807    
         309   128.1465    
         310   149.3277    
         311   159.3888    
         312   145.0915    
         313   159.9183    
         314   166.2727    
         315   168.3908    
         316   181.0996    
         317   201.7513    
         318   178.4519    
         319   202.2808    
         320   166.8022    
         321   177.3929    
         322   182.1586    
         323   174.2157    
         324   182.1586    
         325   166.8022    
         326   180.0405    
         327   173.6861    
         328   195.9264    
         329   153.5639    
         330   177.9224    
         331   165.2136    
         332   187.4539    
         333   172.0975    
         334   172.6271    
         335   178.4519    
         336   177.9224    
         337   175.8043    
         338   188.5130    
         339   174.2157    
         340   194.3378    
         341   171.5680    
         342   192.7492    
         343   181.0996    
         344   193.8083    
         345   199.1036    
         346   211.2828    
         347   200.6922    
         348   194.8674    
         349   226.6392    
         350   222.4030    
         351   229.2869    
         352   236.7003    
         353   235.1117    
         354   255.7634    
         355   237.7594    
         356   268.4722    
         357   251.5272    
         358   267.4131    
         359   265.2950    
         360   274.2970    
         361   282.2400    
         362   257.3520    
         363   296.5373    
         364   291.7715    
         365   293.8896    
         366   299.7145    
         367   301.8326    
         368   304.4803    
         369   323.0138    
         370   298.6554    
         371   316.6595    
         372   305.0098    
         373   328.3091    
         374   297.5963    
         375   326.1910    
         376   309.7756    
         377   307.1279    
         378   315.6004    
         379   314.0118    
         380   324.6024    
         381   313.4823    
         382   339.4293    
         383   321.9548    
         384   328.8387    
         385   316.1299    
         386   328.8387    
         387   345.7837    
         388   335.1931    
         389   324.6024    
         390   338.3702    
         391   342.6065    
         392   338.3702    
         393   329.3682    
         394   347.9018    
         395   347.9018    
         396   345.7837    
         397   340.4883    
         398   337.3112    
         399   345.7837    
         400   336.7816    
         401   341.5474    
         402   335.1931    
         403   346.3132    
         404   341.5474    
         405   334.6635    
         406   338.8997    
         407   335.7226    
         408   357.4333    
         409   325.1320    
         410   350.5494    
         411   349.4904    
         412   357.9629    
         413   345.7837    
         414   346.3132    
         415   350.0199    
         416   361.6696    
         417   350.0199    
         418   359.5515    
         419   369.6125    
         420   356.9038    
         421   361.1401    
         422   359.5515    
         423   384.9690    
         424   374.9079    
         425   383.3804    
         426   388.1461    
         427   390.2643    
         428   373.8488    
         429   389.7347    
         430   398.7368    
         431   392.9119    
         432   395.5596    
         433   417.7999    
         434   418.8589    
         435   421.5066    
         436   428.9200    
         437   411.4455    
         438   417.2703    
         439   436.8630    
         440   428.3905    
         441   461.2214    
         442   426.8019    
         443   470.7530    
         444   459.1033    
         445   480.8140    
         446   463.3395    
         447   488.7570    
         448   519.9993    
         449   518.9402    
         450   512.5859    
         451   534.2966    
         452   529.0013    
         453   541.7101    
         454   560.2437    
         455   566.0685    
         456   561.3027    
         457   585.6611    
         458   601.5471    
         459   587.7793    
         460   570.3047    
         461   602.0766    
         462   576.6591    
         463   584.6021    
         464   621.6693    
         465   604.7242    
         466   622.7283    
         467   609.4901    
         468   621.6693    
         469   620.0807    
         470   620.6102    
         471   617.4330    
         472   662.4431    
         473   605.7833    
         474   643.3800    
         475   647.6163    
         476   653.9706    
         477   663.5022    
         478   647.6163    
         479   659.7955    
         480   667.7385    
         481   630.6713    
         482   666.6794    
         483   714.8667    
         484   666.6794    
         485   662.4431    
         486   740.8137    
         487   697.3922    
         488   744.5204    
         489   694.2150    
         490   712.2191    
         491   773.1151    
         492   715.3962    
         493   722.8096    
         494   748.7567    
         495   784.2352    
         496   793.2372    
         497   786.3533    
         498   795.3554    
         499   816.5366    
         500   801.1802    
         501   773.1151    
         502   870.5488    
         503   819.7138    
         504   840.8950    
         505   810.7118    
         506   864.7239    
         507   809.6527    
         508   861.0172    
         509   867.3716    
         510   855.1924    
         511   917.1475    
         512   906.0273    
         513   840.8950    
         514   882.7280    
         515   966.3939    
         516   850.4266    
         517   848.3085    
         518   976.9845    
         519   929.3267    
         520   939.9173    
         521   956.8623    
         522   988.1046    
         523   902.8502    
         524   941.5059    
         525   968.5120    
         526   968.5120    
         527   918.2065    
         528   998.6953    
         529   966.3939    
         530   943.0945    
         531   943.6240    
         532   965.3348    
         533   966.9234    
         534   958.9804    
         535   943.6240    
         536   916.6180    
         537   974.3368    
         538   924.5609    
         539   905.4978    
         540   962.6871    
         541   911.3226    
         542   920.3246    
         543   952.0965    
         544   952.6260    
         545   946.8012    
         546   919.2656    
         547   948.3898    
         548   974.3369    
         549   944.6831    
         550   945.7421    
         551   988.6342    
         552   988.1046    
         553   1029.938    
         554   1031.526    
         555   1039.999    
         556   1034.703    
         557   1042.646    
         558   1080.243    
         559   1058.532    
         560   1061.709    
         561   1071.771    
         562   1060.121    
         563   1071.241    
         564   1052.178    
         565   1096.129    
         566   1058.532    
         567   1076.536    
         568   1096.658    
         569   1079.714    
         570   1086.597    
         571   1095.599    
         572   1083.420    
         573   1061.180    
         574   1086.597    
         575   1055.355    
         576   1074.948    
         577   1040.528    
         578   1064.357    
         579   1041.058    
         580   1082.891    
         581   1055.355    
         582   1059.591    
         583   1030.467    
         584   1033.644    
         585   1064.357    
         586   1027.290    
         587   1040.528    
         588   1020.936    
         589   1040.528    
         590   1024.113    
         591   1031.526    
         592   1033.644    
         593   1030.997    
         594   1021.995    
         595   1022.524    
         596   1037.351    
         597   1020.936    
         598   1014.581    
         599   1039.469    
         600   1016.699    
         601   1026.231    
         602   1028.879    
         603   1005.579    
         604   1006.638    
         605   987.5751    
         606   1032.585    
         607   1017.758    
         608   1020.936    
         609   984.3979    
         610   1022.524    
         611   1033.644    
         612   988.1046    
         613   1046.353    
         614   996.5771    
         615   996.5771    
         616   1014.052    
         617   999.2248    
         618   976.9845    
         619   1016.699    
         620   982.8093    
         621   985.9865    
         622   957.3918    
         623   989.1637    
         624   967.4529    
         625   970.1006    
         626   962.1576    
         627   945.2126    
         628   998.1657    
         629   932.5039    
         630   962.6871    
         631   960.0395    
         632   937.2697    
         633   962.1576    
         634   946.2717    
         635   937.7992    
         636   957.3918    
         637   951.0375    
         638   938.8583    
         639   921.9133    
         640   946.2717    
         641   921.3837    
         642   955.8032    
         643   888.5528    
         644   970.1006    
         645   928.7972    
         646   942.0355    
         647   941.5059    
         648   947.3307    
         649   953.1556    
         650   954.2147    
         651   954.7442    
         652   988.6342    
         653   984.3979    
         654   999.7543    
         655   1017.229    
         656   1048.471    
         657   1024.642    
         658   1082.891    
         659   1071.771    
         660   1087.656    
         661   1122.605    
         662   1135.844    
         663   1122.605    
         664   1137.962    
         665   1194.092    
         666   1226.394    
         667   1223.216    
         668   1252.870    
         669   1321.709    
         670   1345.008    
         671   1364.072    
         672   1485.864    
         673   1571.118    
         674   1622.483    
         675   1722.564    
         676   1851.240    
         677   2068.348    
         678   2287.044    
         679   2562.929    
         680   2669.365    
         681   2826.106    
         682   2910.302    
         683   2648.713    
         684   2451.198    
         685   2109.122    
         686   1784.519    
         687   1567.411    
         688   1352.951    
         689   1253.929    
         690   1091.363    
         691   990.2228    
         692   957.9214    
         693   922.9723    
         694   857.3105    
         695   819.1843    
         696   765.7017    
         697   771.5265    
         698   705.3351    
         699   701.0989    
         700   683.6244    
         701   658.2069    
         702   641.2619    
         703   617.4330    
         704   629.0827    
         705   586.7202    
         706   605.7833    
         707   568.7162    
         708   575.0706    
         709   554.9484    
         710   544.8873    
         711   526.8832    
         712   538.0034    
         713   519.4698    
         714   528.4718    
         715   496.1704    
         716   500.9362    
         717   495.6409    
         718   485.5798    
         719   500.9362    
         720   478.1664    
         721   469.1644    
         722   470.7530    
         723   470.2234    
         724   454.3375    
         725   470.2234    
         726   435.2744    
         727   431.5677    
         728   445.8650    
         729   438.4516    
         730   431.0381    
         731   423.0952    
         732   417.2703    
         733   404.0321    
         734   414.6227    
         735   414.6227    
         736   398.7368    
         737   411.9750    
         738   393.9710    
         739   385.4985    
         740   402.4435    
         741   386.5576    
         742   382.3213    
         743   378.0851    
         744   348.4313    
         745   374.3783    
         746   353.1971    
         747   360.6105    
         748   346.3132    
         749   349.4904    
         750   336.2521    
         751   344.1951    
         752   312.9528    
         753   319.8367    
         754   323.5434    
         755   323.0138    
         756   307.1279    
         757   319.3071    
         758   301.3031    
         759   308.1870    
         760   296.0078    
         761   284.3581    
         762   281.7104    
         763   278.0037    
         764   271.6494    
         765   286.4762    
         766   262.6473    
         767   255.2339    
         768   276.9446    
         769   261.0587    
         770   249.4090    
         771   244.1137    
         772   241.9956    
         773   236.7003    
         774   228.2278    
         775   232.4641    
         776   218.1667    
         777   228.2278    
         778   204.9285    
         779   216.5781    
         780   192.7492    
         781   196.4560    
         782   205.9875    
         783   183.2177    
         784   202.2808    
         785   184.8063    
         786   181.6291    
         787   186.9244    
         788   176.8633    
         789   174.7452    
         790   180.0405    
         791   184.8063    
         792   155.6821    
         793   182.6882    
         794   168.9203    
         795   159.9183    
         796   182.1586    
         797   164.1546    
         798   166.2727    
         799   161.5069    
         800   162.0365    
         801   160.9774    
         802   166.8022    
         803   154.6230    
         804   160.9774    
         805   158.3297    
         806   149.3277    
         807   158.3297    
         808   144.0324    
         809   159.9183    
         810   149.8572    
         811   153.0344    
         812   151.4458    
         813   140.8552    
         814   153.0344    
         815   133.9713    
         816   150.3868    
         817   139.2666    
         818   137.6780    
         819   149.3277    
         820   136.6190    
         821   139.7962    
         822   133.4418    
         823   135.5599    
         824   135.0304    
         825   132.9122    
         826   140.8552    
         827   122.3216    
         828   120.7330    
         829   137.1485    
         830   140.3257    
         831   123.3807    
         832   133.4418    
         833   133.9713    
         834   131.8532    
         835   117.5559    
         836   126.0284    
         837   127.6169    
         838   120.7330    
         839   119.1444    
         840   132.3827    
         841   123.9102    
         842   124.4398    
         843   126.0284    
         844   124.9693    
         845   122.8512    
         846   125.4988    
         847   115.9673    
         848   120.2035    
         849   119.6740    
         850   119.6740    
         851   117.0263    
         852   117.0263    
         853   112.7901    
         854   107.4948    
         855   115.9673    
         856   115.4377    
         857   113.3196    
         858   107.4948    
         859   126.5579    
         860   109.6129    
         861   115.9673    
         862   104.8471    
         863   114.3787    
         864   115.4377    
         865   101.1404    
         866   105.3766    
         867   115.4377    
         868   114.9082    
         869   97.43369    
         870   112.2606    
         871   112.7901    
         872   105.3766    
         873   105.9062    
         874   114.3787    
         875   113.3196    
         876   97.43369    
         877   122.3216    
         878   113.8491    
         879   104.3176    
         880   106.4357    
         881   109.6129    
         882   114.3787    
         883   111.2015    
         884   106.4357    
         885   113.3196    
         886   117.0263    
         887   114.9082    
         888   118.0854    
         889   120.2035    
         890   118.0854    
         891   119.1444    
         892   130.7941    
         893   117.0263    
         894   118.6149    
         895   135.0304    
         896   125.4988    
         897   130.2646    
         898   126.0284    
         899   124.9693    
         900   124.9693    
         901   132.3827    
         902   133.4418    
         903   122.8512    
         904   140.8552    
         905   131.3237    
         906   115.9673    
         907   127.0874    
         908   124.4398    
         909   135.0304    
         910   127.6169    
         911   129.7351    
         912   115.9673    
         913   130.2646    
         914   136.6190    
         915   126.5579    
         916   128.6760    
         917   128.1465    
         918   125.4988    
         919   135.5599    
         920   120.2035    
         921   129.2055    
         922   121.7921    
         923   137.1485    
         924   122.3216    
         925   131.8532    
         926   131.8532    
         927   118.6149    
         928   115.9673    
         929   135.0304    
         930   115.9673    
         931   117.5559    
         932   140.3257    
         933   114.9082    
         934   130.7941    
         935   112.2605    
         936   114.3787    
         937   132.3827    
         938   111.2015    
         939   108.0243    
         940   125.4988    
         941   119.6740    
         942   107.4948    
         943   110.1424    
         944   109.6129    
         945   111.7310    
         946   101.6699    
         947   108.0243    
         948   103.7881    
         949   108.0243    
         950   103.7881    
         951   103.2585    
         952   96.90415    
         953   111.2015    
         954   106.4357    
         955   88.43166    
         956   94.25650    
         957   97.96321    
         958   89.49072    
         959   99.55180    
         960   90.02025    
         961   85.25447    
         962   88.96119    
         963   91.60884    
         964   80.48869    
         965   82.60682    
         966   94.25650    
         967   75.19339    
         968   83.66588    
         969   72.54573    
         970   59.30746    
         971   50.30544    
         972   58.24840    
         973   56.13027    
         974   56.13028    
         975   56.65981    
         976   51.89403    
         977   47.65778    
         978   55.07121    
         979   46.59872    
         980   48.71684    
         981   46.59872    
         982   54.54168    
         983   39.18528    
         984   39.71482    
         985   42.89200    
         986   40.77388    
         987   38.12622    
         988   43.95107    
         989   40.77388    
         990   45.01012    
         991   40.77388    
         992   48.18731    
         993   44.48059    
         994   55.07121    
         995   78.90010    
         996   64.07323    
         997   1.588593    
         998  0.0000000E+00
         999  0.0000000E+00
        1000  0.0000000E+00
        1001  0.0000000E+00
        1002  0.0000000E+00
        1003  0.0000000E+00
        1004  0.0000000E+00
        1005  0.0000000E+00
        1006  0.0000000E+00
        1007  0.0000000E+00
        1008  0.0000000E+00
        1009  0.0000000E+00
        1010  0.0000000E+00
        1011  0.0000000E+00
        1012  0.0000000E+00
        1013  0.0000000E+00
        1014  0.0000000E+00
        1015  0.0000000E+00
        1016  0.0000000E+00
        1017  0.0000000E+00
        1018  0.0000000E+00
        1019  0.0000000E+00
        1020  0.0000000E+00
        1021  0.0000000E+00
        1022  0.0000000E+00
        1023  0.0000000E+00
        1024  0.0000000E+00
