 #   Y    A
           1  0.0000000E+00
           2  0.0000000E+00
           3  0.0000000E+00
           4  0.0000000E+00
           5  0.0000000E+00
           6  0.0000000E+00
           7  0.0000000E+00
           8  0.0000000E+00
           9  0.0000000E+00
          10  0.0000000E+00
          11  0.0000000E+00
          12  0.0000000E+00
          13  0.0000000E+00
          14  0.0000000E+00
          15  0.0000000E+00
          16  0.0000000E+00
          17  0.0000000E+00
          18  0.0000000E+00
          19  0.0000000E+00
          20  0.0000000E+00
          21  0.0000000E+00
          22  0.0000000E+00
          23  0.0000000E+00
          24  0.0000000E+00
          25  0.0000000E+00
          26  0.0000000E+00
          27  0.0000000E+00
          28  0.0000000E+00
          29  0.0000000E+00
          30  0.0000000E+00
          31  0.0000000E+00
          32  0.0000000E+00
          33  0.0000000E+00
          34  0.0000000E+00
          35  0.0000000E+00
          36  0.0000000E+00
          37  0.0000000E+00
          38  0.0000000E+00
          39  0.0000000E+00
          40  0.0000000E+00
          41  0.0000000E+00
          42  0.0000000E+00
          43  0.0000000E+00
          44  0.0000000E+00
          45  0.0000000E+00
          46  0.0000000E+00
          47  0.0000000E+00
          48  0.0000000E+00
          49  0.0000000E+00
          50  0.0000000E+00
          51  0.0000000E+00
          52  0.0000000E+00
          53  0.0000000E+00
          54  0.0000000E+00
          55  0.0000000E+00
          56  0.0000000E+00
          57  0.0000000E+00
          58  0.0000000E+00
          59  0.0000000E+00
          60  0.0000000E+00
          61  0.0000000E+00
          62  0.0000000E+00
          63  0.0000000E+00
          64  0.0000000E+00
          65  0.0000000E+00
          66  0.0000000E+00
          67  0.0000000E+00
          68  0.0000000E+00
          69  0.0000000E+00
          70  0.0000000E+00
          71  0.0000000E+00
          72  0.0000000E+00
          73  0.0000000E+00
          74  0.0000000E+00
          75  0.0000000E+00
          76  0.0000000E+00
          77  0.0000000E+00
          78  0.0000000E+00
          79  0.0000000E+00
          80  0.0000000E+00
          81  0.0000000E+00
          82  0.0000000E+00
          83  0.0000000E+00
          84  0.0000000E+00
          85  0.0000000E+00
          86  0.0000000E+00
          87  0.0000000E+00
          88  0.0000000E+00
          89  0.0000000E+00
          90  0.0000000E+00
          91  0.0000000E+00
          92  0.0000000E+00
          93  0.0000000E+00
          94  0.0000000E+00
          95  0.0000000E+00
          96  0.0000000E+00
          97  0.0000000E+00
          98  0.0000000E+00
          99  0.0000000E+00
         100  0.0000000E+00
         101  0.0000000E+00
         102  0.0000000E+00
         103  0.0000000E+00
         104  0.0000000E+00
         105  0.0000000E+00
         106  0.0000000E+00
         107  0.0000000E+00
         108  0.0000000E+00
         109  0.0000000E+00
         110  0.0000000E+00
         111  0.0000000E+00
         112  0.0000000E+00
         113  0.0000000E+00
         114  0.0000000E+00
         115  0.0000000E+00
         116  0.0000000E+00
         117  0.0000000E+00
         118  0.0000000E+00
         119  0.0000000E+00
         120  0.0000000E+00
         121  0.0000000E+00
         122  0.0000000E+00
         123  0.0000000E+00
         124  0.0000000E+00
         125  0.0000000E+00
         126  0.0000000E+00
         127  0.0000000E+00
         128  0.0000000E+00
         129  0.0000000E+00
         130  0.0000000E+00
         131  0.0000000E+00
         132  0.0000000E+00
         133  0.0000000E+00
         134  0.0000000E+00
         135  0.0000000E+00
         136  0.0000000E+00
         137  0.0000000E+00
         138  0.0000000E+00
         139  0.0000000E+00
         140  0.0000000E+00
         141  0.0000000E+00
         142  0.0000000E+00
         143  0.0000000E+00
         144  0.0000000E+00
         145  0.0000000E+00
         146  0.0000000E+00
         147  0.0000000E+00
         148  0.0000000E+00
         149  0.0000000E+00
         150  0.0000000E+00
         151  0.0000000E+00
         152  0.0000000E+00
         153  0.0000000E+00
         154  0.0000000E+00
         155  0.0000000E+00
         156  0.0000000E+00
         157  0.0000000E+00
         158  0.0000000E+00
         159  0.0000000E+00
         160  0.0000000E+00
         161  0.0000000E+00
         162  0.0000000E+00
         163  0.0000000E+00
         164  0.0000000E+00
         165  0.0000000E+00
         166  0.0000000E+00
         167  0.0000000E+00
         168  0.0000000E+00
         169  0.0000000E+00
         170  0.0000000E+00
         171  0.0000000E+00
         172  0.0000000E+00
         173  0.0000000E+00
         174  0.0000000E+00
         175  0.0000000E+00
         176  0.0000000E+00
         177  0.0000000E+00
         178  0.0000000E+00
         179  0.0000000E+00
         180  0.0000000E+00
         181  0.0000000E+00
         182  0.0000000E+00
         183  0.0000000E+00
         184  0.0000000E+00
         185  0.0000000E+00
         186  0.0000000E+00
         187  0.0000000E+00
         188  0.0000000E+00
         189  0.0000000E+00
         190  0.0000000E+00
         191  0.0000000E+00
         192  0.0000000E+00
         193  0.0000000E+00
         194  0.0000000E+00
         195  0.0000000E+00
         196  0.0000000E+00
         197  0.0000000E+00
         198  0.0000000E+00
         199  0.0000000E+00
         200  0.0000000E+00
         201  0.0000000E+00
         202  0.0000000E+00
         203  0.0000000E+00
         204  0.0000000E+00
         205  0.0000000E+00
         206  0.0000000E+00
         207  0.0000000E+00
         208  0.0000000E+00
         209  0.0000000E+00
         210  0.0000000E+00
         211  0.0000000E+00
         212  0.0000000E+00
         213  0.0000000E+00
         214  0.0000000E+00
         215  0.0000000E+00
         216  0.0000000E+00
         217  0.0000000E+00
         218  0.0000000E+00
         219  0.0000000E+00
         220  0.0000000E+00
         221  0.0000000E+00
         222  0.0000000E+00
         223  0.0000000E+00
         224  0.0000000E+00
         225  0.0000000E+00
         226  0.0000000E+00
         227  0.0000000E+00
         228  0.0000000E+00
         229  0.0000000E+00
         230  0.0000000E+00
         231  0.0000000E+00
         232  0.0000000E+00
         233  0.0000000E+00
         234  0.0000000E+00
         235  0.0000000E+00
         236  0.0000000E+00
         237  0.0000000E+00
         238  0.0000000E+00
         239  0.0000000E+00
         240   1.059062    
         241   4.765778    
         242   11.12015    
         243   15.88593    
         244   17.47452    
         245   16.94499    
         246   19.06311    
         247   22.76983    
         248   19.59264    
         249   23.82889    
         250   19.06311    
         251   23.82889    
         252   18.00405    
         253   19.06311    
         254   22.76983    
         255   12.70874    
         256   27.00607    
         257   32.30138    
         258   29.65373    
         259   17.47452    
         260   20.65170    
         261   23.29936    
         262   15.35640    
         263   26.47654    
         264   20.65170    
         265   22.76983    
         266   21.71077    
         267   30.71279    
         268   22.76983    
         269   26.47654    
         270   22.76983    
         271   22.76983    
         272   24.88795    
         273   24.35842    
         274   26.47654    
         275   28.06514    
         276   28.06514    
         277   19.06311    
         278   27.00607    
         279   22.76983    
         280   29.65373    
         281   36.53763    
         282   29.12420    
         283   23.82889    
         284   32.30138    
         285   29.12420    
         286   29.12420    
         287   26.47654    
         288   24.35842    
         289   26.47654    
         290   26.47654    
         291   27.00607    
         292   34.94904    
         293   31.77185    
         294   32.30138    
         295   33.36045    
         296   29.65373    
         297   32.30138    
         298   29.12420    
         299   32.83091    
         300   34.94904    
         301   31.24232    
         302   38.65575    
         303   34.41951    
         304   39.18528    
         305   42.36247    
         306   32.30138    
         307   38.12622    
         308   33.88998    
         309   32.83091    
         310   34.94904    
         311   28.59467    
         312   43.42153    
         313   51.89403    
         314   37.59669    
         315   34.41951    
         316   35.47857    
         317   38.12622    
         318   47.65778    
         319   57.18933    
         320   43.95107    
         321   57.71886    
         322   49.24637    
         323   39.18529    
         324   41.30341    
         325   57.18933    
         326   42.89200    
         327   55.07121    
         328   58.24840    
         329   61.42558    
         330   58.77793    
         331   50.30544    
         332   56.65981    
         333   64.60277    
         334   77.84104    
         335   59.83699    
         336   85.25447    
         337   74.66386    
         338   68.30949    
         339   93.19743    
         340   89.49072    
         341   99.55181    
         342   96.37462    
         343   113.8491    
         344   104.3176    
         345   120.7330    
         346   110.1424    
         347   135.0304    
         348   144.0324    
         349   137.1485    
         350   154.6230    
         351   153.0344    
         352   172.0975    
         353   191.1606    
         354   202.8103    
         355   180.5700    
         356   208.6352    
         357   204.3989    
         358   197.5150    
         359   201.2217    
         360   211.8123    
         361   217.6372    
         362   216.5781    
         363   222.9325    
         364   221.8734    
         365   195.3969    
         366   212.3419    
         367   229.8164    
         368   210.2238    
         369   214.9895    
         370   227.1687    
         371   213.9305    
         372   220.2849    
         373   225.5802    
         374   219.7553    
         375   221.8734    
         376   230.8755    
         377   225.5802    
         378   222.9325    
         379   240.4070    
         380   240.4070    
         381   252.0567    
         382   252.0567    
         383   265.8245    
         384   264.7654    
         385   281.7104    
         386   295.4782    
         387   307.6574    
         388   304.4803    
         389   324.6024    
         390   343.1360    
         391   337.3112    
         392   317.7185    
         393   362.7286    
         394   360.0810    
         395   347.9018    
         396   395.5596    
         397   400.3253    
         398   387.0871    
         399   383.9099    
         400   439.5106    
         401   411.4455    
         402   404.0321    
         403   403.5025    
         404   420.4475    
         405   436.8630    
         406   418.3294    
         407   432.6267    
         408   451.1603    
         409   424.1542    
         410   455.9261    
         411   445.8650    
         412   477.6369    
         413   488.2275    
         414   483.4617    
         415   492.9933    
         416   492.9933    
         417   517.3517    
         418   494.5818    
         419   520.5289    
         420   537.4738    
         421   531.6490    
         422   553.3597    
         423   568.7162    
         424   565.0095    
         425   529.5309    
         426   580.3658    
         427   583.0135    
         428   562.8913    
         429   580.8954    
         430   591.4860    
         431   580.3658    
         432   575.0706    
         433   575.0706    
         434   568.7162    
         435   598.3699    
         436   589.8974    
         437   576.1296    
         438   587.2498    
         439   587.2498    
         440   576.1296    
         441   610.5491    
         442   589.3679    
         443   598.3699    
         444   587.2498    
         445   567.6571    
         446   612.1377    
         447   607.3719    
         448   607.3719    
         449   629.0827    
         450   598.3699    
         451   623.7874    
         452   616.9035    
         453   642.3210    
         454   639.1438    
         455   624.8464    
         456   653.9706    
         457   664.0317    
         458   683.6244    
         459   688.9197    
         460   678.8586    
         461   691.0378    
         462   722.2802    
         463   733.9298    
         464   748.2271    
         465   736.5775    
         466   802.2393    
         467   801.7098    
         468   817.5957    
         469   831.8930    
         470   863.6649    
         471   812.3004    
         472   854.1333    
         473   802.7688    
         474   862.0763    
         475   867.9011    
         476   848.3085    
         477   833.4816    
         478   862.0763    
         479   862.6058    
         480   830.3044    
         481   868.9602    
         482   848.8380    
         483   833.4816    
         484   874.2555    
         485   888.0233    
         486   826.0682    
         487   854.1333    
         488   911.8522    
         489   862.0763    
         490   912.3817    
         491   875.3146    
         492   877.4327    
         493   901.7911    
         494   882.1984    
         495   948.9194    
         496   965.3348    
         497   916.6180    
         498   950.5079    
         499   1009.286    
         500   971.1596    
         501   992.3409    
         502   954.2147    
         503   1021.465    
         504   993.3999    
         505   1075.477    
         506   1007.697    
         507   998.1657    
         508   993.9294    
         509   1016.170    
         510   1044.235    
         511   1037.351    
         512   1058.003    
         513   1051.119    
         514   1063.298    
         515   1079.184    
         516   1107.779    
         517   1123.135    
         518   1110.956    
         519   1123.135    
         520   1169.204    
         521   1137.432    
         522   1136.373    
         523   1163.379    
         524   1149.082    
         525   1173.970    
         526   1177.677    
         527   1184.561    
         528   1207.860    
         529   1202.565    
         530   1181.913    
         531   1227.453    
         532   1182.972    
         533   1208.390    
         534   1186.149    
         535   1170.263    
         536   1186.149    
         537   1149.612    
         538   1201.506    
         539   1163.909    
         540   1155.436    
         541   1173.440    
         542   1170.263    
         543   1144.846    
         544   1160.732    
         545   1116.781    
         546   1139.021    
         547   1117.840    
         548   1109.367    
         549   1124.724    
         550   1100.895    
         551   1119.958    
         552   1109.367    
         553   1122.076    
         554   1124.194    
         555   1144.316    
         556   1182.443    
         557   1169.734    
         558   1168.145    
         559   1222.157    
         560   1190.915    
         561   1203.094    
         562   1248.634    
         563   1203.624    
         564   1229.571    
         565   1233.277    
         566   1271.933    
         567   1234.337    
         568   1277.758    
         569   1232.748    
         570   1263.990    
         571   1279.347    
         572   1265.049    
         573   1303.705    
         574   1309.530    
         575   1306.353    
         576   1295.233    
         577   1325.416    
         578   1332.300    
         579   1303.176    
         580   1287.290    
         581   1315.884    
         582   1239.102    
         583   1321.709    
         584   1276.169    
         585   1275.640    
         586   1273.522    
         587   1294.173    
         588   1259.754    
         589   1302.116    
         590   1278.817    
         591   1324.886    
         592   1289.937    
         593   1298.939    
         594   1254.459    
         595   1299.998    
         596   1266.108    
         597   1267.697    
         598   1268.756    
         599   1330.711    
         600   1275.640    
         601   1318.002    
         602   1290.996    
         603   1300.528    
         604   1287.819    
         605   1294.703    
         606   1313.237    
         607   1321.709    
         608   1248.634    
         609   1331.241    
         610   1313.237    
         611   1328.063    
         612   1346.068    
         613   1358.776    
         614   1349.774    
         615   1390.548    
         616   1448.267    
         617   1430.263    
         618   1441.913    
         619   1531.403    
         620   1535.640    
         621   1582.768    
         622   1668.022    
         623   1718.857    
         624   1759.102    
         625   1841.708    
         626   1907.370    
         627   2104.356    
         628   2206.555    
         629   2346.351    
         630   2556.046    
         631   3005.088    
         632   3345.576    
         633   3937.062    
         634   4481.420    
         635   4408.874    
         636   4159.465    
         637   3724.191    
         638   3244.436    
         639   2636.005    
         640   2379.712    
         641   2115.476    
         642   1881.423    
         643   1750.629    
         644   1658.491    
         645   1543.053    
         646   1483.216    
         647   1392.137    
         648   1323.298    
         649   1243.339    
         650   1202.565    
         651   1127.901    
         652   1085.009    
         653   1024.642    
         654   1009.815    
         655   972.7482    
         656   938.8583    
         657   911.8522    
         658   876.9031    
         659   852.5447    
         660   868.4307    
         661   827.1273    
         662   801.7098    
         663   825.5386    
         664   794.8259    
         665   772.5856    
         666   789.5305    
         667   763.0540    
         668   756.6996    
         669   756.1701    
         670   700.0399    
         671   713.8076    
         672   717.5143    
         673   713.8076    
         674   684.6834    
         675   675.6814    
         676   674.6223    
         677   666.6794    
         678   656.0887    
         679   640.7324    
         680   609.4901    
         681   617.4330    
         682   582.4839    
         683   602.0766    
         684   590.9565    
         685   576.1296    
         686   547.0054    
         687   549.1235    
         688   552.8303    
         689   518.9402    
         690   539.0624    
         691   499.8771    
         692   518.4107    
         693   472.8711    
         694   475.5187    
         695   469.6939    
         696   464.3986    
         697   447.4536    
         698   442.1583    
         699   419.9180    
         700   417.7999    
         701   398.7368    
         702   397.1482    
         703   394.5005    
         704   360.6105    
         705   371.2011    
         706   360.6105    
         707   343.1360    
         708   355.3152    
         709   345.2541    
         710   339.4293    
         711   346.8427    
         712   328.3091    
         713   330.4273    
         714   305.0098    
         715   330.4273    
         716   298.6554    
         717   316.6595    
         718   296.5373    
         719   307.1279    
         720   289.1239    
         721   289.6534    
         722   284.3581    
         723   285.4171    
         724   293.8896    
         725   287.5353    
         726   293.3601    
         727   280.1218    
         728   275.3560    
         729   265.2950    
         730   285.4171    
         731   267.4131    
         732   265.2950    
         733   265.8245    
         734   273.2379    
         735   254.7043    
         736   260.5292    
         737   269.5312    
         738   255.2339    
         739   258.9406    
         740   256.8225    
         741   238.2889    
         742   257.8815    
         743   247.2909    
         744   243.5842    
         745   254.1748    
         746   236.1708    
         747   256.2929    
         748   236.7003    
         749   227.1687    
         750   255.7634    
         751   228.7573    
         752   231.9345    
         753   234.5822    
         754   237.7594    
         755   235.1117    
         756   217.1077    
         757   241.4661    
         758   214.9895    
         759   214.4600    
         760   233.5231    
         761   232.9936    
         762   227.1687    
         763   220.2849    
         764   223.4620    
         765   218.1667    
         766   219.7553    
         767   213.9305    
         768   228.7573    
         769   208.6352    
         770   215.5191    
         771   220.2849    
         772   223.9916    
         773   200.1627    
         774   207.0466    
         775   224.5211    
         776   195.3969    
         777   208.1056    
         778   208.6352    
         779   201.7513    
         780   212.3419    
         781   192.7492    
         782   202.2808    
         783   187.9835    
         784   204.3989    
         785   193.8083    
         786   192.7492    
         787   193.8083    
         788   190.1016    
         789   205.9875    
         790   181.0996    
         791   196.9855    
         792   203.3399    
         793   182.6882    
         794   200.6922    
         795   199.1036    
         796   192.2197    
         797   195.3969    
         798   203.8694    
         799   204.3989    
         800   187.4539    
         801   209.1647    
         802   199.6331    
         803   194.3378    
         804   205.4580    
         805   203.8694    
         806   207.0466    
         807   202.8103    
         808   207.0466    
         809   194.3378    
         810   207.5761    
         811   217.6372    
         812   185.3358    
         813   225.5802    
         814   194.8674    
         815   207.0466    
         816   193.8083    
         817   213.4009    
         818   185.8653    
         819   196.4560    
         820   198.0446    
         821   190.1016    
         822   197.5150    
         823   182.1586    
         824   192.7492    
         825   201.2217    
         826   183.7472    
         827   182.1586    
         828   180.5700    
         829   201.7513    
         830   174.7452    
         831   192.2197    
         832   176.8633    
         833   170.5089    
         834   185.3358    
         835   168.3908    
         836   191.1606    
         837   160.9774    
         838   172.0975    
         839   166.8022    
         840   167.8613    
         841   175.8043    
         842   155.1525    
         843   156.7411    
         844   158.3297    
         845   174.2157    
         846   150.3868    
         847   135.0304    
         848   172.6271    
         849   153.5639    
         850   149.8572    
         851   149.8572    
         852   140.8552    
         853   145.6210    
         854   137.6780    
         855   143.5029    
         856   135.5599    
         857   135.5599    
         858   133.9713    
         859   149.8572    
         860   119.1444    
         861   123.3807    
         862   131.3237    
         863   126.5579    
         864   121.2626    
         865   118.0854    
         866   121.2626    
         867   115.9673    
         868   121.7921    
         869   110.6720    
         870   110.1424    
         871   102.7290    
         872   81.54776    
         873   82.60682    
         874   70.42760    
         875   70.42760    
         876   69.36855    
         877   64.07323    
         878   69.89808    
         879   62.48465    
         880   64.07323    
         881   68.30949    
         882   63.01418    
         883   59.30746    
         884   65.13230    
         885   63.54371    
         886   61.95511    
         887   58.77793    
         888   60.36652    
         889   58.24840    
         890   56.13028    
         891   63.01418    
         892   59.30746    
         893   54.01215    
         894   60.36652    
         895   57.18933    
         896   57.18933    
         897   54.01215    
         898   56.13027    
         899   55.07121    
         900   49.77590    
         901   61.42558    
         902   55.07121    
         903   46.59872    
         904   51.36449    
         905   55.60074    
         906   52.42356    
         907   54.54168    
         908   55.60074    
         909   50.30544    
         910   52.42356    
         911   59.30746    
         912   48.18731    
         913   44.48059    
         914   54.54168    
         915   49.24637    
         916   52.42356    
         917   54.54168    
         918   48.18731    
         919   56.65981    
         920   49.24637    
         921   54.01215    
         922   59.30746    
         923   54.54168    
         924   84.19541    
         925   104.8471    
         926   8.472494    
         927  0.0000000E+00
         928  0.0000000E+00
         929  0.0000000E+00
         930  0.0000000E+00
         931  0.0000000E+00
         932  0.0000000E+00
         933  0.0000000E+00
         934  0.0000000E+00
         935  0.0000000E+00
         936  0.0000000E+00
         937  0.0000000E+00
         938  0.0000000E+00
         939  0.0000000E+00
         940  0.0000000E+00
         941  0.0000000E+00
         942  0.0000000E+00
         943  0.0000000E+00
         944  0.0000000E+00
         945  0.0000000E+00
         946  0.0000000E+00
         947  0.0000000E+00
         948  0.0000000E+00
         949  0.0000000E+00
         950  0.0000000E+00
         951  0.0000000E+00
         952  0.0000000E+00
         953  0.0000000E+00
         954  0.0000000E+00
         955  0.0000000E+00
         956  0.0000000E+00
         957  0.0000000E+00
         958  0.0000000E+00
         959  0.0000000E+00
         960  0.0000000E+00
         961  0.0000000E+00
         962  0.0000000E+00
         963  0.0000000E+00
         964  0.0000000E+00
         965  0.0000000E+00
         966  0.0000000E+00
         967  0.0000000E+00
         968  0.0000000E+00
         969  0.0000000E+00
         970  0.0000000E+00
         971  0.0000000E+00
         972  0.0000000E+00
         973  0.0000000E+00
         974  0.0000000E+00
         975  0.0000000E+00
         976  0.0000000E+00
         977  0.0000000E+00
         978  0.0000000E+00
         979  0.0000000E+00
         980  0.0000000E+00
         981  0.0000000E+00
         982  0.0000000E+00
         983  0.0000000E+00
         984  0.0000000E+00
         985  0.0000000E+00
         986  0.0000000E+00
         987  0.0000000E+00
         988  0.0000000E+00
         989  0.0000000E+00
         990  0.0000000E+00
         991  0.0000000E+00
         992  0.0000000E+00
         993  0.0000000E+00
         994  0.0000000E+00
         995  0.0000000E+00
         996  0.0000000E+00
         997  0.0000000E+00
         998  0.0000000E+00
         999  0.0000000E+00
        1000  0.0000000E+00
        1001  0.0000000E+00
        1002  0.0000000E+00
        1003  0.0000000E+00
        1004  0.0000000E+00
        1005  0.0000000E+00
        1006  0.0000000E+00
        1007  0.0000000E+00
        1008  0.0000000E+00
        1009  0.0000000E+00
        1010  0.0000000E+00
        1011  0.0000000E+00
        1012  0.0000000E+00
        1013  0.0000000E+00
        1014  0.0000000E+00
        1015  0.0000000E+00
        1016  0.0000000E+00
        1017  0.0000000E+00
        1018  0.0000000E+00
        1019  0.0000000E+00
        1020  0.0000000E+00
        1021  0.0000000E+00
        1022  0.0000000E+00
        1023  0.0000000E+00
        1024  0.0000000E+00
