 #   Y    A
           1  0.0000000E+00
           2  0.0000000E+00
           3  0.0000000E+00
           4  0.0000000E+00
           5  0.0000000E+00
           6  0.0000000E+00
           7  0.0000000E+00
           8  0.0000000E+00
           9  0.0000000E+00
          10  0.0000000E+00
          11  0.0000000E+00
          12  0.0000000E+00
          13  0.0000000E+00
          14  0.0000000E+00
          15  0.0000000E+00
          16  0.0000000E+00
          17  0.0000000E+00
          18  0.0000000E+00
          19  0.0000000E+00
          20  0.0000000E+00
          21  0.0000000E+00
          22  0.0000000E+00
          23  0.0000000E+00
          24  0.0000000E+00
          25  0.0000000E+00
          26  0.0000000E+00
          27  0.0000000E+00
          28  0.0000000E+00
          29  0.0000000E+00
          30  0.0000000E+00
          31  0.0000000E+00
          32  0.0000000E+00
          33  0.0000000E+00
          34  0.0000000E+00
          35  0.0000000E+00
          36  0.0000000E+00
          37  0.0000000E+00
          38  0.0000000E+00
          39  0.0000000E+00
          40  0.0000000E+00
          41  0.0000000E+00
          42  0.0000000E+00
          43  0.0000000E+00
          44  0.0000000E+00
          45  0.0000000E+00
          46  0.0000000E+00
          47  0.0000000E+00
          48  0.0000000E+00
          49  0.0000000E+00
          50  0.0000000E+00
          51  0.0000000E+00
          52  0.0000000E+00
          53  0.0000000E+00
          54  0.0000000E+00
          55  0.0000000E+00
          56  0.0000000E+00
          57  0.0000000E+00
          58  0.0000000E+00
          59  0.0000000E+00
          60  0.0000000E+00
          61  0.0000000E+00
          62  0.0000000E+00
          63  0.0000000E+00
          64  0.0000000E+00
          65  0.0000000E+00
          66  0.0000000E+00
          67  0.0000000E+00
          68  0.0000000E+00
          69  0.0000000E+00
          70  0.0000000E+00
          71  0.0000000E+00
          72  0.0000000E+00
          73  0.0000000E+00
          74  0.0000000E+00
          75  0.0000000E+00
          76  0.0000000E+00
          77  0.0000000E+00
          78  0.0000000E+00
          79  0.0000000E+00
          80  0.0000000E+00
          81  0.0000000E+00
          82  0.0000000E+00
          83  0.0000000E+00
          84  0.0000000E+00
          85  0.0000000E+00
          86  0.0000000E+00
          87  0.0000000E+00
          88  0.0000000E+00
          89  0.0000000E+00
          90  0.0000000E+00
          91  0.0000000E+00
          92  0.0000000E+00
          93  0.0000000E+00
          94  0.0000000E+00
          95  0.0000000E+00
          96  0.0000000E+00
          97  0.0000000E+00
          98  0.0000000E+00
          99  0.0000000E+00
         100  0.0000000E+00
         101  0.0000000E+00
         102  0.0000000E+00
         103  0.0000000E+00
         104  0.0000000E+00
         105  0.0000000E+00
         106  0.0000000E+00
         107  0.0000000E+00
         108  0.0000000E+00
         109  0.0000000E+00
         110  0.0000000E+00
         111  0.0000000E+00
         112  0.0000000E+00
         113  0.0000000E+00
         114  0.0000000E+00
         115  0.0000000E+00
         116  0.0000000E+00
         117  0.0000000E+00
         118  0.0000000E+00
         119  0.0000000E+00
         120  0.0000000E+00
         121  0.0000000E+00
         122  0.0000000E+00
         123  0.0000000E+00
         124  0.0000000E+00
         125  0.0000000E+00
         126  0.0000000E+00
         127  0.0000000E+00
         128  0.0000000E+00
         129  0.0000000E+00
         130  0.0000000E+00
         131  0.0000000E+00
         132  0.0000000E+00
         133  0.0000000E+00
         134  0.0000000E+00
         135  0.0000000E+00
         136  0.0000000E+00
         137  0.0000000E+00
         138  0.0000000E+00
         139  0.0000000E+00
         140  0.0000000E+00
         141  0.0000000E+00
         142  0.0000000E+00
         143  0.0000000E+00
         144  0.0000000E+00
         145  0.0000000E+00
         146  0.0000000E+00
         147  0.0000000E+00
         148  0.0000000E+00
         149  0.0000000E+00
         150  0.0000000E+00
         151  0.0000000E+00
         152  0.0000000E+00
         153  0.0000000E+00
         154  0.0000000E+00
         155  0.0000000E+00
         156  0.0000000E+00
         157  0.0000000E+00
         158  0.0000000E+00
         159  0.0000000E+00
         160  0.0000000E+00
         161  0.0000000E+00
         162  0.0000000E+00
         163  0.0000000E+00
         164  0.0000000E+00
         165  0.0000000E+00
         166  0.0000000E+00
         167  0.0000000E+00
         168  0.0000000E+00
         169  0.0000000E+00
         170  0.0000000E+00
         171  0.0000000E+00
         172  0.0000000E+00
         173  0.0000000E+00
         174  0.0000000E+00
         175  0.0000000E+00
         176  0.0000000E+00
         177  0.0000000E+00
         178  0.0000000E+00
         179  0.0000000E+00
         180  0.0000000E+00
         181  0.0000000E+00
         182  0.0000000E+00
         183  0.0000000E+00
         184  0.0000000E+00
         185  0.0000000E+00
         186  0.0000000E+00
         187  0.0000000E+00
         188  0.0000000E+00
         189  0.0000000E+00
         190  0.0000000E+00
         191  0.0000000E+00
         192  0.0000000E+00
         193  0.0000000E+00
         194  0.0000000E+00
         195  0.0000000E+00
         196  0.0000000E+00
         197  0.0000000E+00
         198  0.0000000E+00
         199  0.0000000E+00
         200  0.0000000E+00
         201  0.0000000E+00
         202  0.0000000E+00
         203  0.0000000E+00
         204  0.0000000E+00
         205  0.0000000E+00
         206  0.0000000E+00
         207  0.0000000E+00
         208  0.0000000E+00
         209  0.0000000E+00
         210  0.0000000E+00
         211  0.0000000E+00
         212  0.0000000E+00
         213  0.0000000E+00
         214  0.0000000E+00
         215  0.0000000E+00
         216  0.0000000E+00
         217  0.0000000E+00
         218  0.0000000E+00
         219  0.0000000E+00
         220  0.0000000E+00
         221  0.0000000E+00
         222  0.0000000E+00
         223  0.0000000E+00
         224  0.0000000E+00
         225  0.0000000E+00
         226  0.0000000E+00
         227  0.0000000E+00
         228  0.0000000E+00
         229  0.0000000E+00
         230   1.588593    
         231   4.236247    
         232   9.531556    
         233   16.41546    
         234   15.35640    
         235   18.00405    
         236   17.47452    
         237   20.12217    
         238   22.76983    
         239   19.06311    
         240   25.41748    
         241   17.47452    
         242   21.71077    
         243   13.76780    
         244   23.29936    
         245   18.53358    
         246   17.47452    
         247   25.94701    
         248   34.94904    
         249   20.12217    
         250   19.59264    
         251   23.82889    
         252   18.00405    
         253   18.53358    
         254   25.94701    
         255   21.71077    
         256   19.59264    
         257   23.29936    
         258   28.59467    
         259   21.71077    
         260   25.94701    
         261   20.65170    
         262   24.88795    
         263   23.29936    
         264   24.35842    
         265   25.94701    
         266   28.06514    
         267   27.53561    
         268   21.18124    
         269   25.94701    
         270   20.65170    
         271   26.47654    
         272   38.12622    
         273   28.59467    
         274   23.29936    
         275   28.06514    
         276   32.83091    
         277   27.00607    
         278   30.18326    
         279   19.59264    
         280   27.00607    
         281   23.29936    
         282   26.47654    
         283   28.59467    
         284   34.94904    
         285   31.24232    
         286   34.94904    
         287   30.18326    
         288   30.18326    
         289   34.41951    
         290   25.94701    
         291   30.71279    
         292   37.59669    
         293   34.94904    
         294   31.77185    
         295   41.30341    
         296   42.89200    
         297   30.18326    
         298   38.12622    
         299   38.65575    
         300   31.24232    
         301   31.77185    
         302   32.30138    
         303   32.83091    
         304   50.30544    
         305   42.89200    
         306   39.18529    
         307   31.24232    
         308   34.94904    
         309   46.06919    
         310   55.60074    
         311   47.12825    
         312   50.83496    
         313   55.60074    
         314   40.24435    
         315   46.59872    
         316   42.89200    
         317   52.95309    
         318   54.54168    
         319   47.65778    
         320   67.25042    
         321   59.83699    
         322   61.95511    
         323   50.30544    
         324   61.42558    
         325   75.72292    
         326   68.83901    
         327   73.60479    
         328   85.78400    
         329   74.13432    
         330   83.66588    
         331   95.31556    
         332   94.25650    
         333   107.4948    
         334   113.8491    
         335   112.7901    
         336   116.4968    
         337   122.3216    
         338   141.9143    
         339   141.9143    
         340   139.2666    
         341   165.2136    
         342   157.2707    
         343   170.5089    
         344   200.6922    
         345   196.9855    
         346   178.9814    
         347   207.0466    
         348   202.8103    
         349   202.2808    
         350   189.5721    
         351   204.9285    
         352   210.7533    
         353   201.7513    
         354   207.5761    
         355   214.4600    
         356   194.3378    
         357   185.3358    
         358   221.8734    
         359   206.5170    
         360   194.8674    
         361   219.7553    
         362   196.9855    
         363   220.8144    
         364   206.5170    
         365   216.5781    
         366   206.5170    
         367   210.7533    
         368   216.0486    
         369   224.5211    
         370   225.0506    
         371   226.1097    
         372   229.2869    
         373   241.4661    
         374   243.5842    
         375   259.9997    
         376   266.8836    
         377   270.5903    
         378   275.8856    
         379   304.4803    
         380   291.2420    
         381   311.8937    
         382   307.6574    
         383   333.0749    
         384   312.4232    
         385   340.4883    
         386   325.1320    
         387   344.1951    
         388   334.6635    
         389   378.6146    
         390   382.3213    
         391   372.2602    
         392   362.7287    
         393   404.0321    
         394   366.4354    
         395   398.2072    
         396   370.1421    
         397   392.9119    
         398   391.8528    
         399   404.0321    
         400   389.7347    
         401   402.4435    
         402   419.9180    
         403   405.6207    
         404   429.9791    
         405   417.7999    
         406   446.9241    
         407   453.8080    
         408   446.9241    
         409   437.3925    
         410   462.8100    
         411   481.3436    
         412   469.6939    
         413   470.2234    
         414   481.3436    
         415   509.9382    
         416   474.4597    
         417   497.2295    
         418   504.6429    
         419   500.4067    
         420   497.2295    
         421   505.7020    
         422   529.5309    
         423   499.3476    
         424   510.9973    
         425   521.5879    
         426   518.4107    
         427   526.3537    
         428   500.4067    
         429   521.0584    
         430   515.2335    
         431   535.8853    
         432   515.2335    
         433   522.1174    
         434   519.4698    
         435   530.5900    
         436   525.2946    
         437   529.5309    
         438   542.7692    
         439   529.5309    
         440   526.3537    
         441   527.4128    
         442   517.3517    
         443   560.7732    
         444   549.6531    
         445   554.4188    
         446   585.1317    
         447   547.0054    
         448   589.3679    
         449   548.5940    
         450   586.7202    
         451   586.1907    
         452   596.2518    
         453   584.0726    
         454   604.7242    
         455   613.1968    
         456   643.3800    
         457   648.1458    
         458   635.4371    
         459   670.3861    
         460   666.6794    
         461   670.9156    
         462   672.5042    
         463   719.1030    
         464   731.8117    
         465   731.8117    
         466   778.9399    
         467   755.1110    
         468   810.1823    
         469   742.4023    
         470   777.8809    
         471   754.5815    
         472   801.1802    
         473   789.5306    
         474   785.8239    
         475   762.5245    
         476   803.2983    
         477   792.7077    
         478   769.9379    
         479   818.6547    
         480   768.3493    
         481   809.1232    
         482   749.8157    
         483   827.6567    
         484   822.8910    
         485   760.4064    
         486   782.1171    
         487   839.8360    
         488   819.7138    
         489   835.0702    
         490   829.2454    
         491   816.0071    
         492   849.3676    
         493   834.0111    
         494   897.0253    
         495   916.6180    
         496   851.4857    
         497   896.4958    
         498   953.6851    
         499   921.3837    
         500   929.3267    
         501   908.1454    
         502   996.5771    
         503   891.7300    
         504   1000.284    
         505   1006.109    
         506   951.0375    
         507   930.9153    
         508   980.1617    
         509   952.6260    
         510   1002.402    
         511   1007.168    
         512   1015.640    
         513   1024.113    
         514   1016.170    
         515   1011.404    
         516   1114.133    
         517   1071.771    
         518   1028.349    
         519   1097.188    
         520   1108.838    
         521   1091.893    
         522   1103.013    
         523   1119.958    
         524   1099.306    
         525   1114.662    
         526   1130.548    
         527   1161.261    
         528   1137.962    
         529   1173.440    
         530   1131.078    
         531   1150.141    
         532   1141.669    
         533   1150.141    
         534   1139.550    
         535   1115.722    
         536   1113.074    
         537   1104.601    
         538   1115.192    
         539   1096.129    
         540   1126.842    
         541   1097.188    
         542   1101.424    
         543   1108.838    
         544   1071.771    
         545   1092.952    
         546   1062.768    
         547   1077.066    
         548   1077.595    
         549   1070.711    
         550   1103.542    
         551   1050.060    
         552   1102.483    
         553   1085.538    
         554   1087.656    
         555   1127.371    
         556   1141.139    
         557   1149.082    
         558   1133.196    
         559   1173.970    
         560   1164.968    
         561   1177.147    
         562   1188.267    
         563   1142.728    
         564   1201.506    
         565   1221.628    
         566   1189.326    
         567   1219.510    
         568   1197.269    
         569   1236.455    
         570   1206.271    
         571   1211.567    
         572   1231.689    
         573   1201.506    
         574   1223.216    
         575   1251.281    
         576   1230.630    
         577   1242.279    
         578   1224.275    
         579   1239.102    
         580   1263.461    
         581   1223.746    
         582   1208.919    
         583   1223.216    
         584   1199.387    
         585   1217.391    
         586   1215.273    
         587   1200.447    
         588   1229.571    
         589   1201.506    
         590   1196.210    
         591   1195.681    
         592   1209.978    
         593   1200.976    
         594   1251.811    
         595   1202.035    
         596   1218.451    
         597   1175.559    
         598   1216.332    
         599   1196.210    
         600   1187.208    
         601   1194.092    
         602   1211.567    
         603   1188.797    
         604   1223.216    
         605   1187.738    
         606   1196.740    
         607   1200.447    
         608   1207.330    
         609   1187.208    
         610   1185.620    
         611   1217.921    
         612   1173.440    
         613   1160.202    
         614   1195.681    
         615   1173.970    
         616   1205.742    
         617   1220.569    
         618   1193.033    
         619   1197.799    
         620   1207.860    
         621   1270.345    
         622   1199.917    
         623   1251.811    
         624   1283.053    
         625   1309.530    
         626   1285.172    
         627   1316.414    
         628   1359.835    
         629   1387.371    
         630   1374.133    
         631   1433.440    
         632   1450.385    
         633   1499.102    
         634   1598.654    
         635   1624.601    
         636   1677.554    
         637   1763.338    
         638   1874.010    
         639   2023.867    
         640   2190.669    
         641   2358.531    
         642   2648.184    
         643   2935.719    
         644   3215.841    
         645   3528.264    
         646   3918.529    
         647   3876.166    
         648   3619.873    
         649   3141.177    
         650   2588.347    
         651   2314.580    
         652   2084.763    
         653   1917.431    
         654   1768.633    
         655   1609.774    
         656   1486.923    
         657   1377.839    
         658   1291.526    
         659   1207.330    
         660   1130.548    
         661   1054.826    
         662   1049.001    
         663   971.1596    
         664   929.8562    
         665   908.1454    
         666   859.4286    
         667   871.0783    
         668   817.0662    
         669   832.9521    
         670   827.1273    
         671   801.1802    
         672   773.6446    
         673   778.9399    
         674   747.6976    
         675   725.9868    
         676   727.5754    
         677   695.8036    
         678   692.6264    
         679   699.5103    
         680   662.4431    
         681   666.1498    
         682   678.3290    
         683   650.7935    
         684   648.6754    
         685   643.9095    
         686   624.3169    
         687   619.5511    
         688   608.4310    
         689   596.7813    
         690   580.8954    
         691   601.0176    
         692   571.8934    
         693   578.7772    
         694   565.0095    
         695   553.3597    
         696   536.4148    
         697   526.3537    
         698   540.1215    
         699   517.3517    
         700   489.8161    
         701   492.4637    
         702   498.2886    
         703   507.8201    
         704   461.2214    
         705   462.8100    
         706   464.3986    
         707   444.8059    
         708   450.6308    
         709   436.8630    
         710   440.5697    
         711   401.3844    
         712   419.9180    
         713   421.5066    
         714   375.4374    
         715   405.0911    
         716   369.0830    
         717   381.7918    
         718   368.0240    
         719   366.4354    
         720   332.5454    
         721   327.2501    
         722   319.3071    
         723   303.4212    
         724   312.9528    
         725   299.1849    
         726   301.8326    
         727   281.7104    
         728   289.1239    
         729   275.8856    
         730   272.7084    
         731   285.9467    
         732   272.1789    
         733   278.5332    
         734   271.6494    
         735   265.8245    
         736   264.2359    
         737   252.0567    
         738   273.7675    
         739   250.9976    
         740   248.8795    
         741   265.8245    
         742   251.5272    
         743   238.8184    
         744   257.3520    
         745   249.4090    
         746   241.4661    
         747   231.4050    
         748   248.8795    
         749   232.4641    
         750   238.2889    
         751   235.1117    
         752   235.6412    
         753   225.5802    
         754   235.6413    
         755   212.3419    
         756   239.3480    
         757   218.1667    
         758   211.8123    
         759   235.1117    
         760   205.9875    
         761   220.8144    
         762   213.4009    
         763   217.1077    
         764   208.1056    
         765   210.2238    
         766   217.1077    
         767   202.8103    
         768   198.5741    
         769   216.5781    
         770   199.1036    
         771   207.0466    
         772   203.8694    
         773   205.4580    
         774   193.8083    
         775   204.9285    
         776   204.9285    
         777   192.7492    
         778   189.5721    
         779   200.6922    
         780   189.0425    
         781   190.6311    
         782   203.8694    
         783   198.0446    
         784   178.4519    
         785   201.7513    
         786   175.8043    
         787   184.8063    
         788   191.1606    
         789   176.3338    
         790   184.8063    
         791   179.5110    
         792   193.8083    
         793   173.6861    
         794   180.0405    
         795   168.9203    
         796   175.8043    
         797   166.8022    
         798   167.8613    
         799   179.5110    
         800   178.9814    
         801   165.7432    
         802   181.6291    
         803   177.9224    
         804   157.2707    
         805   181.0996    
         806   162.5660    
         807   158.8593    
         808   173.1566    
         809   160.9774    
         810   177.9224    
         811   162.0365    
         812   162.5660    
         813   163.0955    
         814   171.5680    
         815   175.2747    
         816   166.8022    
         817   164.6841    
         818   174.2157    
         819   174.2157    
         820   171.0385    
         821   165.7432    
         822   178.9814    
         823   172.6271    
         824   168.3908    
         825   182.1586    
         826   165.7432    
         827   182.6882    
         828   173.1566    
         829   190.1016    
         830   169.9794    
         831   172.0975    
         832   183.7472    
         833   180.0405    
         834   174.7452    
         835   174.7452    
         836   196.9855    
         837   163.6250    
         838   184.8063    
         839   181.6291    
         840   176.3338    
         841   183.2177    
         842   173.6861    
         843   181.6291    
         844   181.6291    
         845   165.2136    
         846   174.2157    
         847   164.6841    
         848   182.6882    
         849   174.2157    
         850   175.8043    
         851   168.3908    
         852   170.5089    
         853   173.1566    
         854   184.2767    
         855   148.2686    
         856   162.0365    
         857   177.3929    
         858   163.0955    
         859   168.3908    
         860   149.3277    
         861   151.4458    
         862   173.1566    
         863   149.3277    
         864   160.9774    
         865   157.2707    
         866   151.4458    
         867   137.1485    
         868   140.8552    
         869   162.0365    
         870   140.8552    
         871   133.4418    
         872   153.5639    
         873   144.0324    
         874   133.4418    
         875   135.5599    
         876   135.0304    
         877   134.5008    
         878   130.7941    
         879   131.3237    
         880   128.6760    
         881   124.4398    
         882   126.5579    
         883   132.3827    
         884   122.8512    
         885   114.9082    
         886   115.4377    
         887   115.4377    
         888   127.6169    
         889   106.4357    
         890   110.1424    
         891   110.1424    
         892   108.5538    
         893   109.6129    
         894   101.1404    
         895   99.02228    
         896   97.96321    
         897   84.19541    
         898   68.83901    
         899   63.01418    
         900   71.48667    
         901   65.66183    
         902   58.24840    
         903   60.89605    
         904   56.65981    
         905   57.18933    
         906   57.18933    
         907   61.95511    
         908   55.60074    
         909   53.48262    
         910   53.48262    
         911   56.65981    
         912   54.54168    
         913   48.71684    
         914   51.89403    
         915   57.71887    
         916   45.01012    
         917   51.36449    
         918   54.01215    
         919   50.30544    
         920   49.24637    
         921   46.59872    
         922   47.65778    
         923   52.95309    
         924   51.36449    
         925   54.01215    
         926   47.65778    
         927   47.65778    
         928   56.65981    
         929   44.48059    
         930   45.01012    
         931   48.71684    
         932   46.59872    
         933   49.24637    
         934   52.42356    
         935   43.42153    
         936   52.95309    
         937   49.77590    
         938   48.18731    
         939   50.83496    
         940   56.13027    
         941   52.95309    
         942   80.48869    
         943   99.02228    
         944   6.883902    
         945  0.0000000E+00
         946  0.0000000E+00
         947  0.0000000E+00
         948  0.0000000E+00
         949  0.0000000E+00
         950  0.0000000E+00
         951  0.0000000E+00
         952  0.0000000E+00
         953  0.0000000E+00
         954  0.0000000E+00
         955  0.0000000E+00
         956  0.0000000E+00
         957  0.0000000E+00
         958  0.0000000E+00
         959  0.0000000E+00
         960  0.0000000E+00
         961  0.0000000E+00
         962  0.0000000E+00
         963  0.0000000E+00
         964  0.0000000E+00
         965  0.0000000E+00
         966  0.0000000E+00
         967  0.0000000E+00
         968  0.0000000E+00
         969  0.0000000E+00
         970  0.0000000E+00
         971  0.0000000E+00
         972  0.0000000E+00
         973  0.0000000E+00
         974  0.0000000E+00
         975  0.0000000E+00
         976  0.0000000E+00
         977  0.0000000E+00
         978  0.0000000E+00
         979  0.0000000E+00
         980  0.0000000E+00
         981  0.0000000E+00
         982  0.0000000E+00
         983  0.0000000E+00
         984  0.0000000E+00
         985  0.0000000E+00
         986  0.0000000E+00
         987  0.0000000E+00
         988  0.0000000E+00
         989  0.0000000E+00
         990  0.0000000E+00
         991  0.0000000E+00
         992  0.0000000E+00
         993  0.0000000E+00
         994  0.0000000E+00
         995  0.0000000E+00
         996  0.0000000E+00
         997  0.0000000E+00
         998  0.0000000E+00
         999  0.0000000E+00
        1000  0.0000000E+00
        1001  0.0000000E+00
        1002  0.0000000E+00
        1003  0.0000000E+00
        1004  0.0000000E+00
        1005  0.0000000E+00
        1006  0.0000000E+00
        1007  0.0000000E+00
        1008  0.0000000E+00
        1009  0.0000000E+00
        1010  0.0000000E+00
        1011  0.0000000E+00
        1012  0.0000000E+00
        1013  0.0000000E+00
        1014  0.0000000E+00
        1015  0.0000000E+00
        1016  0.0000000E+00
        1017  0.0000000E+00
        1018  0.0000000E+00
        1019  0.0000000E+00
        1020  0.0000000E+00
        1021  0.0000000E+00
        1022  0.0000000E+00
        1023  0.0000000E+00
        1024  0.0000000E+00
